日期,融资买入额(元),融资余额(元),融券卖出量,融券余量,融券余额(元),融资融券余额(元)
2017-07-12,16015964,514364423,3100,111747,2776913,517141336
2017-07-13,11692560,513744365,1800,110447,2761175,516505540
2017-07-14,13999154,511467103,3100,112147,2789096,514256199
2017-07-17,22172245,493032641,52000,150647,3371480,496404121
2017-07-18,14858987,491673437,13500,112747,2542445,494215882
2017-07-19,13873958,491557956,50800,159447,3636986,495194942
2017-07-20,15054417,491516479,4100,112747,2550337,494066816
2017-07-21,9398114,482886397,67700,161347,3665804,486552201
2017-07-24,10349433,482873252,4100,97747,2235474,485108726
2017-07-25,9515537,483742644,800,94447,2148669,485891313
2017-07-26,28248555,478826562,57200,141647,3364116,482190678
2017-07-27,39552020,493012644,11900,130500,3139830,496152474
2017-07-28,15636185,481578677,15300,123900,2911650,484490327
2017-07-31,18441907,483438460,1900,100500,2368785,485807245
2017-08-01,23489152,480213548,77500,176100,4205268,484418816
2017-08-02,21279231,476490418,7500,130500,3079800,479570218
2017-08-03,27444943,480241994,53100,161700,3888885,484130879
2017-08-04,15601399,476751988,1900,120500,2858260,479610248
2017-08-07,11266977,477165885,13100,131700,3159483,480325368
2017-08-08,13842227,477470614,31900,115500,2766225,480236839
2017-08-09,12742425,474778035,13100,106700,2495713,477273748
2017-08-10,15741887,471934253,1900,96200,2214524,474148777
2017-08-11,5966105,467144017,2200,85800,1955382,469099399
2017-08-14,16374178,473468343,57729,141329,3305685,476774028
2017-08-15,11997276,470106780,22400,121000,2841080,472947860
2017-08-16,22585239,477104444,32000,140600,3336438,480440882
2017-08-17,32066055,485470097,23000,121600,2914752,488384849
2017-08-18,21144227,475625497,32000,125600,3008120,478633617
2017-08-21,15263157,479730011,3000,96600,2318400,482048411
2017-08-22,18579794,481602267,2000,98600,2292450,483894717
2017-08-23,9676376,477493477,0,93600,2201472,479694949
2017-08-24,26457049,470557118,75000,158600,3828604,474385722
2017-08-25,25683962,480521678,10000,108500,2601830,483123508
2017-08-28,45525968,494905426,60100,153700,3781020,498686446
2017-08-29,21660286,487501549,14900,108500,2612680,490114229
2017-08-30,18991058,484963037,100,103700,2516799,487479836
2017-08-31,15674016,485776250,4900,108500,2602915,488379165
2017-09-01,16875662,481951235,10100,113700,2746992,484698227
2017-09-04,19322824,485411418,4900,108500,2624615,488036033
2017-09-05,17263792,484306869,100,93700,2253485,486560354
2017-09-06,55589384,502065771,54900,148500,3670920,505736691
2017-09-07,34336093,500943136,100,107500,2620850,503563986
2017-09-08,27582931,497093021,11100,114700,2805562,499898583
2017-09-11,25753877,504445580,3900,108600,2628120,507073700
2017-09-12,19833886,503814113,0,60000,1422000,505236113
2017-09-13,20090935,511697353,15000,75000,1795500,513492853
2017-09-14,41844911,520397551,51800,110000,2682900,523080451
2017-09-15,20003247,508117094,43600,93600,2252952,510370046
2017-09-18,18714213,510656092,400,94000,2248480,512904572
2017-09-19,8453414,490717995,10000,104000,2477280,493195275
2017-09-20,19087178,491349130,14600,118200,2830890,494180020
2017-09-21,33054791,481457759,40000,143600,3492352,484950111
2017-09-22,50004127,486089843,35000,128600,3275442,489365285
2017-09-25,23223122,473932963,0,103600,2599324,476532287
2017-09-26,76086950,483465082,45000,138600,3825360,487290442
2017-09-27,66538478,470149138,0,103600,2825172,472974310
2017-09-28,48564783,458921171,55000,158600,4286958,463208129
2017-09-29,33360408,451411869,0,96300,2559654,453971523
2017-10-09,57153830,462153122,58300,131900,3650992,465804114
2017-10-10,35707510,456178689,4000,97600,2686928,458865617
2017-10-11,39731289,445704477,81000,168600,4725858,450430335
2017-10-12,44017898,453647316,0,143600,4092600,457739916
2017-10-13,27198025,446030028,10300,123900,3434508,449464536
2017-10-16,27818768,434201309,5500,118600,3078856,437280165
2017-10-17,27626291,438831437,10000,123600,3246972,442078409
2017-10-18,16025449,433605655,25000,128600,3293446,436899101
2017-10-19,9464088,431070711,0,123600,3192588,434263299
2017-10-20,11657157,430152263,14600,123600,3201240,433353503
2017-10-23,12588011,428756492,0,103600,2667700,431424192
2017-10-24,9110461,430447627,2000,105600,2697024,433144651
2017-10-25,8395886,427287957,28400,113600,2935424,430223381
2017-10-26,12063930,423992160,0,93600,2421432,426413592
2017-10-27,7623408,422700039,1995,95595,2451056,425151095
2017-10-30,9320215,421902102,49000,132695,3284201,425186303
2017-10-31,10373132,422919945,5900,109595,2687269,425607214
2017-11-01,7635162,418304497,17700,126295,3137168,421441665
2017-11-02,8625994,419154854,1000,110495,2701603,421856457
2017-11-03,15939240,421130608,60000,158595,3963289,425093897
2017-11-06,38195836,431421808,17000,135595,3579708,435001516
2017-11-07,26074074,420049056,30000,153695,4131322,424180378
2017-11-08,27035397,429546066,0,123695,3308841,432854907
2017-11-09,18427507,428050539,1900,115595,3066735,431117274
2017-11-10,18827384,420089893,20000,133600,3531048,423620941
2017-11-13,18599916,416127409,20000,143600,3852788,419980197
2017-11-14,14572262,417689254,0,103600,2694636,420383890
2017-11-15,10579804,418457417,0,103600,2654232,421111649
2017-11-16,28516021,435751849,20000,123600,3198768,438950617
2017-11-17,19137070,425457873,44914,148514,3696513,429154386
2017-11-20,11347324,423895386,10000,128600,3073540,426968926
2017-11-21,10903904,422035704,30000,138600,3326400,425362104
2017-11-22,12975982,429134887,0,123600,2946624,432081511
2017-11-23,6513897,420570748,5000,128600,2944940,423515688
2017-11-24,4519678,414699147,0,123600,2855160,417554307
2017-11-27,5627586,414137040,0,123600,2827968,416965008
2017-11-28,8711008,414494746,10000,113600,2612800,417107546
2017-11-29,5925195,411432900,10000,123600,2785944,414218844
2017-11-30,9072818,408326765,0,113600,2488976,410815741
2017-12-01,8180931,407658774,0,113600,2487840,410146614
2017-12-04,8897393,403113285,1000,94600,1967680,405080965
2017-12-05,3536373,389234157,0,94600,1961058,391195215
2017-12-06,10015692,390114875,10000,103600,2222220,392337095
2017-12-07,2714717,386002282,0,93600,2006784,388009066
2017-12-08,3225775,379916129,0,93600,2028312,381944441
2017-12-11,8203097,378084119,0,93600,2076048,380160167
2017-12-12,2623427,373989744,0,83600,1855084,375844828
2017-12-13,3616940,372839810,10000,93600,2077920,374917730
2017-12-14,3405347,371213375,0,83600,1870132,373083507
2017-12-15,4943796,373075503,0,83600,1827496,374902999
2017-12-18,1502938,370933232,0,83600,1849232,372782464
2017-12-19,6302007,373045412,10000,93600,2111616,375157028
2017-12-20,5642305,371270626,20000,113600,2561680,373832306
2017-12-21,5255424,370642108,0,83600,1897720,372539828
2017-12-22,11350807,372559857,45600,119200,2777360,375337217
2017-12-25,5612531,373409636,0,83600,1901064,375310700
2017-12-26,4516521,375694929,20000,103600,2326856,378021785
2017-12-27,8007985,375458300,26600,90200,2070090,377528390
2017-12-28,8488929,377708331,0,73600,1669248,379377579
2017-12-29,5245924,378626825,0,73600,1664096,380290921
2018-01-02,5657861,376810556,10000,73600,1696480,378507036
2018-01-03,9263948,374649885,0,73600,1708256,376358141
2018-01-04,31100009,374316658,53700,123600,3155508,377472166
2018-01-05,26895048,379932512,20000,83600,2070772,382003284
2018-01-08,20408989,382785524,60000,123600,3096180,385881704
2018-01-09,16424753,379806361,10000,73600,1812768,381619129
2018-01-10,17030304,381606886,64500,128100,3139731,384746617
2018-01-11,36022504,390505319,10000,98600,2300338,392805657
2018-01-12,13608088,389369395,0,88600,2033370,391402765
2018-01-15,22941880,388799022,103100,176700,4191324,392990346
2018-01-16,11940985,389157075,0,83600,1944536,391101611
2018-01-17,14743986,388275007,70000,138600,3108798,391383805
2018-01-18,7406860,389855091,0,98600,2183004,392038095
2018-01-19,8703893,388256491,0,88600,1958946,390215437
2018-01-22,12830534,394358316,20000,93600,2079792,396438108
2018-01-23,11177145,398730798,25000,78600,1722912,400453710
2018-01-24,13852122,402642890,34800,93400,2081886,404724776
2018-01-25,52425614,404758563,70200,133800,3148314,407906877
2018-01-26,23454901,397401534,28900,97500,2194725,399596259
2018-01-29,34680360,404217714,92300,180000,4224600,408442314
2018-01-30,17269092,396105570,4800,93400,2229458,398335028
2018-01-31,20297153,395334084,25200,108800,2426240,397760324
2018-02-01,11590449,391785044,4800,78400,1683248,393468292
2018-02-02,8334030,393109662,42999,106599,2323858,395433520
2018-02-05,6500800,393106545,10000,73600,1582400,394688945
2018-02-06,7332920,384968761,13700,77300,1549865,386518626
2018-02-07,7304855,383594164,66300,129900,2577216,386171380
2018-02-08,8751481,385286912,0,83600,1672836,386959748
2018-02-09,5895779,374104047,20000,73600,1339520,375443567
2018-02-12,10146579,373796960,20000,73600,1362336,375159296
2018-02-13,4753530,370017568,0,73600,1338784,371356352
2018-02-14,1564785,365233548,0,30000,548100,365781648
2018-02-22,6896458,364579771,40000,62300,1179339,365759110
2018-02-23,5140715,365153924,10000,52300,983240,366137164
2018-02-26,18197980,372745598,7700,20000,387600,373133198
2018-02-27,15786417,372646377,105000,125000,2453750,375100127
2018-02-28,5670083,370599015,0,30000,582300,371181315
2018-03-01,10655336,368858696,51000,71000,1404380,370263076
2018-03-02,9078589,368667299,50000,80000,1560800,370228099
2018-03-05,11941727,376630854,0,20000,384200,377015054
2018-03-06,13122842,379967174,0,10000,196100,380163274
2018-03-07,21649454,380505524,93999,103999,2085180,382590704
2018-03-08,10692154,377860543,0,19000,382660,378243203
2018-03-09,30776498,392985769,0,19000,387790,393373559
2018-03-12,17006101,397579492,0,19000,390830,397970322
2018-03-13,19694082,391156930,75100,94100,1961985,393118915
2018-03-14,14139266,388866743,1000,11000,231220,389097963
2018-03-15,15639811,392366862,74000,85000,1806250,394173112
2018-03-16,9331188,385077752,0,40000,817600,385895352
2018-03-19,14396902,390362310,54900,64900,1381072,391743382
2018-03-20,15478163,389569240,60000,70000,1491000,391060240
2018-03-21,20103870,392836622,45000,75000,1582500,394419122
2018-03-22,13776572,393487037,40000,50000,1063500,394550537
2018-03-23,14510248,386186180,11400,21400,414090,386600270
2018-03-26,5736698,383412910,5000,20000,395000,383807910
2018-03-27,13014198,385797421,24902,34902,714095,386511516
2018-03-28,8661469,378022965,5000,15000,303600,378326565
2018-03-29,6408821,377298628,0,10000,204500,377503128
2018-03-30,14148836,380938599,65000,75000,1569000,382507599
2018-04-02,7747787,377703055,0,50000,1035500,378738555
2018-04-03,19942058,380350146,24700,74700,1701666,382051812
2018-04-04,80680490,394728829,35000,55000,1276000,396004829
2018-04-09,67392079,415292611,90000,110000,2514600,417807211
2018-04-10,35729636,416433592,22500,57500,1252350,417685942
2018-04-11,29551176,419836316,82500,102500,2255000,422091316
2018-04-12,32366409,422907434,2500,47500,1053075,423960509
2018-04-13,19368162,415148923,0,47500,1015075,416163998
2018-04-16,16850007,414491760,8700,43700,952223,415443983
2018-04-17,13444572,411394840,55600,91400,1901120,413295960
2018-04-18,12775993,411895578,10500,47900,998715,412894293
2018-04-19,16834009,411709327,32300,77700,1635585,413344912
2018-04-20,9178801,408386984,10900,47900,980034,409367018
2018-04-23,6546279,408585031,26000,61000,1248670,409833701
2018-04-24,11922582,412049062,9000,44000,912120,412961182
2018-04-25,7320351,409296274,0,44000,904200,410200474
2018-04-26,7656766,409238623,30000,74000,1484440,410723063
2018-04-27,5337890,405519081,0,54000,1090800,406609881
2018-05-02,5407988,404135694,0,35000,696850,404832544
2018-05-03,6617042,403080500,0,35000,704200,403784700
2018-05-04,6481369,398819399,20000,55000,1099450,399918849
2018-05-07,30624090,398846317,85500,120500,2549780,401396097
2018-05-08,15037904,395776371,20000,90000,1908000,397684371
2018-05-09,45393607,400628504,85000,155000,3399150,404027654
2018-05-10,39016841,391937697,20000,95000,2083350,394021047
2018-05-11,27108324,396335929,10000,105000,2283750,398619679
2018-05-14,14056610,394128568,0,75000,1629750,395758318
2018-05-15,15897068,392372612,0,45000,971100,393343712
2018-05-16,13751725,390367342,40000,85000,1800300,392167642
2018-05-17,49923247,395883253,95000,125000,2776250,398659503
2018-05-18,84156214,401630668,55000,150000,3664500,405295168
2018-05-21,94845004,437428696,25000,115000,2740450,440169146
2018-05-22,63485518,449183988,54300,154300,3650738,452834726
2018-05-23,47804181,444192491,10000,134300,3063383,447255874
2018-05-24,28668591,434631678,0,84300,1882419,436514097
2018-05-25,29206304,434088579,30000,89300,1981567,436070146
2018-05-28,20993650,431148636,10000,69300,1494108,432642744
2018-05-29,21476985,434694675,23006,72306,1518426,436213101
2018-05-30,16639370,427357001,5000,39300,788358,428145359
2018-05-31,16725979,412389111,80000,114300,2338578,414727689
2018-06-01,10805418,408627960,1500,30800,625856,409253816
2018-06-04,12508523,409009476,20000,50800,1040892,410050368
2018-06-05,18651310,414341392,0,50800,1057148,415398540
2018-06-06,19651514,417724979,85000,114300,2407158,420132137
2018-06-07,11531236,406544031,0,29300,597720,407141751
2018-06-08,6932378,403791786,28206,57506,1175998,404967784
2018-06-11,5535645,395731524,0,39206,787256,396518780
2018-06-12,8483101,393030022,20000,49300,1002762,394032784
2018-06-13,8992652,391591588,0,39300,780891,392372479
2018-06-14,6649569,390742715,0,29300,584535,391327250
2018-06-15,6012907,378560830,11300,38100,724281,379285111
2018-06-19,8219988,369210059,38957,67757,1159322,370369381
2018-06-20,7121779,362571380,12900,69257,1205072,363776452
2018-06-21,6835972,357166755,33500,102757,1695491,358862246
2018-06-22,6038045,357413051,19800,89057,1512188,358925239
2018-06-25,7479336,357800284,50000,114257,1974361,359774645
2018-06-26,5759935,358940992,0,64257,1118072,360059064
2018-06-27,13607465,361693110,85100,144357,2524804,364217914
2018-06-28,10071344,360562493,5000,79257,1367183,361929676
2018-06-29,13535745,361680807,0,54257,963604,362644411
2018-07-02,8708424,357188894,21600,75857,1319912,358508806
2018-07-03,11518175,359252263,4700,80557,1441970,360694233
2018-07-04,5032784,356650615,0,80557,1586167,358236782
2018-07-05,25102521,356110377,21953,81910,1522707,357633084
2018-07-06,23053157,362078104,40000,109910,1966290,364044394
2018-07-09,38613510,366740770,60000,139957,2754354,369495124
2018-07-10,31311919,369018570,24300,104257,2035097,371053667
2018-07-11,21504965,371327554,0,84257,1597513,372925067
2018-07-12,23789146,375150193,0,84257,1617734,376767927
2018-07-13,14216372,372279817,0,84257,1565495,373845312
2018-07-16,10308693,373111656,0,84257,1573921,374685577
2018-07-17,11405107,368506400,75000,159257,2994032,371500432
2018-07-18,11061745,367206643,4700,108957,2042944,369249587
2018-07-19,6862263,364509590,0,108957,2004809,366514399
2018-07-20,15853153,367503917,75000,148957,2836141,370340058
2018-07-23,13240609,368687052,0,69257,1312420,369999472
2018-07-24,18101682,367928289,75976,145233,2782664,370710953
2018-07-25,16297890,367162826,34000,103257,1980469,369143295
2018-07-26,13237706,365549011,45000,124257,2382007,367931018
2018-07-27,8941937,364676359,18600,77857,1480062,366156421
2018-07-30,9233085,359171598,40000,99257,1834269,361005867
2018-07-31,18059979,359774579,45000,104257,1998607,361773186
2018-08-01,12210028,356793939,0,59257,1061885,357855824
2018-08-02,9389539,356053341,0,56757,1022761,357076102
2018-08-03,7120168,357068297,42197,98954,1778203,358846500
2018-08-06,5351513,355248364,10000,69257,1205764,356454128
2018-08-07,8747761,350866106,61700,110957,2029404,352895510
2018-08-08,20338087,347552708,53500,107757,2001047,349553755
2018-08-09,16469770,352292010,35000,99457,1879737,354171747
2018-08-10,8755173,352159275,50800,125257,2357337,354516612
2018-08-13,6060890,351727858,0,64457,1207280,352935138
2018-08-14,14696210,356059516,65000,129457,2446737,358506253
2018-08-15,10623801,356689995,19800,99257,1862061,358552056
2018-08-16,20070947,358370552,60000,154257,3000299,361370851
2018-08-17,12283121,356822216,0,94257,1781457,358603673
2018-08-20,10478287,350361980,31100,115357,2083347,352445327
2018-08-21,7659992,351212249,0,84257,1529265,352741514
2018-08-22,7304857,353346646,20000,104257,1880796,355227442
2018-08-23,5750055,354056469,8800,93057,1675026,355731495
2018-08-24,4657426,350713029,52500,136757,2465729,353178758
2018-08-27,6042956,348596784,10000,94257,1716420,350313204
2018-08-28,5837952,349914855,9100,88357,1613399,351528254
2018-08-29,6155436,348540120,60900,149257,2762747,351302867
2018-08-30,4626629,342503243,0,104257,1884967,344388210
2018-08-31,3430681,341268112,0,84257,1504830,342772942
2018-09-03,2944366,341642923,20000,104257,1884967,343527890
2018-09-04,4882501,342303393,10000,94257,1710765,344014158
2018-09-05,3384216,342135086,55000,139257,2492700,344627786
2018-09-06,2772345,336476544,0,84257,1509885,337986429
2018-09-07,4090042,336271015,30000,114257,2053198,338324213
2018-09-10,4464886,337334353,0,74257,1314349,338648702
2018-09-11,9555747,338267792,85000,159257,2900070,341167862
2018-09-12,8168445,339690302,0,114257,2085190,341775492
2018-09-13,23765119,348346396,40000,154257,2906202,351252598
2018-09-14,9826012,347950430,0,74257,1381180,349331610
2018-09-17,12421406,336798590,50000,124257,2542298,339340888
2018-09-18,41423628,350619773,19998,114255,2279387,352899160
2018-09-19,37593054,354783982,55000,149257,3012006,357795988
2018-09-20,22550638,351999369,0,94257,1869116,353868485
2018-09-21,17170554,353615118,0,74257,1465833,355080951
2018-09-25,15566867,347654078,80000,154257,3048118,350702196
2018-09-26,20308194,350128474,0,84257,1665761,351794235
2018-09-27,17106168,350827552,0,84257,1606781,352434333
2018-09-28,9370360,340822774,0,74257,1415338,342238112
2018-10-08,18008895,345559158,45100,119357,2253460,347812618
2018-10-09,22587076,347138025,49900,164257,3229293,350367318
2018-10-10,28011924,351703158,5000,119257,2368444,354071602
2018-10-11,13928584,336050674,36100,150357,2686880,338737554
2018-10-12,14147984,327346618,13900,144257,2468237,329814855
2018-10-15,6658426,322577381,0,104257,1737964,324315345
2018-10-16,5280852,315257467,20000,104257,1692091,316949558
2018-10-17,4683652,308463938,2000,76257,1229263,309693201
2018-10-18,3430452,303244216,20000,94257,1460984,304705200
2018-10-19,5859175,302452056,2000,76257,1212486,303664542
2018-10-22,10807839,304124896,20000,94257,1560896,305685792
2018-10-23,4592690,303213465,0,74257,1208904,304422369
2018-10-24,5354923,303790240,0,74257,1199993,304990233
2018-10-25,4982837,301114684,0,74257,1185142,302299826
2018-10-26,4816573,300198123,0,74257,1195538,301393661
2018-10-29,1799181,296709268,100,74357,1185994,297895262
2018-10-30,3614457,295153908,0,74257,1185884,296339792
2018-10-31,9347438,298191469,37632,111889,1813721,300005190
2018-11-01,8650290,301322789,0,74257,1211132,302533921
2018-11-02,12354884,301448024,26500,100757,1677604,303125628
2018-11-05,12258881,302532740,47000,125757,2130324,304663064
2018-11-06,6177372,296892666,20000,94257,1571264,298463930
2018-11-07,5035888,296041827,900,75157,1238587,297280414
2018-11-08,5407837,296508087,22200,97357,1613205,298121292
2018-11-09,6094222,294455359,17800,92057,1482118,295937477
2018-11-12,10292196,299320201,2200,76457,1268422,300588623
2018-11-13,8874727,295276039,0,74257,1242320,296518359
2018-11-14,7429824,294358182,0,74257,1234894,295593076
2018-11-15,11026138,296621884,50000,124257,2107399,298729283
2018-11-16,9284047,292996874,0,74257,1254943,294251817
2018-11-19,14901978,296845350,49950,119907,2076789,298922139
2018-11-20,11416705,297483847,0,69957,1172479,298656326
2018-11-21,9585486,296789113,300,70257,1192964,297982077
2018-11-22,9158210,297110885,95000,165257,2830852,299941737
2018-11-23,7929244,294355334,0,89957,1444709,295800043
2018-11-26,4717117,291976732,10000,79957,1260122,293236854
2018-11-27,3713172,291805240,0,69957,1103921,292909161
2018-11-28,3360263,290081219,15000,84957,1358462,291439681
2018-11-29,4888220,291153017,15600,95557,1493556,292646573
2018-11-30,2797995,289485768,10000,79957,1265719,290751487
2018-12-03,9472849,290584842,27600,97557,1606764,292191606
2018-12-04,12389003,292277485,62400,159957,2687278,294964763
2018-12-05,7450534,290901470,0,129957,2155987,293057457
2018-12-06,8868901,292888055,0,69957,1150793,294038848
2018-12-07,3559085,292918151,4700,74657,1218402,294136553
2018-12-10,13630785,295902713,89200,163857,2706918,298609631
2018-12-11,5664170,295302192,0,94657,1541016,296843208
2018-12-12,2866058,294864332,0,74657,1213923,296078255
2018-12-13,4106530,292463950,30000,102457,1693614,294157564
2018-12-14,3554232,291846988,21800,92457,1479312,293326300
2018-12-17,4035425,291333589,0,67457,1086732,292420321
2018-12-18,2865970,290700867,0,67457,1064471,291765338
2018-12-19,2681472,290237991,0,67457,1042211,291280202
2018-12-20,1596172,290128163,0,67457,1043560,291171723
2018-12-21,2215576,288753541,3700,26200,400336,289153877
2018-12-24,2752485,288684365,2500,22500,347625,289031990
2018-12-25,3125975,285313631,20000,42500,641325,285954956
2018-12-26,975811,283630904,0,22500,335475,283966379
2018-12-27,6640628,285210792,77501,97501,1482015,286692807
2018-12-28,3750938,282946258,1000,30500,448960,283395218
2019-01-02,2492442,282158043,0,28000,409360,282567403
2019-01-03,2170034,279843304,0,28000,409640,280252944
2019-01-04,3963262,279602801,5000,33000,492690,280095491
2019-01-07,5358693,281172890,0,33000,500610,281673500
2019-01-08,3344797,280996817,21300,54300,825360,281822177
2019-01-09,8708607,283159438,0,28000,424200,283583638
2019-01-10,3564075,280157320,2000,30000,450300,280607620
2019-01-11,3277851,277967310,15700,45700,690984,278658294
2019-01-14,2384399,276391192,0,20000,299200,276690392
2019-01-15,4450795,277019244,20000,40000,609600,277628844
2019-01-16,4394033,278375542,0,40000,607200,278982742
2019-01-17,3651158,277182860,0,40000,598800,277781660
2019-01-18,5403403,277414831,9200,29200,442380,277857211
2019-01-21,5326384,279883708,10000,30000,458400,280342108
2019-01-22,3678408,279656264,0,20000,298600,279954864
2019-01-23,2082196,278268617,53300,73300,1099500,279368117
2019-01-24,3651874,272694013,0,20000,300200,272994213
2019-01-25,2712617,271379486,0,20000,292000,271671486
2019-01-28,7951514,272298035,10000,30000,447300,272745335
2019-01-29,2496759,270731928,0,20000,288000,271019928
2019-01-30,1330502,268745550,0,20000,286600,269032150
2019-01-31,4696734,268323634,0,20000,279000,268602634
2019-02-01,2096965,264270486,0,20000,285800,264556286
2019-02-11,2133680,263394843,10000,30000,442500,263837343
2019-02-12,4977266,265018630,0,20000,298000,265316630
2019-02-13,7025911,264276731,0,20000,300400,264577131
2019-02-14,8910616,267320328,30000,50000,759500,268079828
2019-02-15,7448085,269951290,0,20000,303000,270254290
2019-02-18,13728639,271901689,0,15000,232500,272134189
2019-02-19,14729532,274015032,63700,78700,1237164,275252196
2019-02-20,8306528,274702669,0,20000,315000,275017669
2019-02-21,13553873,275453792,0,20000,310200,275763992
2019-02-22,15152143,276078723,0,20000,316200,276394923
2019-02-25,24824698,279878131,37800,57800,965260,280843391
2019-02-26,39614807,287860357,0,20000,337800,288198157
2019-02-27,20638231,289220893,30000,45000,749250,289970143
2019-02-28,13683394,286814117,35000,45000,759600,287573717
2019-03-01,10323705,283468758,5000,20000,342000,283810758
2019-03-04,25837252,286901253,44800,59800,1027364,287928617
2019-03-05,13918871,282373533,5000,5000,87400,282460933
2019-03-06,29349353,290722618,40000,45000,801900,291524518
2019-03-07,27797470,290052538,0,0,0,290052538
2019-03-08,30345797,290535115,40000,40000,668800,291203915
2019-03-11,21807613,287129184,15000,15000,267600,287396784
2019-03-12,22982683,283262907,49200,54200,975600,284238507
2019-03-13,25807781,286288592,15000,15000,265650,286554242
2019-03-14,13571095,284450819,0,5000,86400,284537219
2019-03-15,9677614,287329417,0,5000,87600,287417017
2019-03-18,12184262,290005331,20000,20000,357600,290362931
2019-03-19,32072094,283880596,45000,65000,1209650,285090246
2019-03-20,22734902,285524874,0,15000,273750,285798624
2019-03-21,18141096,286890705,0,0,0,286890705
2019-03-22,14820641,286135090,0,0,0,286135090
2019-03-25,8971189,286397900,40000,40000,711200,287109100
2019-03-26,12827198,285169045,0,10000,171700,285340745
2019-03-27,10853070,287023805,42300,42300,730944,287754749
2019-03-28,8783053,287581260,0,0,0,287581260
2019-03-29,9843444,280339442,0,0,0,280339442
2019-04-01,19745137,286922363,10000,10000,178000,287100363
2019-04-02,16853622,289461112,0,0,0,289461112
2019-04-03,35189307,297039161,74948,74948,1394782,298433943
2019-04-04,25865002,299603023,0,15000,285750,299888773
2019-04-08,21268302,303751634,30000,45000,832500,304584134
2019-04-09,16744249,300669625,0,15000,276000,300945625
2019-04-10,13396092,298428935,0,15000,270450,298699385
2019-04-11,6720733,294293284,0,10000,176600,294469884
2019-04-12,5525746,295311059,0,10000,178400,295489459
2019-04-15,18091602,297494289,0,10000,196200,297690489
2019-04-16,83419721,311741970,55000,62500,1301250,313043220
2019-04-17,45733640,316370829,0,12500,255250,316626079
2019-04-18,33815440,322530905,10000,22500,444150,322975055
2019-04-19,17276609,323034487,0,0,0,323034487
2019-04-22,36545983,323449311,76000,76000,1545840,324995151
2019-04-23,27434139,318131581,0,3900,77025,318208606
2019-04-24,15884545,321893888,0,3900,77337,321971225
2019-04-25,19667079,319712081,30000,33900,650880,320362961
2019-04-26,12683722,313219630,0,0,0,313219630
2019-04-29,10962635,313459218,0,0,0,313459218
2019-04-30,11846460,314441473,0,0,0,314441473
2019-05-06,15855283,318017199,10000,10000,167300,318184499
2019-05-07,5747754,319408213,0,0,0,319408213
2019-05-08,3962731,317566064,0,0,0,317566064
2019-05-09,4514517,320303194,0,0,0,320303194
2019-05-10,10266308,322251175,5000,5000,86950,322338125
2019-05-13,12048421,323331603,9956,14956,263076,323594679
2019-05-14,13309889,319310592,0,5000,91000,319401592
2019-05-15,15450851,316539240,70000,70000,1286600,317825840
2019-05-16,8021326,316473104,0,10000,183000,316656104
2019-05-17,9141414,318727404,0,10000,176100,318903504
2019-05-20,2134767,317977815,0,10000,176000,318153815
2019-05-21,6133846,318471460,0,10000,180200,318651660
2019-05-22,4430721,318628069,0,10000,176500,318804569
2019-05-23,6104797,316491207,0,10000,169800,316661007
2019-05-24,1721323,314791916,0,10000,168300,314960216
2019-05-27,3888207,314308918,0,10000,172500,314481418
2019-05-28,2887486,313302651,0,10000,170800,313473451
2019-05-29,6940346,315385514,28900,38900,667524,316053038
2019-05-30,46057657,318189042,37100,56000,1057280,319246322
2019-05-31,71288921,330490009,20000,45000,864000,331354009
2019-06-03,31575860,322636072,1000,16000,289760,322925832
2019-06-04,17982333,322266696,0,15000,266400,322533096
2019-06-05,25189231,321039453,31000,46000,855600,321895053
2019-06-06,19178702,320676238,0,15000,273600,320949838
2019-06-10,20720690,314712864,31000,46000,855600,315568464
2019-06-11,35011680,323960216,30000,45000,850050,324810266
2019-06-12,47601759,337207246,31000,46000,896080,338103326
2019-06-13,25797853,330642892,24000,49000,956970,331599862
2019-06-14,21609659,327357172,1000,20000,371600,327728772
2019-06-17,19007237,338099927,0,19000,342570,338442497
2019-06-18,12295704,340932637,2100,21100,369672,341302309
2019-06-19,15890327,345475244,0,20300,357889,345833133
2019-06-20,19297340,342526140,3700,23800,432446,342958586
2019-06-21,34156941,354903060,47400,63500,1177290,356080350
2019-06-24,17027074,355046916,800,17000,315520,355362436
2019-06-25,33737098,360583436,64000,79800,1505028,362088464
2019-06-26,49692151,366148796,1400,50400,977760,367126556
2019-06-27,36636751,364215344,800,21000,391020,364606364
2019-06-28,15588539,352808822,200,21200,388596,353197418
2019-07-01,32314595,358529319,0,20200,379154,358908473
2019-07-02,32571454,360763110,63500,79700,1531037,362294147
2019-07-03,19210872,355090126,500,19700,361101,355451227
2019-07-04,19490635,360156102,0,19700,365238,360521340
2019-07-05,15356461,364174409,0,19700,363859,364538268
2019-07-08,19294179,348138893,500,18500,325230,348464123
2019-07-09,7172336,345629986,1700,20100,350946,345980932
2019-07-10,5363769,343983090,0,20100,348735,344331825
2019-07-11,16398361,347033780,63800,83400,1467840,348501620
2019-07-12,8087288,342201683,600,23800,413168,342614851
2019-07-15,11092924,339082664,400,23600,401672,339484336
2019-07-16,42101410,359484990,50100,73300,1372176,360857166
2019-07-17,26851419,378577294,0,63300,1303347,379880641
2019-07-18,0,376618155,0,63300,1433745,378051900
2019-07-19,0,372661074,0,63300,1577436,374238510
2019-07-22,0,370977787,0,63300,1735053,372712840
2019-07-23,0,368528811,0,63300,1908495,370437306
2019-07-24,0,363537244,0,63300,2099661,365636905
2019-07-25,181018997,386064440,108400,161100,4881330,390945770
2019-07-26,132190753,410849613,10600,171300,4671351,415520964
2019-07-29,80646709,426809347,400,131100,3487260,430296607
2019-07-30,53805556,429181138,1700,132400,3476824,432657962
2019-07-31,50720004,443875342,10400,103200,2657400,446532742
2019-08-01,40535334,429349004,0,81200,2108764,431457768
2019-08-02,49247039,426956371,4700,65500,1606060,428562431
2019-08-05,27968068,431114538,400,65300,1576995,432691533
2019-08-06,36400318,410899623,600,36500,849720,411749343
2019-08-07,44639785,416097430,93100,124000,2878040,418975470
2019-08-08,29605796,409827778,9500,103100,2377486,412205264
2019-08-09,46290014,414270616,11600,77000,1727880,415998496
2019-08-12,21209840,412561847,100,75900,1741905,414303752
2019-08-13,19085376,413331956,0,75900,1753290,415085246
2019-08-14,31797797,413220669,41200,117100,2705010,415925679
2019-08-15,26521097,414262697,600,84100,1921685,416184382
2019-08-16,58505370,409553274,57700,141200,3425512,412978786
2019-08-19,56791174,423771409,600,92900,2262115,426033524
2019-08-20,47840085,418670371,55500,128400,3184320,421854691
2019-08-21,47342882,415792274,10000,98400,2359632,418151906
2019-08-22,38475696,405132938,53500,141900,3401343,408534281
2019-08-23,34576989,409717822,400,92300,2125669,411843491
2019-08-26,49174552,404727650,40200,132500,3356225,408083875
2019-08-27,79700306,402026316,20200,93300,2356758,404383074
2019-08-28,38701735,406748218,0,73300,1817107,408565325
2019-08-29,39145719,413549357,0,73300,1778991,415328348
2019-08-30,27985897,404272686,2000,75000,1797750,406070436
2019-09-02,24694333,409449599,20400,92800,2238336,411687935
2019-09-03,22322762,408412916,0,72800,1753024,410165940
2019-09-04,46593968,412144178,53500,126300,3152448,415296626
2019-09-05,53005608,407830675,36100,98300,2472245,410302920
2019-09-06,34986276,408551215,0,98300,2422112,410973327
2019-09-09,34204709,401927799,33500,128300,3234443,405162242
2019-09-10,53692085,404137681,3500,101800,2581648,406719329
2019-09-11,34785810,405410343,10000,111600,2755404,408165747
2019-09-12,46117875,387954017,59000,170600,4433894,392387911
2019-09-16,117319281,397577306,0,110200,3008460,400585766
2019-09-17,92062321,398297838,58200,167900,4717990,403015828
2019-09-18,51203309,409363727,500,130200,3377388,412741115
2019-09-19,33664326,416991454,0,84100,2137822,419129276
2019-09-20,20832290,413492145,1000,85100,2170050,415662195
2019-09-23,26021522,409702984,20000,75900,1867899,411570883
2019-09-24,13270432,408857464,200,53000,1302210,410159674
2019-09-25,27909779,414926564,30000,83000,1977890,416904454
2019-09-26,27564894,423221633,49300,102300,2310957,425532590
2019-09-27,9196046,409349293,20000,91800,2132514,411481807
2019-09-30,10644297,407064483,0,52300,1176750,408241233
2019-10-08,16632984,401204175,66800,118100,2744644,403948819
2019-10-09,11937837,403004900,800,88200,2066526,405071426
2019-10-10,16888041,408025058,9700,61800,1455390,409480448
2019-10-11,36895159,401367834,109000,161400,3999492,405367326
2019-10-14,20731334,394823756,500,111300,2743545,397567301
2019-10-15,18261738,394416101,20000,131300,3093428,397509529
2019-10-16,15388141,400488138,0,111300,2644488,403132626
2019-10-17,8016889,399658406,0,111300,2646714,402305120
2019-10-18,10649513,399880637,0,111300,2592177,402472814
2019-10-21,3987402,397316321,0,111100,2568632,399884953
2019-10-22,6374149,396909184,200,111100,2565299,399474483
2019-10-23,29314926,403590722,10200,121300,2806882,406397604
2019-10-24,16002008,396832859,10000,111300,2517606,399350465
2019-10-25,8782038,395871140,10700,112000,2561440,398432580
2019-10-28,10619965,395255534,10500,102500,2345200,397600734
2019-10-29,18770562,380063963,19600,111600,2627064,382691027
2019-10-30,8131405,378487451,0,101600,2364232,380851683
2019-10-31,6618336,376580135,10000,111600,2599164,379179299
2019-11-01,7412974,375737904,0,92000,2139000,377876904
2019-11-04,8247565,373414043,19200,111200,2628768,376042811
2019-11-05,10187252,378054177,0,111200,2606528,380660705
2019-11-06,6308865,379976518,0,111200,2554264,382530782
2019-11-07,4412741,379141152,0,88500,2035500,381176652
2019-11-08,1842673,369005761,0,88500,2239050,371244811
2019-11-11,105250458,405854623,66000,154500,3836235,409690858
2019-11-12,49850132,423044639,0,121200,2917284,425961923
2019-11-13,16895255,417245543,0,92000,2154640,419400183
2019-11-14,12583378,412979711,0,92000,2174880,415154591
2019-11-15,15087168,408757827,0,65900,1506474,410264301
2019-11-18,9754848,407332325,0,65900,1521631,408853956
2019-11-19,9470155,405923020,0,65900,1530857,407453877
2019-11-20,14317044,405509825,0,65900,1495271,407005096
2019-11-21,24814912,410811441,69200,135100,3085684,413897125
2019-11-22,16730894,414318036,0,85100,1884965,416203001
2019-11-25,14365646,414800524,31200,116300,2539992,417340516
2019-11-26,4963215,413231059,0,96300,2102229,415333288
2019-11-27,6113770,413466948,10000,106300,2313088,415780036
2019-11-28,5085918,413358150,0,106300,2308836,415666986
2019-11-29,9516728,414821235,0,96300,2066598,416887833
2019-12-02,4974022,414563760,0,96300,2057931,416621691
2019-12-03,10994022,419577327,0,96300,2033856,421611183
2019-12-04,5420747,418498101,0,96300,2061783,420559884
2019-12-05,14160169,423934838,10000,96300,2084895,426019733
2019-12-06,11993684,425166085,0,86300,1865806,427031891
2019-12-09,12064103,422860380,0,67100,1461438,424321818
2019-12-10,8729103,424341910,0,67100,1461438,425803348
2019-12-11,5270598,423958625,0,67100,1456070,425414695
2019-12-12,5847863,417936795,0,67100,1453386,419390181
2019-12-13,12327811,419107695,34200,97800,2142798,421250493
2019-12-16,10285914,420349638,9100,106900,2372111,422721749
2019-12-17,14472780,418914915,0,63600,1425276,420340191
2019-12-18,18727867,419168143,0,63600,1443720,420611863
2019-12-19,14758217,423549447,48800,112400,2554852,426104299
2019-12-20,13394231,424865818,0,77100,1717017,426582835
2019-12-23,11304598,420865752,0,70100,1507150,422372902
2019-12-24,6660958,421356056,0,70100,1528881,422884937
2019-12-25,8927260,420042909,0,70100,1549210,421592119
2019-12-26,24873118,431412827,14200,84300,1878204,433291031
2019-12-27,14197886,432213479,0,74300,1635343,433848822
2019-12-30,14476056,436685046,0,74300,1613053,438298099
2019-12-31,7271278,435397000,0,74300,1607109,437004109
2020-01-02,13736251,437572508,0,74300,1642773,439215281
2020-01-03,51402851,429270096,76942,151242,3511839,432781935
2020-01-06,111783723,457037788,20000,121300,3022796,460060584
2020-01-07,58287733,456388523,19937,117037,2787821,459176344
2020-01-08,89500206,451297308,54200,151300,3670538,454967846
2020-01-09,55214247,448978375,20000,124200,2941056,451919431
2020-01-10,34137385,440944446,0,91400,2114996,443059442
2020-01-13,16085956,444596906,0,84300,1949016,446545922
2020-01-14,20262916,444179285,24000,104800,2422976,446602261
2020-01-15,13008811,443229124,0,69600,1591056,444820180
2020-01-16,11229828,441646681,0,69600,1601496,443248177
2020-01-17,10387664,435365941,0,69600,1595928,436961869
2020-01-20,7626732,431346996,0,59600,1366032,432713028
2020-01-21,17942116,425577419,44000,103600,2392124,427969543
2020-01-22,8358541,419485985,1000,43600,991028,420477013
2020-01-23,12159782,408960092,0,43600,940888,409900980
2020-02-03,1726438,405239488,0,43600,846712,406086200
2020-02-04,15047346,404509470,0,42000,764400,405273870
2020-02-05,8135114,396981893,0,42000,772800,397754693
2020-02-06,13266008,390589649,0,42000,813540,391403189
2020-02-07,10298307,383494842,0,42000,810180,384305022
2020-02-10,12797161,385172702,69122,107122,2093164,387265866
2020-02-11,15348897,390970170,0,62200,1214144,392184314
2020-02-12,12848235,386380123,20000,68000,1345720,387725843
2020-02-13,17452606,385243191,0,64500,1270650,386513841
2020-02-14,9719817,381969502,0,44500,874425,382843927
2020-02-17,9898764,368355943,0,44500,894450,369250393
2020-02-18,13019202,364329701,0,44500,911360,365241061
2020-02-19,16498886,366560064,41200,75700,1528383,368088447
2020-02-20,20020878,369558307,0,34500,715185,370273492
2020-02-21,22661351,371874336,32000,66500,1382535,373256871
2020-02-24,24535622,375255083,20000,61500,1287195,376542278
2020-02-25,17696396,373719114,0,34500,707250,374426364
2020-02-26,11869004,373227891,10000,44500,902015,374129906
2020-02-27,11355850,373289119,0,44500,902015,374191134
2020-02-28,22788142,376588431,74200,118700,2264796,378853227
2020-03-02,6367200,372327833,0,44500,870865,373198698
2020-03-03,11459622,367127708,0,39500,800270,367927978
2020-03-04,9273045,362148704,10000,49500,999900,363148604
2020-03-05,17951455,366904684,0,49500,1018710,367923394
2020-03-06,14157130,363087360,20000,59500,1229270,364316630
2020-03-09,24339489,360355741,18100,57600,1091520,361447261
2020-03-10,15548543,358507411,0,39500,759585,359266996
2020-03-11,12374589,350439638,30000,69500,1353165,351792803
2020-03-12,11202898,353970681,0,39500,742995,354713676
2020-03-13,13521609,349233503,94198,123698,2269858,351503361
2020-03-16,10616968,346875895,0,44500,784090,347659985
2020-03-17,8642374,349170125,0,34500,598575,349768700
2020-03-18,6072327,349769976,0,34500,592365,350362341
2020-03-19,9505313,352008877,0,34500,594090,352602967
2020-03-20,7410320,349795447,30000,64500,1146165,350941612
2020-03-23,10078026,346912182,19000,63500,1080135,347992317
2020-03-24,12481106,350038875,0,63500,1121410,351160285
2020-03-25,8785363,350153910,0,53500,956045,351109955
2020-03-26,14374332,353395314,19000,72500,1297750,354693064
2020-03-27,11803506,353023585,0,56500,1014175,354037760
2020-03-30,9307996,355263256,0,53500,911105,356174361
2020-03-31,7358167,357615641,10000,54500,945030,358560671
2020-04-01,3030594,356640008,9000,53500,912175,357552183
2020-04-02,24792475,362860166,100000,134500,2457315,365317481
2020-04-03,12734750,355889855,0,54500,960290,356850145
2020-04-07,21206930,361880362,60000,104500,1889360,363769722
2020-04-08,9893006,360083433,0,34500,617895,360701328
2020-04-09,8337238,356160886,0,34500,621345,356782231
2020-04-10,5524317,348476259,0,34500,603060,349079319
2020-04-13,8626166,347963058,7800,42300,754209,348717267
2020-04-14,8937655,349861074,0,34500,618585,350479659
2020-04-15,9552827,352126880,0,34500,610995,352737875
2020-04-16,6114041,349845077,0,34500,603750,350448827
2020-04-17,5177231,348535254,0,34500,608580,349143834
2020-04-20,5570156,347072904,0,34500,603750,347676654
2020-04-21,4808871,345229833,1700,36200,621916,345851749
2020-04-22,8581339,343795420,0,34500,588225,344383645
2020-04-23,11586748,345950225,60000,94500,1639575,347589800
2020-04-24,8769195,340155938,0,34500,574080,340730018
2020-04-27,4792309,337115719,0,34500,570630,337686349
2020-04-28,6824227,327769406,0,34500,541995,328311401
2020-04-29,4095065,323907097,0,34500,543030,324450127
2020-04-30,7082031,322967973,0,34500,569250,323537223
2020-05-06,5784705,319542984,5600,40100,680898,320223882
2020-05-07,8135659,320257617,0,34500,586500,320844117
2020-05-08,11015906,317573099,10000,44500,784980,318358079
2020-05-11,4206745,314268847,0,34500,601680,314870527
2020-05-12,1989322,308606635,0,34500,591675,309198310
2020-05-13,4365688,308628438,0,34500,590640,309219078
2020-05-14,7346233,312867401,45000,79500,1365015,314232416
2020-05-15,7542044,312763508,0,44500,752940,313516448
2020-05-18,6488209,310293716,0,34500,588570,310882286
2020-05-19,12091444,313821571,10000,44500,765400,314586971
2020-05-20,4862568,309595066,0,34500,575460,310170526
2020-05-21,4151969,309684889,0,34500,576840,310261729
2020-05-22,2544267,306955604,0,34500,557520,307513124
2020-05-25,1678545,304751901,5000,39500,647010,305398911
2020-05-26,4903566,306401212,0,34500,579945,306981157
2020-05-27,8715617,308596090,30000,64500,1108755,309704845
2020-05-28,3860771,308919986,0,34500,580635,309500621
2020-05-29,4325370,306516440,0,15000,253350,306769790
2020-06-01,9140160,307951109,0,15000,255750,308206859
2020-06-02,7700098,308272762,0,15000,258300,308531062
2020-06-03,9573640,307487045,0,15000,255600,307742645
2020-06-04,18363401,315231172,0,15000,259350,315490522
2020-06-05,6203960,315825833,0,15000,259200,316085033
2020-06-08,20080692,316162450,25000,40000,708000,316870450
2020-06-09,7365844,317409772,10000,25000,438000,317847772
2020-06-10,5249595,319159753,0,15000,257700,319417453
2020-06-11,3862669,318496371,0,15000,259350,318755721
2020-06-12,5952973,320034988,0,15000,256800,320291788
2020-06-15,6680784,322320669,0,15000,253200,322573869
2020-06-16,5558466,319531033,0,15000,262050,319793083
2020-06-17,5755668,316897989,0,15000,263850,317161839
2020-06-18,3854975,315273485,0,15000,264000,315537485
2020-06-19,9867403,317636832,0,15000,264300,317901132
2020-06-22,4611834,316456634,0,15000,262050,316718684
2020-06-23,5245482,317024679,0,15000,260700,317285379
2020-06-24,5374556,306764551,0,15000,261900,307026451
2020-06-29,4313684,306237534,0,15000,258150,306495684
2020-06-30,32898253,309642935,46000,61000,1137040,310779975
2020-07-01,18238942,310408387,0,15000,270900,310679287
2020-07-02,19052050,320217820,0,15000,273900,320491720
2020-07-03,15000884,320300186,16000,31000,571950,320872136
2020-07-06,27258856,324549034,14000,29000,557670,325106704
2020-07-07,27969347,327920491,0,15000,287700,328208191
2020-07-08,16476193,322768519,0,15000,289950,323058469
2020-07-09,43614754,329455394,30000,45000,917550,330372944
2020-07-10,21164038,325513479,0,15000,301200,325814679
2020-07-13,19765593,323626304,0,15000,307800,323934104
2020-07-14,28597362,333203022,0,15000,302250,333505272
2020-07-15,11441297,332943758,0,15000,294000,333237758
2020-07-16,30316393,332508813,11289,26289,503697,333012510
2020-07-17,11841640,334180226,0,15000,289050,334469276
2020-07-20,16445839,341472942,0,15000,295350,341768292
2020-07-21,7348076,339594566,0,15000,296100,339890666
2020-07-22,36741664,332657820,40000,55000,1194050,333851870
2020-07-23,50389857,344997324,4000,19000,406600,345403924
2020-07-24,58644789,350009477,20000,35000,778750,350788227
2020-07-27,44561811,368904159,4000,19000,400710,369304869
2020-07-28,21180377,368320539,0,15000,315150,368635689
2020-07-29,18139202,367001842,4000,19000,403180,367405022
2020-07-30,25527462,368394313,0,15000,325650,368719963
2020-07-31,22113668,375968683,0,15000,316950,376285633
2020-08-03,23304659,380421154,0,15000,322800,380743954
2020-08-04,15413462,377720301,4000,19000,403370,378123671
2020-08-05,97151222,391569344,20000,35000,811300,392380644
2020-08-06,26860299,382522764,6300,21300,486705,383009469
2020-08-07,34137982,394979350,0,17400,379146,395358496
2020-08-10,11934468,389946015,0,15100,332351,390278366
2020-08-11,15979550,390305163,0,15100,321932,390627095
2020-08-12,14638385,376905255,0,15100,312268,377217523
2020-08-13,12142727,380690854,20000,35100,720252,381411106
2020-08-14,7202871,376748112,0,15100,312419,377060531
2020-08-17,7350926,375790808,0,15100,318308,376109116
2020-08-18,5536441,376079459,2200,17300,365376,376444835
2020-08-19,15379217,373015363,1700,19000,391210,373406573
2020-08-20,8504385,375642897,0,15000,308700,375951597
2020-08-21,8191657,375311154,0,15000,304500,375615654
2020-08-24,10509623,377055651,1000,16000,334240,377389891
2020-08-25,11253820,372260053,0,15000,320700,372580753
2020-08-26,11437196,369315709,2200,17200,368940,369684649
2020-08-27,24365246,368494774,10100,25100,502000,368996774
2020-08-28,15572226,372849502,1100,26100,527742,373377244
2020-08-31,14860689,368007402,0,25000,524750,368532152
2020-09-01,15935518,376666087,4000,29000,595950,377262037
2020-09-02,12242030,370121250,0,25000,528250,370649500
2020-09-03,19359684,379593564,14000,29000,595660,380189224
2020-09-04,17323752,377026733,10000,25000,532750,377559483
2020-09-07,21008358,381309344,4000,29000,614800,381924144
2020-09-08,16103627,378914701,0,25000,540000,379454701
2020-09-09,18968550,376881096,4000,29000,591310,377472406
2020-09-10,9196416,372482264,0,25000,490000,372972264
2020-09-11,5934842,364415296,0,25000,500250,364915546
2020-09-14,8655748,366962390,1000,26000,523120,367485510
2020-09-15,6233948,366282491,1400,27400,545260,366827751
2020-09-16,7364253,363012508,0,16000,305600,363318108
2020-09-17,9237017,362666939,0,15000,294150,362961089
2020-09-18,7031971,361940567,0,15000,288900,362229467
2020-09-21,8790306,364454319,4000,19000,358340,364812659
2020-09-22,5271348,359291704,0,15100,277538,359569242
2020-09-23,5158690,361645747,0,15100,276028,361921775
2020-09-24,2960036,357510018,3100,18100,320551,357830569
2020-09-25,3811619,358366710,0,18100,324352,358691062
2020-09-28,2627743,355035962,0,18100,317474,355353436
2020-09-29,2821986,352657272,900,19000,334780,352992052
2020-09-30,2808087,350371449,0,16000,284000,350655449
2020-10-09,4912736,350716271,3000,19000,345990,351062261
2020-10-12,8716239,351720731,0,15000,278100,351998831
2020-10-13,5123759,353210774,400,15400,285670,353496444
2020-10-14,6992367,353694581,0,15100,282068,353976649
2020-10-15,4339255,345970438,0,15100,285088,346255526
2020-10-16,13494355,345049528,2000,17100,332766,345382294
2020-10-19,9046317,344969816,0,17100,321138,345290954
2020-10-20,5495833,346051824,0,17100,317376,346369200
2020-10-21,4585967,346541818,3900,21000,382200,346924018
2020-10-22,3342454,344836167,0,17000,308550,345144717
2020-10-23,4041670,345876480,0,17000,302770,346179250
2020-10-26,1644571,342194659,4000,21000,375900,342570559
2020-10-27,5634944,345963170,0,17100,306945,346270115
2020-10-28,2805579,347357389,0,15100,268478,347625867
2020-10-29,3620020,346458702,0,15100,266062,346724764
2020-10-30,5156052,344729529,0,15100,257153,344986682
2020-11-02,1790099,343573607,0,15100,257606,343831213
2020-11-03,5778285,345749151,0,15100,267723,346016874
2020-11-04,1711266,345456315,3900,19000,333830,345790145
2020-11-05,3111669,345327257,0,15000,264750,345592007
2020-11-06,3021976,342786897,0,15000,268200,343055097
2020-11-09,9157566,342557549,0,15000,272550,342830099
2020-11-10,29737643,348139197,34000,49000,965300,349104497
2020-11-11,18172882,352242339,0,45000,842850,353085189
2020-11-12,18507904,352131690,60300,105300,2051244,354182934
2020-11-13,16453919,355750185,1332,34032,642184,356392369
2020-11-16,14904002,358055012,40500,73232,1412645,359467657
2020-11-17,18279553,349409055,3400,36632,727512,350136567
2020-11-18,16495535,351963939,0,32732,644820,352608759
2020-11-19,31592697,359213017,0,32732,660859,359873876
2020-11-20,25150506,362835112,3900,18932,380533,363215645
2020-11-23,22460640,367279338,0,15032,301993,367581331
2020-11-24,28589520,368188372,51600,66632,1359293,369547665
2020-11-25,38668229,357197338,0,36632,743630,357940968
2020-11-26,31211979,366017365,0,15032,290719,366308084
2020-11-27,12153061,369014383,0,15032,291921,369306304
2020-11-30,14462084,370142665,0,15032,282902,370425567
2020-12-01,6713327,370950253,0,15032,285157,371235410
2020-12-02,7609766,371497343,600,15632,298102,371795445
2020-12-03,12599922,366605610,3500,18532,361559,366967169
2020-12-04,16384522,363578586,600,19132,380344,363958930
2020-12-07,9305727,363914623,0,18032,353788,364268411
2020-12-08,6695408,363223094,0,15532,297748,363520842
2020-12-09,6690721,361625699,3600,18832,356678,361982377
2020-12-10,3805289,359334698,300,16732,317071,359651769
2020-12-11,9920818,357866171,2400,19132,356429,358222600
2020-12-14,5398706,358653952,0,15506,285310,358939262
2020-12-15,4116793,355061625,700,15906,284717,355346342
2020-12-16,1884662,353041413,0,15906,281536,353322949
2020-12-17,7461200,351330321,30000,45206,799242,352129563
2020-12-18,3067001,348608428,3900,19106,335501,348943929
2020-12-21,2886485,347311214,0,19106,337030,347648244
2020-12-22,3719287,339835565,0,15506,263912,340099477
2020-12-23,4133939,339896042,0,15206,260935,340156977
2020-12-24,4489023,341497642,3900,19106,328241,341825883
2020-12-25,2997047,339832846,0,15206,263368,340096214
2020-12-28,4066481,338758588,3900,19106,318688,339077276
2020-12-29,1997528,337283371,0,16906,284190,337567561
2020-12-30,3006497,336770712,0,16706,281162,337051874
2020-12-31,4092194,334527250,0,15206,259871,334787121
2021-01-04,7274312,338196806,3400,18406,319528,338516334
2021-01-05,4302645,337599258,500,18906,322158,337921416
2021-01-06,14917802,333840556,0,17906,320876,334161432
2021-01-07,8163496,333925175,0,15006,256603,334181778
2021-01-08,4348694,332865676,3900,18906,326318,333191994
2021-01-11,4990372,332448659,28300,47206,822801,333271460
2021-01-12,3966748,332332515,0,15006,265306,332597821
2021-01-13,6836524,332186562,3900,18906,340875,332527437
2021-01-14,8211302,333155813,0,15006,268457,333424270
2021-01-15,2879535,332638600,3900,18906,338039,332976639
2021-01-18,5627184,331769177,0,15006,273860,332043037
2021-01-19,5272948,329520723,3900,18906,342388,329863111
2021-01-20,4598588,324235834,0,18906,339552,324575386
2021-01-21,4615321,322528553,0,15000,276450,322805003
2021-01-22,5355405,315737547,4000,19000,360240,316097787
2021-01-25,5966931,317242385,0,19000,354920,317597305
2021-01-26,4032615,317451497,0,15000,274500,317725997
2021-01-27,2697035,317831603,0,15000,275700,318107303
2021-01-28,4191108,317396107,0,15000,266250,317662357
2021-01-29,1941779,313578033,0,15000,258900,313836933
2021-02-01,1244701,313631927,6000,21000,367290,313999217
2021-02-02,2453102,312825550,4000,19000,338770,313164320
2021-02-03,5981050,309273822,0,19000,348270,309622092
2021-02-04,6123186,309384426,0,15000,262500,309646926
2021-02-05,3065628,309480959,4000,19000,329080,309810039
2021-02-08,3525417,311208829,11000,26000,460460,311669289
2021-02-09,10267557,310190760,1200,16200,300348,310491108
2021-02-10,4962166,310404605,0,15000,274800,310679405
2021-02-18,16800443,316181503,4000,19000,361760,316543263
2021-02-19,8240343,315963974,0,15000,288300,316252274
2021-02-22,19617183,317532770,4000,19000,376770,317909540
2021-02-23,21801888,314208175,30000,45000,886500,315094675
2021-02-24,8621787,310236220,0,15000,289950,310526170
2021-02-25,4981234,310497945,4000,19000,361000,310858945
2021-02-26,6908460,314715506,0,15000,281550,314997056
2021-03-01,3797130,315183112,2600,17600,334400,315517512
2021-03-02,3414051,314974554,1400,16400,304548,315279102
2021-03-03,2174909,313114242,0,15000,285450,313399692
2021-03-04,20085124,311971588,15700,30700,602948,312574536
2021-03-05,25145845,317551709,0,26700,536403,318088112
2021-03-08,15646393,312843113,4000,30700,607553,313450666
2021-03-09,8509288,308489198,37000,63700,1198834,309688032
2021-03-10,5829226,309663757,4000,30700,576546,310240303
2021-03-11,4199870,310902415,0,26700,507300,311409715
2021-03-12,7137000,311910286,4000,30700,572862,312483148
2021-03-15,6690498,315950953,0,30300,566913,316517866
2021-03-16,4157748,317639005,400,27100,502705,318141710
2021-03-17,6403986,319889714,3600,30500,575230,320464944
2021-03-18,5512570,321166412,0,26700,496620,321663032
2021-03-19,4914169,317514198,4000,19000,348650,317862848
2021-03-22,3675479,316620690,0,15000,276900,316897590
2021-03-23,3280722,317798040,4000,19000,344280,318142320
2021-03-24,3757638,317162940,0,16800,301392,317464332
2021-03-25,3286699,317230574,0,16800,301560,317532134
2021-03-26,2900409,317060224,0,15000,268500,317328724
2021-03-29,5052144,317643102,35700,50700,926289,318569391
2021-03-30,7895575,319343899,0,26700,490479,319834378
2021-03-31,5191259,318678924,0,26700,484338,319163262
2021-04-01,4694176,320540996,0,15000,268350,320809346
2021-04-02,2855543,320955153,4000,19000,341620,321296773
2021-04-06,2990916,321376907,0,15000,270300,321647207
2021-04-07,1507738,321189636,4000,19000,343520,321533156
2021-04-08,2533736,321861599,0,18300,328119,322189718
2021-04-09,4092315,321825971,700,19000,344470,322170441
2021-04-12,1654729,320834173,0,18600,331080,321165253
2021-04-13,926795,320476470,0,18400,327336,320803806
2021-04-14,1175799,320850836,0,15000,268500,321119336
2021-04-15,3025717,320904563,4000,19000,339150,321243713
2021-04-16,2681674,320435933,0,19000,342950,320778883
2021-04-19,1509846,318524156,0,19000,344090,318868246
2021-04-20,2988703,318172628,0,15000,270450,318443078
2021-04-21,4268275,319280279,0,15000,267300,319547579
2021-04-22,1655733,319204100,4000,19000,336680,319540780
2021-04-23,942466,319052415,0,19000,334210,319386625
2021-04-26,4035431,318853009,0,19000,332500,319185509
2021-04-27,2804537,320088353,0,19000,328700,320417053
2021-04-28,3908923,318390631,0,16200,289980,318680611
2021-04-29,4265703,316263885,1200,16200,280746,316544631
2021-04-30,1741858,316737796,2800,19000,326420,317064216
2021-05-06,1605645,316388623,0,15000,261450,316650073
2021-05-07,2196436,315632361,4000,19000,333450,315965811
2021-05-10,5757981,317308894,30000,48200,876758,318185652
2021-05-11,2201495,315802777,0,15000,266250,316069027
2021-05-12,4541531,315205593,14000,29000,522000,315727593
2021-05-13,4998607,315140029,0,17200,309772,315449801
2021-05-14,3343022,315584305,1800,16800,304080,315888385
2021-05-17,2522942,315282838,0,15000,267150,315549988
2021-05-18,7237195,316756901,2600,17600,324720,317081621
2021-05-19,3165513,316028527,1400,19000,344470,316372997
2021-05-20,1570244,313328644,0,15000,267150,313595794
2021-05-21,2742808,313791024,0,15000,268800,314059824
2021-05-24,3375282,314566891,4000,19000,339150,314906041
2021-05-25,2543203,315091407,0,19000,340290,315431697
2021-05-26,29093056,323405678,30000,49000,913360,324319038
2021-05-27,12042248,320175380,20000,39000,740610,320915990
2021-05-28,4768677,319724526,0,19000,356630,320081156
2021-05-31,7441793,322743846,0,19000,359670,323103516
2021-06-01,7562020,325613439,0,15000,289350,325902789
2021-06-02,97659016,356394958,54000,69000,1597350,357992308
2021-06-03,68000505,347120965,0,45000,1100700,348221665
2021-06-04,48735681,328246415,20000,65000,1459900,329706315
2021-06-07,19968854,318793567,4000,49000,1094170,319887737
2021-06-08,25083872,325279586,0,45000,1034100,326313686
2021-06-09,27821398,321301133,29200,74200,1682856,322983989
2021-06-10,22527425,319769976,0,70300,1515668,321285644
2021-06-11,56241027,338201273,13700,64000,1488000,339689273
2021-06-15,73348364,376109335,20000,80000,1911200,378020535
2021-06-16,84205426,374045249,4000,61000,1604300,375649549
2021-06-17,43184815,361774896,0,55900,1431040,363205936
2021-06-18,47246293,372837178,4000,59900,1454971,374292149
2021-06-21,52545532,381705493,900,60000,1494600,383200093
2021-06-22,74516890,389309656,800,60800,1560736,390870392
2021-06-23,43526099,390400363,0,56800,1431360,391831723
2021-06-24,28148282,387995620,4000,60800,1447648,389443268
2021-06-25,21799746,388534539,0,60800,1419680,389954219
2021-06-28,26625388,392060917,0,60800,1430624,393491541
2021-06-29,31685545,393758906,0,60800,1426368,395185274
2021-06-30,11698810,389370528,0,56800,1305264,390675792
2021-07-01,10531384,373562762,1000,57800,1260040,374822802
2021-07-02,32072995,374797783,3000,60800,1364352,376162135
2021-07-05,13783038,373540835,0,56800,1297312,374838147
2021-07-06,32208990,392587173,4000,60800,1394752,393981925
2021-07-07,15692513,388142639,0,56800,1258688,389401327
2021-07-08,8199044,381030727,0,56800,1238808,382269535
2021-07-09,11545331,375933047,4000,49000,1069180,377002227
2021-07-12,16584449,374556059,0,49000,1094660,375650719
2021-07-13,21035200,379078249,0,49000,1109850,380188099
2021-07-14,12032799,377258315,0,49000,1095640,378353955
2021-07-15,11534856,372335553,0,45000,983250,373318803
2021-07-16,10218972,369196244,0,45000,990000,370186244
2021-07-19,7201455,359170362,4000,49000,1038310,360208672
2021-07-20,7111069,356430675,0,45000,920250,357350925
2021-07-21,9214034,357289028,0,45000,940050,358229078
2021-07-22,8092964,348251198,4000,49000,1024590,349275788
2021-07-23,8452270,347133414,0,15600,312780,347446194
2021-07-26,10924478,350983430,3400,18400,369472,351352902
2021-07-27,8618860,348382371,600,19000,381900,348764271
2021-07-28,6277195,346367375,0,19000,364420,346731795
2021-07-29,2510097,342457567,0,15000,295950,342753517
2021-07-30,3833306,340906962,4000,19000,381330,341288292
2021-08-02,6844969,337892372,0,17500,353675,338246047
2021-08-03,7811645,338071813,0,15000,297750,338369563
2021-08-04,7742062,340166332,0,15000,308250,340474582
2021-08-05,5414861,337550893,4000,19000,378480,337929373
2021-08-06,3302313,335352654,0,15000,299550,335652204
2021-08-09,4993685,335255131,0,15000,302400,335557531
2021-08-10,28290035,349899521,30000,45000,946800,350846321
2021-08-11,10487356,346874538,0,15000,317850,347192388
2021-08-12,9684546,346883426,0,15000,313650,347197076
2021-08-13,7566936,344683067,2000,17000,353600,345036667
2021-08-16,13721933,346482900,1900,18900,404082,346886982
2021-08-17,9163370,346740301,100,19000,387980,347128281
2021-08-18,3934989,344943125,0,15008,308715,345251840
2021-08-19,4415417,342589257,0,15008,300760,342890017
2021-08-20,5443868,340127896,33900,48908,987942,341115838
2021-08-23,11983754,339786319,0,15008,319070,340105389
2021-08-24,13710764,336195279,3900,18908,409358,336604637
2021-08-25,11461793,334293230,50000,68908,1490480,335783710
2021-08-26,10731927,336502378,0,15008,324173,336826551
2021-08-27,28406963,348690874,0,15008,339181,349030055
2021-08-30,21200426,348025039,0,15008,342633,348367672
2021-08-31,10819517,342015702,1700,16708,366908,342382610
2021-09-01,11058499,333478052,2200,17208,372553,333850605
2021-09-02,14141787,338771155,1700,16708,370249,339141404
2021-09-03,21976568,342338278,2200,18908,423539,342761817
2021-09-06,40731213,354930332,49999,68907,1633096,356563428
2021-09-07,21833558,354031039,0,15308,354533,354385572
2021-09-08,18234995,355557779,3600,18608,426123,355983902
2021-09-09,60081258,352454965,50300,65308,1615067,354070032
2021-09-10,43537178,364667419,3600,18608,425937,365093356
2021-09-13,18384349,367396949,300,17808,407803,367804752
2021-09-14,44165207,367157737,51100,68908,1645523,368803260
2021-09-15,68743401,391954871,0,15008,378052,392332923
2021-09-16,34623243,384526173,3900,18908,450199,384976372
2021-09-17,20217466,380775927,50000,65008,1532239,382308166
2021-09-22,22232439,381298128,0,15008,349086,381647214
2021-09-23,21176583,382661649,1800,16808,373978,383035627
2021-09-24,13064676,367961638,52100,68708,1550740,369512378
2021-09-27,19890379,370960456,0,18708,396797,371357253
2021-09-28,36524245,354895024,50200,68908,1753709,356648733
2021-09-29,33891378,348051556,0,15008,364094,348415650
2021-09-30,58551218,374856342,50000,65008,1672656,376528998
2021-10-08,132774962,377838394,3900,68908,2126501,379964895
2021-10-11,74947907,387763399,0,65008,1966492,389729891
2021-10-12,92858960,364339912,3900,68908,2109963,366449875
2021-10-13,51193359,331235637,0,65008,1770168,333005805
2021-10-14,45998141,354993869,3900,68908,1817793,356811662
2021-10-15,56608081,370367842,0,45008,1214316,371582158
2021-10-18,78950899,393395011,3900,48908,1370891,394765902
2021-10-19,64435071,397576407,20000,68908,1959744,399536151
2021-10-20,44848658,397061289,0,45008,1213416,398274705
2021-10-21,56392792,404053290,300,45308,1200662,405253952
2021-10-22,39825817,386666631,3600,48608,1202562,387869193
2021-10-25,39032514,376990832,300,48908,1291660,378282492
2021-10-26,35364840,377566420,0,47108,1258255,378824675
2021-10-27,20649557,376086836,1800,46808,1209519,377296355
2021-10-28,17012691,360372591,0,45008,1062189,361434780
2021-10-29,21287167,367034614,0,45008,1086043,368120657
2021-11-01,13884277,361883058,2600,47608,1172109,363055167
2021-11-02,16456371,363747670,1300,48908,1179661,364927331
2021-11-03,9786612,355686128,0,45008,1076141,356762269
2021-11-04,13432647,357623875,0,15008,351938,357975813
2021-11-05,13253893,351339787,0,15008,348486,351688273
2021-11-08,21860396,356593052,3900,18908,452468,357045520
2021-11-09,19128567,358680493,0,15008,356290,359036783
2021-11-10,33109145,369538596,3900,18908,452658,369991254
2021-11-11,18556569,363585052,0,15208,351457,363936509
2021-11-12,24725138,365842726,0,15008,348036,366190762
2021-11-15,14820978,357105885,0,15008,351187,357457072
2021-11-16,18442505,353536889,33900,48908,1168901,354705790
2021-11-17,24659718,359484675,0,46208,1106682,360591357
2021-11-18,19485829,358614327,2700,47708,1104917,359719244
2021-11-19,58727652,381198215,0,46408,1129571,382327786
2021-11-22,25554141,375293896,1900,48308,1187411,376481307
2021-11-23,21153440,370271219,600,47608,1150209,371421428
2021-11-24,42338884,369890896,0,45008,1135552,371026448
2021-11-25,23384568,370716269,0,45008,1121599,371837868
2021-11-26,34226237,371578479,3900,48908,1240796,372819275
2021-11-29,23716722,375340069,0,48908,1185530,376525599
2021-11-30,13484846,369679890,0,45008,1076591,370756481
2021-12-01,23147046,377792256,0,45008,1097745,378890001
2021-12-02,13656779,368709651,3900,48908,1164010,369873661
2021-12-03,10168073,365234758,0,46108,1098754,366333512
2021-12-06,10705344,367257346,0,16108,383854,367641200
2021-12-07,49588657,389875635,2800,18908,477049,390352684
2021-12-08,27285343,390015419,0,15008,377451,390392870
2021-12-09,32686263,405044124,0,15008,377601,405421725
2021-12-10,14401611,385949527,0,15008,373549,386323076
2021-12-13,17748239,384528026,0,15008,370397,384898423
2021-12-14,11990326,376596812,3900,18908,466839,377063651
2021-12-15,12846395,378578336,0,18808,463993,379042329
2021-12-16,25535707,383081161,100,18908,477427,383558588
2021-12-17,53377007,382243117,49800,68708,1782973,384026090
2021-12-20,29144103,379282105,0,15008,391259,379673364
2021-12-21,23821237,386252536,0,15008,393810,386646346
2021-12-22,41788121,393062322,3900,18908,495579,393557901
2021-12-23,32371153,396963747,0,18908,501629,397465376
2021-12-24,23358137,392808552,0,18908,483667,393292219
