日期,融资买入额(元),融资余额(元),融券卖出量,融券余量,融券余额(元),融资融券余额(元)
2017-07-12,91933995,2498908882,11200,495708,5794825,2504703707
2017-07-13,95281484,2507585696,20000,506008,5844392,2513430088
2017-07-14,216664309,2435193244,143700,627208,6541778,2441735022
2017-07-17,146654467,2407801908,35800,551808,5297355,2413099263
2017-07-18,111527212,2397217642,76900,603308,5936551,2403154193
2017-07-19,86766036,2366796653,61200,577408,5641276,2372437929
2017-07-20,91928716,2353690680,71700,580908,5652234,2359342914
2017-07-21,61573118,2339777750,0,510708,4994723,2344772473
2017-07-24,84309430,2353044547,40200,550508,5383967,2358428514
2017-07-25,64614778,2355082538,34100,534408,5258575,2360341113
2017-07-26,65492178,2359782271,4000,480108,4709859,2364492130
2017-07-27,251212030,2353180723,170700,604968,6303764,2359484487
2017-07-28,129555757,2359801765,0,429768,4387931,2364189696
2017-07-31,90875404,2334972563,42400,448208,4589649,2339562212
2017-08-01,160134982,2351140256,164500,552708,5803434,2356943690
2017-08-02,123112628,2343022377,40000,488208,5038304,2348060681
2017-08-03,176847288,2346555112,90900,536708,5624699,2352179811
2017-08-04,107433400,2339272845,40300,526808,5462998,2344735843
2017-08-07,96446863,2344656035,78000,544808,5676897,2350332932
2017-08-08,137969207,2349356489,115294,537402,5664217,2355020706
2017-08-09,101493127,2342263499,0,462108,4838270,2347101769
2017-08-10,165991285,2381837395,60000,481808,4890350,2386727745
2017-08-11,88475883,2333206214,7900,429308,4288786,2337495000
2017-08-14,92934866,2308832423,227000,618408,6400522,2315232945
2017-08-15,79391496,2292247873,0,419408,4382813,2296630686
2017-08-16,394316182,2360497018,295300,674708,7529739,2368026757
2017-08-17,0,2315219912,0,554908,6192771,2321412683
2017-08-18,0,2271206764,0,552908,6170451,2277377215
2017-08-21,461445144,2312764071,169268,681976,8129153,2320893224
2017-08-22,259837096,2307967076,59939,629247,7179707,2315146783
2017-08-23,197975519,2350967533,54200,672747,7561675,2358529208
2017-08-24,199058999,2372643546,63700,716247,7864391,2380507937
2017-08-25,128301182,2361225603,53700,614547,6901361,2368126964
2017-08-28,219918869,2331644792,158900,723447,8297936,2339942728
2017-08-29,128246320,2340127779,10000,582947,6604788,2346732567
2017-08-30,95237825,2314395490,97000,599347,6796594,2321192084
2017-08-31,109649366,2336164281,1000,558347,6286985,2342451266
2017-09-01,149331750,2320757337,181100,708947,8131621,2328888958
2017-09-04,218696609,2341571965,600,567547,6657325,2348229290
2017-09-05,143295095,2302571622,26300,548647,6358818,2308930440
2017-09-06,521821943,2370162595,263000,751647,9297872,2379460467
2017-09-07,593094133,2370232524,68900,662658,8448890,2378681414
2017-09-08,367569057,2450458280,69500,709258,9191982,2459650262
2017-09-11,242732867,2456108158,44900,638058,8173523,2464281681
2017-09-12,316926707,2443225551,62100,604764,7589788,2450815339
2017-09-13,165555415,2416510618,20400,584064,7271596,2423782214
2017-09-14,217355341,2429283713,98700,652764,8224825,2437508538
2017-09-15,217319699,2411473189,30000,609864,7354958,2418828147
2017-09-18,139517560,2451463223,23500,593064,7205727,2458668950
2017-09-19,154277102,2472840332,32700,613964,7244774,2480085106
2017-09-20,175728104,2481294339,86900,698064,8502419,2489796758
2017-09-21,114981746,2431352529,64700,610064,7296364,2438648893
2017-09-22,109508165,2416699852,88500,588764,7106381,2423806233
2017-09-25,88271882,2410371476,200,568964,6702395,2417073871
2017-09-26,80678733,2408098123,46500,591964,6908219,2415006342
2017-09-27,119525536,2393688895,101900,657364,7921236,2401610131
2017-09-28,165875405,2384068547,16900,600564,7260817,2391329364
2017-09-29,97598494,2309114920,61363,615047,7423617,2316538537
2017-10-09,273214990,2349761383,156266,710550,9059512,2358820895
2017-10-10,268656767,2425546702,30900,660650,8456319,2434003021
2017-10-11,193078856,2423844570,17400,639284,8003834,2431848404
2017-10-12,138130644,2456768080,36600,655084,8109940,2464878020
2017-10-13,96372878,2457821057,25600,649584,8041850,2465862907
2017-10-16,302105151,2419897421,130200,721484,8037330,2427934751
2017-10-17,121878809,2414231179,3400,625484,6824030,2421055209
2017-10-18,90094110,2391508182,94300,671784,7241831,2398750013
2017-10-19,78882368,2393442606,15000,652684,7016352,2400458958
2017-10-20,43188120,2381072275,2400,592384,6445137,2387517412
2017-10-23,54398099,2360422248,20300,611684,6649004,2367071252
2017-10-24,57227262,2323526153,52600,644884,7100171,2330626324
2017-10-25,39909359,2317192663,0,594384,6526336,2323718999
2017-10-26,70389744,2320959360,40100,579284,6291024,2327250384
2017-10-27,49446838,2295206663,0,531684,5768771,2300975434
2017-10-30,118577443,2302830047,189603,669687,6911168,2309741215
2017-10-31,70773562,2289637681,36100,555684,5734657,2295372338
2017-11-01,106481963,2269345887,146600,646484,6484233,2275830120
2017-11-02,67768068,2264234334,2000,537884,5244368,2269478702
2017-11-03,77869504,2250226959,28100,441068,4150450,2254377409
2017-11-06,154851672,2208553446,231700,608068,5253707,2213807153
2017-11-07,86111314,2185968350,2600,458991,4039120,2190007470
2017-11-08,113169189,2162310299,145700,544691,4869538,2167179837
2017-11-09,71015970,2154108382,0,378391,3367680,2157476062
2017-11-10,63154968,2131881055,22000,398568,3499427,2135380482
2017-11-13,75769967,2133094205,10000,399368,3498463,2136592668
2017-11-14,124607929,2109026918,164400,553768,5006062,2114032980
2017-11-15,111371096,2117425713,37944,430712,3945321,2121371034
2017-11-16,83708219,2086996673,65300,486012,4568513,2091565186
2017-11-17,125905329,2085011350,3000,421112,3941608,2088952958
2017-11-20,71579756,2100406735,67600,487212,4535944,2104942679
2017-11-21,130193921,2089150197,20900,468112,4503236,2093653433
2017-11-22,103106449,2101673913,1300,447912,4183498,2105857411
2017-11-23,90370125,2104479912,20000,424812,3840300,2108320212
2017-11-24,54299359,2099429262,2100,406812,3697920,2103127182
2017-11-27,123280033,2113119626,267603,634415,6007910,2119127536
2017-11-28,87735489,2130523251,10900,449915,4346177,2134869428
2017-11-29,67098094,2122058370,50300,498815,4738742,2126797112
2017-11-30,107504162,2128357762,0,460712,4252371,2132610133
2017-12-01,245737092,2188391720,308900,719612,7217707,2195609427
2017-12-04,178892576,2207018061,1400,567912,5491708,2212509769
2017-12-05,91312647,2179663175,12000,447312,4338926,2184002101
2017-12-06,183464068,2176392849,242300,589868,5945869,2182338718
2017-12-07,176337960,2184525140,159700,619568,6294810,2190819950
2017-12-08,183205464,2202978034,20000,528568,5312108,2208290142
2017-12-11,130228585,2212408134,104300,632868,6429938,2218838072
2017-12-12,75811505,2192722470,16700,519568,5185289,2197907759
2017-12-13,78562182,2214213799,30000,529368,5320148,2219533947
2017-12-14,120581817,2263850985,0,526368,5163670,2269014655
2017-12-15,81907029,2204685038,20500,546868,5441337,2210126375
2017-12-18,93622418,2221833287,200,476768,4619881,2226453168
2017-12-19,52215377,2223651975,110300,566268,5538101,2229190076
2017-12-20,62543115,2214591257,0,466468,4454769,2219046026
2017-12-21,72610868,2218171509,30421,492389,4628456,2222799965
2017-12-22,88407090,2233053214,83300,548889,4978422,2238031636
2017-12-25,58967399,2197588287,97800,616689,5852378,2203440665
2017-12-26,48042789,2204814464,4700,572489,5432920,2210247384
2017-12-27,220144253,2211228692,209400,781889,7850165,2219078857
2017-12-28,131651827,2220158552,25300,624789,6335360,2226493912
2017-12-29,302171745,2296328273,269025,849414,9037764,2305366037
2018-01-02,168198050,2314721427,47700,675789,7251215,2321972642
2018-01-03,159466276,2359257080,97700,773189,8234463,2367491543
2018-01-04,148603998,2339017777,64100,806389,8741257,2347759034
2018-01-05,161924419,2348865271,4400,700789,7652615,2356517886
2018-01-08,225112537,2390109491,44300,701289,7938591,2398048082
2018-01-09,186376630,2433097756,70000,747989,8235358,2441333114
2018-01-10,115743883,2427792166,22600,699589,7800417,2435592583
2018-01-11,114040820,2443616825,117200,793989,8805337,2452422162
2018-01-12,101791492,2465066496,2900,690790,7508887,2472575383
2018-01-15,236303189,2457789521,201600,882390,10068071,2467857592
2018-01-16,157092869,2477215256,10000,732390,8437132,2485652388
2018-01-17,162210383,2470706850,80000,768190,8565319,2479272169
2018-01-18,209619728,2446579141,132900,777290,9304161,2455883302
2018-01-19,141756922,2408763722,10000,672190,8106611,2416870333
2018-01-22,205965959,2363858414,269200,901390,11357514,2375215928
2018-01-23,131839198,2386653775,1000,697390,8808035,2395461810
2018-01-24,322786966,2365299089,244933,767523,10507389,2375806478
2018-01-25,278638900,2368976388,63000,595590,8010686,2376987074
2018-01-26,121821130,2375831598,144800,719590,9592135,2385423733
2018-01-29,467337254,2357401184,122700,683690,8976850,2366378034
2018-01-30,424759179,2361588365,168660,745250,8987715,2370576080
2018-01-31,214094550,2342772815,55400,656190,7756165,2350528980
2018-02-01,198654660,2228305169,175800,765390,9077525,2237382694
2018-02-02,165860507,2145733018,110000,690890,8235408,2153968426
2018-02-05,176709205,2155610375,170424,747514,8671162,2164281537
2018-02-06,207133277,2093969820,164304,784394,8189074,2102158894
2018-02-07,205744444,2082330854,90500,596390,6077214,2088408068
2018-02-08,98537104,2012049053,142200,665590,7035286,2019084339
2018-02-09,139677573,1984496699,173500,656590,6986117,1991482816
2018-02-12,115852114,1956469674,166400,704590,7926638,1964396312
2018-02-13,77533583,1912181730,93801,679691,7578555,1919760285
2018-02-14,36437545,1884289762,2800,549690,6118050,1890407812
2018-02-22,110067565,1909365276,182200,694090,7843217,1917208493
2018-02-23,111445713,1949971589,21300,570390,6291402,1956262991
2018-02-26,151427937,1963735101,221400,770190,8803272,1972538373
2018-02-27,342778480,1978857080,122100,677290,8330667,1987187747
2018-02-28,256317832,2010962293,155100,684790,8484548,2019446841
2018-03-01,247545673,2006164064,215800,755590,9618660,2015782724
2018-03-02,221912299,2035500267,20000,632290,7859365,2043359632
2018-03-05,198153242,2024862409,213000,773990,9868373,2034730782
2018-03-06,209397547,1952038920,6000,627590,7782116,1959821036
2018-03-07,179056197,1987614432,41600,653590,8091445,1995705877
2018-03-08,151788741,1988899755,30014,633104,7875814,1996775569
2018-03-09,699759183,2173180071,259118,812808,11119214,2184299285
2018-03-12,542019781,2130308663,183797,688987,9714717,2140023380
2018-03-13,397033680,2185788226,555566,1137253,15614483,2201402709
2018-03-14,283634560,2208812462,240000,1202256,16206412,2225018874
2018-03-15,322083362,2235979379,277796,1299552,18232715,2254212094
2018-03-16,239999590,2155366681,353400,1243959,16594414,2171961095
2018-03-19,224231096,2135864456,234200,1331159,18010581,2153875037
2018-03-20,237241459,2148815479,273200,1376559,18900154,2167715633
2018-03-21,232458432,2127800852,172800,1358859,17964116,2145764968
2018-03-22,207314411,2156702143,167906,1380465,18084091,2174786234
2018-03-23,276170767,2134062141,113500,1316752,15866862,2149929003
2018-03-26,165479524,2086469703,202500,1410352,18094816,2104564519
2018-03-27,235781037,1995767640,138501,1394453,18908783,2014676423
2018-03-28,193336304,1941155158,156000,1404156,19040355,1960195513
2018-03-29,214152823,1973074076,94100,1229156,17048393,1990122469
2018-03-30,396045073,1961379418,315765,1408221,21052905,1982432323
2018-04-02,381340662,1936062337,84561,1304017,19560255,1955622592
2018-04-03,474327857,2040373370,185200,1213956,17930130,2058303500
2018-04-04,331876555,2041190520,53700,1094190,15417137,2056607657
2018-04-09,338870794,2130136518,256202,1294992,18673785,2148810303
2018-04-10,282951543,2134945314,89800,1306492,18695902,2153641216
2018-04-11,322747171,2189940996,67200,1312292,18529563,2208470559
2018-04-12,199814510,2215370314,48100,1245492,17511617,2232881931
2018-04-13,203454195,2191638201,106600,1264492,17791402,2209429603
2018-04-16,372060251,2175194952,231500,1408392,20985041,2196179993
2018-04-17,302133441,2128622698,91000,1289192,18474122,2147096820
2018-04-18,365017395,2159427520,201000,1253590,18716099,2178143619
2018-04-19,310988342,2142109023,90500,1158090,17197637,2159306660
2018-04-20,308012818,2068784076,149600,1229690,17449301,2086233377
2018-04-23,308829410,2125315970,298600,1434190,19003018,2144318988
2018-04-24,192199659,2107494071,127000,1437790,19740856,2127234927
2018-04-25,204252327,2112166460,34100,1262090,16962490,2129128950
2018-04-26,165074996,2139219128,67600,1271190,16906827,2156125955
2018-04-27,156179227,2096851066,284900,1215090,15978434,2112829500
2018-05-02,151497867,2133410738,347840,1364030,18005196,2151415934
2018-05-03,204455857,2127972857,221300,1266290,16917635,2144890492
2018-05-04,134649725,2115461720,135400,1283690,16739318,2132201038
2018-05-07,244486598,2158148291,272200,1414190,19148132,2177296423
2018-05-08,158679672,2150155199,154000,1401890,19205893,2169361092
2018-05-09,173116251,2160484498,85004,1385194,18824785,2179309283
2018-05-10,197545027,2201498189,76700,1384590,18567353,2220065542
2018-05-11,191436160,2205844829,230102,1441292,19399791,2225244620
2018-05-14,340735183,2285703614,380356,1641746,20324816,2306028430
2018-05-15,232811846,2339625298,53500,1367990,17004116,2356629414
2018-05-16,162324095,2324020055,355900,1667990,20532958,2344553013
2018-05-17,116208710,2337044182,10000,1400490,16987944,2354032126
2018-05-18,132337958,2337642699,216200,1462690,17903326,2355546025
2018-05-21,184968665,2339202774,117000,1394690,17377838,2356580612
2018-05-22,114387781,2343420411,46000,1280990,15973946,2359394357
2018-05-23,191628260,2358208120,132662,1332452,15709609,2373917729
2018-05-24,267496099,2416120959,183000,1410490,16121901,2432242860
2018-05-25,90537534,2371124905,4000,1112390,12547760,2383672665
2018-05-28,112613013,2358161127,105800,1200090,13645024,2371806151
2018-05-29,99209809,2340810041,154800,1250990,14473954,2355283995
2018-05-30,136478186,2341268957,171923,1255213,13669269,2354938226
2018-05-31,112566582,2370789568,45500,1203590,13251526,2384041094
2018-06-01,80221172,2354051176,20200,1057990,11648470,2365699646
2018-06-04,97870713,2359373274,92100,1101390,12335568,2371708842
2018-06-05,103240352,2330686168,0,1022669,11627747,2342313915
2018-06-06,71825834,2312867025,40000,992469,11165277,2324032302
2018-06-07,81468810,2325660127,26300,988669,11102753,2336762880
2018-06-08,78486708,2315029720,42700,949369,10547490,2325577210
2018-06-11,52213547,2298596611,32500,947169,10504104,2309100715
2018-06-12,69865427,2306812115,82800,923069,10347604,2317159719
2018-06-13,60525577,2285245961,20000,903769,9914346,2295160307
2018-06-14,166619508,2315473745,191609,1052578,10831028,2326304773
2018-06-15,93582619,2313900240,25000,862273,8795185,2322695425
2018-06-19,73104038,2229913294,189700,923373,8910550,2238823844
2018-06-20,63882911,2205249571,0,840273,8268286,2213517857
2018-06-21,73579990,2187014707,115500,838873,7902184,2194916891
2018-06-22,77190307,2145961069,132000,941573,9265078,2155226147
2018-06-25,62904547,2137460930,69200,882373,8506076,2145967006
2018-06-26,110724907,2145184161,70300,822769,8342878,2153527039
2018-06-27,87164440,2150250837,98900,866269,8792631,2159043468
2018-06-28,100571356,2137325692,91800,881069,9013336,2146339028
2018-06-29,129359625,2158965201,95700,867069,9286309,2168251510
2018-07-02,90972172,2153068714,127400,921474,9712336,2162781050
2018-07-03,123707408,2152416842,130100,881574,9600341,2162017183
2018-07-04,95501883,2133976403,58500,830774,8615127,2142591530
2018-07-05,70204956,2133048411,45400,831574,8465424,2141513835
2018-07-06,105648379,2133347229,218800,963274,9979519,2143326748
2018-07-09,81637964,2116119407,30900,854774,9120438,2125239845
2018-07-10,79214627,2128526354,15400,850574,9092636,2137618990
2018-07-11,110576381,2114155969,121500,946674,9627675,2123783644
2018-07-12,117304918,2125024001,61100,933174,9788996,2134812997
2018-07-13,60915533,2104138194,46100,815074,8460469,2112598663
2018-07-16,95291473,2099057067,49300,818174,8680826,2107737893
2018-07-17,88261142,2105492229,19700,750774,7883128,2113375357
2018-07-18,120955817,2116670113,45000,740374,7773928,2124444041
2018-07-19,187304078,2147664288,391300,1096174,11981182,2159645470
2018-07-20,128832240,2110771402,43500,774274,8563471,2119334873
2018-07-23,115326936,2098443565,149000,809774,9004687,2107448252
2018-07-24,172581317,2132007997,205500,899174,9917889,2141925886
2018-07-25,100889602,2135206779,91500,870174,9493598,2144700377
2018-07-26,91986821,2146097935,54100,833774,9079799,2155177734
2018-07-27,69304561,2141694324,50200,852974,9118292,2150812616
2018-07-30,133711655,2164978644,224400,996374,10053414,2175032058
2018-07-31,50603703,2145395002,20700,913674,9273791,2154668793
2018-08-01,62354216,2120055550,35900,892874,8839453,2128895003
2018-08-02,56531460,2094834442,78100,800374,7763628,2102598070
2018-08-03,40544426,2091800384,26900,807174,7692368,2099492752
2018-08-06,54316088,2098132889,23200,749674,7136896,2105269785
2018-08-07,62585032,2091610562,94093,814767,8017307,2099627869
2018-08-08,41653541,2077759104,36400,832267,8089635,2085848739
2018-08-09,100184703,2093771436,135100,854174,8610074,2102381510
2018-08-10,58755730,2081682078,3900,794474,8040077,2089722155
2018-08-13,97897917,2092344311,221200,950274,9692795,2102037106
2018-08-14,57656381,2080269559,29000,825374,8270248,2088539807
2018-08-15,63593478,2054717609,97200,813174,7855261,2062572870
2018-08-16,130831369,2067013381,372700,1087674,10974631,2077988012
2018-08-17,77893134,2057046101,113600,1038874,10492628,2067538729
2018-08-20,100520926,2042570240,60500,935174,9716458,2052286698
2018-08-21,105858901,2056706813,37200,810074,8287057,2064993870
2018-08-22,54704911,2053891518,114400,879074,8887438,2062778956
2018-08-23,81470905,2055178273,192100,951274,9798123,2064976396
2018-08-24,62246989,2029325861,78500,949874,9726710,2039052571
2018-08-27,107151635,2028525676,183200,955074,10076030,2038601706
2018-08-28,65599563,2032930599,15000,805074,8477429,2041408028
2018-08-29,50639116,2030576388,129500,930074,9747176,2040323564
2018-08-30,68445889,2035329799,40000,883074,8910217,2044240016
2018-08-31,55253180,2033839937,20800,833874,8255353,2042095290
2018-09-03,51780218,2027396922,103600,857474,8634763,2036031685
2018-09-04,54005929,2024089803,152500,914974,9277837,2033367640
2018-09-05,47861901,2018192625,20000,852474,8439493,2026632118
2018-09-06,60893018,2020367192,181700,920374,9286574,2029653766
2018-09-07,77857732,2012934727,80800,809874,8179728,2021114455
2018-09-10,50462652,2011352170,80700,732474,7178245,2018530415
2018-09-11,30597020,2005989711,46200,722674,7125566,2013115277
2018-09-12,107709045,2031916327,180500,826774,7730337,2039646664
2018-09-13,39516221,2029753791,6400,726974,6833556,2036587347
2018-09-14,31204159,2025190777,124600,725774,6785987,2031976764
2018-09-17,25978857,2016289501,132100,792774,7412437,2023701938
2018-09-18,37543553,2012405588,24700,707274,6704958,2019110546
2018-09-19,57880942,2000873918,154900,793574,7562760,2008436678
2018-09-20,35288426,2005881681,0,755474,7146785,2013028466
2018-09-21,57849823,1984069113,18600,702774,6739602,1990808715
2018-09-25,49115992,1998738352,7500,694474,6611392,2005349744
2018-09-26,64906930,1986831637,47700,645474,6170731,1993002368
2018-09-27,75837429,1996438134,18400,588774,5446160,2001884294
2018-09-28,32294748,1962836368,105100,660974,6140449,1968976817
2018-10-08,56673548,1956261280,111500,685874,6049409,1962310689
2018-10-09,21056497,1947333843,133200,799474,7051361,1954385204
2018-10-10,31036901,1936619081,22000,780874,6926352,1943545433
2018-10-11,72941109,1871143063,320400,1010574,8064381,1879207444
2018-10-12,88709719,1788600621,203600,619074,4593530,1793194151
2018-10-15,58124903,1778140605,208000,791674,5644636,1783785241
2018-10-16,37633274,1749432023,66700,737474,5140194,1754572217
2018-10-17,54373364,1744510507,70400,675176,4854515,1749365022
2018-10-18,56902646,1738188531,166300,717076,5205973,1743394504
2018-10-19,84283289,1748838418,98400,635876,4788146,1753626564
2018-10-22,92200632,1722213744,335000,832777,6645561,1728859305
2018-10-23,54192098,1723622249,41000,621177,4826546,1728448795
2018-10-24,33657906,1712614479,122500,710277,5533058,1718147537
2018-10-25,49655186,1714709613,45400,534477,4115473,1718825086
2018-10-26,36408980,1701992269,71200,547365,4225658,1706217927
2018-10-29,32258186,1700398437,136400,584465,4512070,1704910507
2018-10-30,58495884,1696412777,19300,508765,3932754,1700345531
2018-10-31,60269214,1693747824,183500,573765,4486843,1698234667
2018-11-01,85858728,1697373269,168500,452265,3554803,1700928072
2018-11-02,67532532,1653812220,118500,442265,3635419,1657447639
2018-11-05,81043083,1654724319,124398,436263,3594808,1658319127
2018-11-06,48345294,1656927983,58687,470550,3849100,1660777083
2018-11-07,52612144,1654887658,71000,332452,2706160,1657593818
2018-11-08,39246182,1640289384,82953,364605,2916840,1643206224
2018-11-09,33104485,1637489615,36400,315152,2527520,1640017135
2018-11-12,51436855,1624774548,133100,437752,3624587,1628399135
2018-11-13,126944966,1647046015,468000,845352,7168585,1654214600
2018-11-14,73592080,1624363679,1800,445952,3719240,1628082919
2018-11-15,73861682,1622030420,181400,526564,4481059,1626511479
2018-11-16,87035851,1607491085,60200,448652,3831489,1611322574
2018-11-19,60766372,1620247422,15600,311452,2625540,1622872962
2018-11-20,57247658,1629600783,119500,378152,3063032,1632663815
2018-11-21,35576005,1623891165,16700,368252,3001254,1626892419
2018-11-22,32429685,1622685702,1600,269852,2172309,1624858011
2018-11-23,53035687,1615572653,201500,450952,3413707,1618986360
2018-11-26,24329944,1604583232,40700,355352,2679355,1607262587
2018-11-27,37652541,1612244851,219800,560152,4268359,1616513210
2018-11-28,68792259,1600266925,178905,489857,3923755,1604190680
2018-11-29,58844235,1612637442,140900,515557,4000722,1616638164
2018-11-30,35795671,1598800411,37624,411681,3293448,1602093859
2018-12-03,80085916,1621167662,114254,446435,3651839,1624819501
2018-12-04,53431841,1634681442,46300,470335,3819120,1638500562
2018-12-05,34512283,1621694439,34407,430842,3442427,1625136866
2018-12-06,29571423,1618535515,199543,474685,3702543,1622238058
2018-12-07,22195695,1623960622,34300,320031,2496242,1626456864
2018-12-10,15599568,1623148131,15300,280231,2166186,1625314317
2018-12-11,20288802,1619279818,70700,340031,2655642,1621935460
2018-12-12,16990429,1613499593,1300,284631,2222968,1615722561
2018-12-13,59400748,1623537516,314600,573531,4588248,1628125764
2018-12-14,35150207,1615350276,2900,419931,3254465,1618604741
2018-12-17,23485352,1610733818,169600,580531,4528142,1615261960
2018-12-18,25848388,1610585275,14700,320581,2468474,1613053749
2018-12-19,17787884,1613422321,95200,412981,3130396,1616552717
2018-12-20,25667250,1613865139,21400,329081,2520761,1616385900
2018-12-21,24288293,1600926245,164302,463883,3562621,1604488866
2018-12-24,23429882,1603486073,14800,364883,2813247,1606299320
2018-12-25,39253695,1594619176,137600,407281,3079044,1597698220
2018-12-26,20203199,1590708273,45700,321281,2399969,1593108242
2018-12-27,129692383,1621293369,462800,736981,5711603,1627004972
2018-12-28,68386296,1602237572,126000,579381,4536553,1606774125
2019-01-02,138210217,1619465671,257000,718281,5904270,1625369941
2019-01-03,97052988,1624344870,134800,742381,6065253,1630410123
2019-01-04,114560790,1601135648,81600,640881,5383400,1606519048
2019-01-07,97509115,1592194720,44100,654581,5524664,1597719384
2019-01-08,97574947,1599355594,53800,594181,4836634,1604192228
2019-01-09,94149018,1610720908,232400,578381,4719589,1615440497
2019-01-10,63079067,1614885997,27200,467981,3781286,1618667283
2019-01-11,85194578,1600307778,46400,292081,2322044,1602629822
2019-01-14,58166491,1590758194,51200,283281,2215258,1592973452
2019-01-15,57051064,1596887851,182300,389581,3101065,1599988916
2019-01-16,70986419,1587919599,151900,408881,3271048,1591190647
2019-01-17,44323221,1572926152,21100,315781,2469408,1575395560
2019-01-18,45648096,1575605027,72400,379181,2991738,1578596765
2019-01-21,37372594,1562114090,96600,369781,2947155,1565061245
2019-01-22,29152006,1556471991,37000,340981,2697159,1559169150
2019-01-23,40414950,1560095314,76100,372881,2886099,1562981413
2019-01-24,47218048,1558862964,54500,363781,2859319,1561722283
2019-01-25,35215286,1542542576,10800,313181,2439680,1544982256
2019-01-28,33036085,1532747744,71100,366681,2860112,1535607856
2019-01-29,35027978,1536640906,47800,358181,2711430,1539352336
2019-01-30,32845609,1525375852,50622,353997,2601878,1527977730
2019-01-31,28189367,1519510677,54600,233375,1724641,1521235318
2019-02-01,28186138,1486956185,30000,232875,1781494,1488737679
2019-02-11,53955676,1469679591,82800,284175,2259191,1471938782
2019-02-12,51088218,1458809017,19200,203475,1646113,1460455130
2019-02-13,132645752,1458610686,238400,431675,3600170,1462210856
2019-02-14,81085992,1438456080,17000,241975,2020491,1440476571
2019-02-15,71560557,1415701095,60900,279475,2291695,1417992790
2019-02-18,109867597,1423650173,145800,390975,3311558,1426961731
2019-02-19,94683435,1431948837,33100,275275,2284783,1434233620
2019-02-20,132312048,1481766990,146900,358475,3029114,1484796104
2019-02-21,346465061,1579080640,330200,475775,4215367,1583296007
2019-02-22,334861444,1583673434,348800,544375,5247775,1588921209
2019-02-25,366330475,1640700164,280200,607675,6386664,1647086828
2019-02-26,297041422,1637384307,162100,463375,4656919,1642041226
2019-02-27,309005205,1702010151,362000,641475,6536630,1708546781
2019-02-28,146431837,1648364554,142400,507775,5118372,1653482926
2019-03-01,298576005,1688089569,389000,696430,7479659,1695569228
2019-03-04,808144667,2135992213,61900,463275,5471278,2141463491
2019-03-05,382343871,2223218444,50000,417375,5421701,2228640145
2019-03-06,0,2115400082,0,394575,5638477,2121038559
2019-03-07,0,2023899171,0,394575,6202719,2030101890
2019-03-08,905867125,2113471811,115000,469675,8120681,2121592492
2019-03-11,1028974543,2629773461,304700,621075,9663927,2639437388
2019-03-12,1712891720,2921943641,302600,641075,9808448,2931752089
2019-03-13,1309247244,3236416477,264500,591175,8288274,3244704751
2019-03-14,1132759730,3344777051,338400,624675,8870385,3353647436
2019-03-15,934900179,3139962303,277400,589175,7659275,3147621578
2019-03-18,661977923,3204849193,273616,568691,7523782,3212372975
2019-03-19,1041291881,3413646491,330500,631816,8756970,3422403461
2019-03-20,740146585,3351740316,313800,646116,8774255,3360514571
2019-03-21,995211568,3436153169,399700,756316,10361529,3446514698
2019-03-22,605652770,3295039763,185993,567909,7672450,3302712213
2019-03-25,560987415,3289602462,394600,734716,9830500,3299432962
2019-03-26,631348576,3333669693,243600,616916,7995231,3341664924
2019-03-27,655246347,3337864776,468400,834316,10453979,3348318755
2019-03-28,489579262,3318530175,175700,586716,7134467,3325664642
2019-03-29,581652737,3327565441,234800,587016,7455103,3335020544
2019-04-01,712479847,3205965420,519665,859781,11478077,3217443497
2019-04-02,832487997,3228030535,235500,588065,7821265,3235851800
2019-04-03,600788592,3175767942,479000,851600,11454020,3187221962
2019-04-04,860384563,3226204675,261700,600400,8435620,3234640295
2019-04-08,794084247,3334368062,139900,533500,7223590,3341591652
2019-04-09,450239384,3254675076,334674,729774,9815460,3264490536
2019-04-10,417183838,3211067469,124500,585400,7633616,3218701085
2019-04-11,352347457,3218157085,384200,808700,10513100,3228670185
2019-04-12,550298750,3212541258,372400,794100,10910934,3223452192
2019-04-15,576927985,3249169577,251200,735300,9603018,3258772595
2019-04-16,473604917,3291921618,346400,766000,10295040,3302216658
2019-04-17,950181639,3396588072,475200,866100,12177366,3408765438
2019-04-18,523558590,3379112279,116863,625863,8455409,3387567688
2019-04-19,416488375,3277539433,321200,757400,10383954,3287923387
2019-04-22,407400537,3266585776,191200,710100,9302310,3275888086
2019-04-23,228871375,3225683555,128200,590400,7627968,3233311523
2019-04-24,514040752,3274388723,637895,1010095,13737292,3288126015
2019-04-25,363263892,3223707532,183890,667190,8493329,3232200861
2019-04-26,283818742,3192972812,536000,971400,12375636,3205348448
2019-04-29,300718270,3121295638,231929,820729,9413762,3130709400
2019-04-30,239684166,3122316174,286800,794129,8711595,3131027769
2019-05-06,176964499,3054693103,271200,730000,7336500,3062029603
2019-05-07,197209252,3092169774,139300,602600,6086260,3098256034
2019-05-08,176033591,3093237031,340800,778600,7895004,3101132035
2019-05-09,129514344,3076725701,124500,651400,6572626,3083298327
2019-05-10,326083893,3111225045,446500,794100,8520693,3119745738
2019-05-13,156433589,3109452009,108700,516803,5390255,3114842264
2019-05-14,245255875,3106152739,513300,799100,8534388,3114687127
2019-05-15,199955883,3097443985,92300,498200,5385542,3102829527
2019-05-16,163173210,3097616002,335970,731870,7838328,3105454330
2019-05-17,181489492,2990589363,94219,452319,4514144,2995103507
2019-05-20,137242652,2968474501,378100,693319,7182785,2975657286
2019-05-21,146726891,2943700929,167600,552419,5855641,2949556570
2019-05-22,208020737,2975900759,439600,852019,9167724,2985068483
2019-05-23,160127094,2989153692,86400,568319,5859369,2995013061
2019-05-24,265298127,3020314795,546100,1009319,10769434,3031084229
2019-05-27,320435364,3064308613,221668,800187,8890077,3073198690
2019-05-28,231144048,3079659383,137200,652019,7198290,3086857673
2019-05-29,156580610,3092869909,121000,541119,5919842,3098789751
2019-05-30,176658277,3071264895,261089,646408,6903637,3078168532
2019-05-31,107459978,3044553472,278800,659308,6929327,3051482799
2019-06-03,152327664,3037148703,169300,529519,5501702,3042650405
2019-06-04,122043808,3026697818,174800,557519,5837224,3032535042
2019-06-05,151291876,3013077859,306300,705919,7454505,3020532364
2019-06-06,245097117,2988669911,514100,961719,10338479,2999008390
2019-06-10,196410440,2973719052,197600,749119,8225327,2981944379
2019-06-11,347251735,3022143048,287600,719319,8171464,3030314512
2019-06-12,207564029,2975660462,141000,551619,6100906,2981761368
2019-06-13,138497724,2970603926,243000,675519,7423954,2978027880
2019-06-14,157972328,2909587619,261600,704579,7531949,2917119568
2019-06-17,81938301,2887596359,118300,553853,5904073,2893500432
2019-06-18,66830766,2870750388,83100,462953,4884154,2875634542
2019-06-19,181359616,2796596666,491000,852153,9118037,2805714703
2019-06-20,232382008,2849694667,104200,586053,6417280,2856111947
2019-06-21,268808228,2806076336,229800,566453,6293293,2812369629
2019-06-24,178279235,2817892974,178100,528253,5868891,2823761865
2019-06-25,168534574,2828752003,216300,645753,7025793,2835777796
2019-06-26,102990570,2845120527,36800,620853,6705212,2851825739
2019-06-27,176604449,2859370801,353200,814153,8955683,2868326484
2019-06-28,125746482,2831596902,45500,544553,5870281,2837467183
2019-07-01,483351018,2878353999,796700,1107453,12813231,2891167230
2019-07-02,212227225,2765841403,114900,688553,7883932,2773725335
2019-07-03,166599280,2785144033,28700,583653,6519404,2791663437
2019-07-04,102049408,2797708890,22100,458953,5117326,2802826216
2019-07-05,78585102,2761349885,67800,426653,4769981,2766119866
2019-07-08,159742353,2751398566,238200,530053,5634463,2757033029
2019-07-09,123285313,2759184312,60417,451270,4720284,2763904596
2019-07-10,79995462,2754158199,43100,414453,4260577,2758418776
2019-07-11,68121710,2747889837,33800,412553,4278175,2752168012
2019-07-12,55111129,2736316881,33100,405753,4207659,2740524540
2019-07-15,156410512,2779215520,230800,512253,5455494,2784671014
2019-07-16,66412122,2757616666,137470,424223,4501006,2762117672
2019-07-17,112425343,2743591687,275500,597649,6394844,2749986531
2019-07-18,95488062,2754869399,227117,612066,6408331,2761277730
2019-07-19,80926952,2737084027,5600,407449,4274140,2741358167
2019-07-22,103576941,2728073033,90600,369649,3740848,2731813881
2019-07-23,51303389,2717703581,35300,354649,3645792,2721349373
2019-07-24,153129483,2708999623,484600,802049,8565883,2717565506
2019-07-25,111728852,2699630576,103700,563749,6026477,2705657053
2019-07-26,73422005,2704248674,48700,497649,5290009,2709538683
2019-07-29,110479431,2721356663,147200,543449,5825773,2727182436
2019-07-30,173167042,2729127968,335700,650349,7056287,2736184255
2019-07-31,94648110,2728763650,39300,420349,4468310,2733231960
2019-08-01,82613976,2722082938,133200,532249,5599259,2727682197
2019-08-02,118230011,2692340701,142800,556049,5671700,2698012401
2019-08-05,91606314,2696082454,148300,532249,5391682,2701474136
2019-08-06,142501426,2684450571,212300,612249,5932693,2690383264
2019-08-07,57848477,2659050362,156668,615517,5835102,2664885464
2019-08-08,59944334,2655166502,23800,571317,5444651,2660611153
2019-08-09,67184862,2640497786,120600,652717,6063741,2646561527
2019-08-12,94879369,2637175113,143800,666949,6369363,2643544476
2019-08-13,51533113,2624392264,50200,598249,5599611,2629991875
2019-08-14,87547928,2638047605,49100,586349,5511681,2643559286
2019-08-15,123993505,2648931375,371900,863049,8250748,2657182123
2019-08-16,139099242,2663090072,176900,576749,5559860,2668649932
2019-08-19,241002041,2674417670,347300,673049,6885291,2681302961
2019-08-20,147166701,2650108585,11400,558349,5600240,2655708825
2019-08-21,174854441,2631139474,495000,887249,9085430,2640224904
2019-08-22,90076883,2628239823,16400,709149,7190771,2635430594
2019-08-23,68609107,2593784150,96700,470949,4709490,2598493640
2019-08-26,75612345,2581241691,87900,444956,4351670,2585593361
2019-08-27,105440496,2579745156,265400,482256,4822560,2584567716
2019-08-28,58285603,2564327894,280600,544556,5396550,2569724444
2019-08-29,116783696,2520262342,370400,716756,7174728,2527437070
2019-08-30,162198576,2494182139,561500,994856,9978406,2504160545
2019-09-02,159480913,2493670994,600200,1304656,13451003,2507121997
2019-09-03,179660434,2498858014,297200,1271056,13231693,2512089707
2019-09-04,146544895,2480263176,197700,1104056,11482182,2491745358
2019-09-05,672495781,2643569178,699600,1336556,14795675,2658364853
2019-09-06,440353351,2687903685,440600,1356656,15262380,2703166065
2019-09-09,533410238,2653672906,450200,1549956,18816466,2672489372
2019-09-10,423036513,2628514539,206701,1419657,17035884,2645550423
2019-09-11,251280969,2654089862,248054,1483610,17684632,2671774494
2019-09-12,411628309,2632295340,454400,1560110,19142550,2651437890
2019-09-16,326054806,2641185251,301300,1482110,18200311,2659385562
2019-09-17,414177825,2635264161,473905,1700215,19535469,2654799630
2019-09-18,157305866,2619072806,109201,1564716,17696937,2636769743
2019-09-19,180140004,2579703524,154700,1340716,15378012,2595081536
2019-09-20,166925164,2560926635,164700,1287616,14601565,2575528200
2019-09-23,379331869,2593074019,373300,1110756,11818444,2604892463
2019-09-24,170010451,2531098809,601400,1232056,13244602,2544343411
2019-09-25,124712748,2532391440,284933,1216089,12890543,2545281983
2019-09-26,138716226,2510154581,147500,1154789,11721107,2521875688
2019-09-27,110820144,2525324862,170500,1059256,10815004,2536139866
2019-09-30,86455822,2488520093,151200,1060456,10604560,2499124653
2019-10-08,84882133,2483710969,190600,1141356,11413560,2495124529
2019-10-09,103889909,2498145814,70100,985932,9987491,2508133305
2019-10-10,106698255,2510568063,417200,1369732,14108240,2524676303
2019-10-11,129512764,2444965883,268200,1435232,14969470,2459935353
2019-10-14,149084183,2464120395,470600,1602732,16924850,2481045245
2019-10-15,114168442,2397164134,222023,1706155,17180981,2414345115
2019-10-16,71133240,2395523073,111937,1569969,15762489,2411285562
2019-10-17,46302026,2398688702,3100,1561169,15658525,2414347227
2019-10-18,70416196,2365815049,40000,1257869,12213908,2378028957
2019-10-21,40742471,2350908089,26000,1004874,9737229,2360645318
2019-10-22,45627801,2347841755,92000,1066474,10515434,2358357189
2019-10-23,35777258,2340044099,14600,880974,8545448,2348589547
2019-10-24,30807171,2340474012,132956,831130,8086895,2348560907
2019-10-25,47762341,2319412982,176100,770230,7609872,2327022854
2019-10-28,243238846,2406377006,560400,1259230,12995254,2419372260
2019-10-29,131606064,2360829788,22300,1138230,11257095,2372086883
2019-10-30,68600575,2342591428,40400,1022930,9850816,2352442244
2019-10-31,50853420,2329542848,41801,1052631,10031574,2339574422
2019-11-01,52702176,2323524267,99500,1042731,10093636,2333617903
2019-11-04,66167478,2318596306,38200,957431,9153041,2327749347
2019-11-05,129037801,2297496349,239000,1057731,9688816,2307185165
2019-11-06,80551205,2287861933,97900,916631,8176349,2296038282
2019-11-07,48967534,2283384872,133400,1035626,9320634,2292705506
2019-11-08,49763861,2271180817,1700,917475,8110479,2279291296
2019-11-11,41397733,2261035840,30700,929508,7854342,2268890182
2019-11-12,39177492,2258021371,55300,784108,6735488,2264756859
2019-11-13,80740905,2274008094,402900,1157708,10234139,2284242233
2019-11-14,45135875,2254206370,18200,787608,6891570,2261097940
2019-11-15,42676480,2237766444,221500,985108,8599993,2246366437
2019-11-18,41139416,2237274822,20400,771308,6810650,2244085472
2019-11-19,128277103,2250327935,147500,855008,7857523,2258185458
2019-11-20,80369740,2234927274,18100,760608,6815048,2241742322
2019-11-21,28891107,2220405803,20100,766308,6866120,2227271923
2019-11-22,37379816,2202082232,42100,735408,6456882,2208539114
2019-11-25,25100947,2194913860,50000,741608,6474238,2201388098
2019-11-26,18941205,2176418852,15700,746408,6531070,2182949922
2019-11-27,44406586,2183837269,78000,818308,7217477,2191054746
2019-11-28,24577297,2175537028,15600,775208,6744310,2182281338
2019-11-29,25648922,2165727544,58400,803008,7098591,2172826135
2019-12-02,39573257,2163814438,107000,823008,7333001,2171147439
2019-12-03,51142261,2164653753,115000,848908,7674128,2172327881
2019-12-04,44159360,2161326941,48100,510408,4593672,2165920613
2019-12-05,48702460,2156062326,61100,521908,4733705,2160796031
2019-12-06,50974535,2149010584,61600,522508,4744373,2153754957
2019-12-09,77467646,2143654657,69800,519808,4735451,2148390108
2019-12-10,65194036,2120970567,156600,619308,5685247,2126655814
2019-12-11,62225781,2110799282,0,498908,4495161,2115294443
2019-12-12,129639984,2115836472,97000,559807,5167019,2121003491
2019-12-13,97837041,2128952209,78000,565707,5232790,2134184999
2019-12-16,188571685,2177717737,125000,632407,6033163,2183750900
2019-12-17,151918905,2181603098,127700,696007,6716468,2188319566
2019-12-18,278150115,2206708538,213100,692507,6980471,2213689009
2019-12-19,230398272,2296557674,134500,616407,6225711,2302783385
2019-12-20,163032125,2267996830,313200,794907,7686751,2275683581
2019-12-23,121807908,2274117482,170800,788207,7353971,2281471453
2019-12-24,63637447,2258582830,60800,777507,7425192,2266008022
2019-12-25,89128502,2252468301,25800,619607,5892463,2258360764
2019-12-26,100932097,2219484576,6700,601107,5728550,2225213126
2019-12-27,111594975,2192710211,12300,608507,5774731,2198484942
2019-12-30,98235977,2189053875,19300,593907,5648056,2194701931
2019-12-31,59894902,2162673454,16400,583807,5563681,2168237135
2020-01-02,171675980,2108942581,249100,807339,7944216,2116886797
2020-01-03,97255866,2093436159,6500,424339,4175496,2097611655
2020-01-06,151764410,2109848587,108600,432939,4303414,2114152001
2020-01-07,220097961,2177504764,277500,681639,6939085,2184443849
2020-01-08,159991956,2157811393,40000,567039,5562653,2163374046
2020-01-09,229357171,2170023224,278600,839039,8574979,2178598203
2020-01-10,146011755,2153021992,500,642639,6484228,2159506220
2020-01-13,127854827,2135849493,121400,761539,7722005,2143571498
2020-01-14,165955380,2132129028,1000,538239,5409302,2137538330
2020-01-15,92370337,2110525726,17500,543839,5422075,2115947801
2020-01-16,93500733,2080233364,10600,477139,4699819,2084933183
2020-01-17,74561983,2041609770,51600,497939,4904699,2046514469
2020-01-20,88389933,2038189117,69300,546739,5445521,2043634638
2020-01-21,150332783,2016844981,64653,591192,5297081,2022142062
2020-01-22,164735349,1992670948,1552300,1940292,16802929,2009473877
2020-01-23,89129834,1927695340,26500,1784139,14629939,1942325279
2020-02-03,11907630,1887348979,0,1776939,13113810,1900462789
2020-02-04,77266554,1853398111,0,1602639,11651186,1865049297
2020-02-05,70030957,1825235092,150000,1744339,13012769,1838247861
2020-02-06,143420668,1842069486,2100,1596439,12595903,1854665389
2020-02-07,181326291,1804190120,0,1593739,13833655,1818023775
2020-02-10,185289757,1787310964,95300,1687139,14492524,1801803488
2020-02-11,153632508,1765024234,456400,2070032,18299083,1783323317
2020-02-12,216710054,1717082393,633100,2357132,22534182,1739616575
2020-02-13,206813474,1731048727,630300,2719632,26326038,1757374765
2020-02-14,207317846,1766770763,276300,2790537,25812467,1792583230
2020-02-17,202044522,1803697495,403400,3065837,29401377,1833098872
2020-02-18,230135633,1806365972,442000,3075937,30513295,1836879267
2020-02-19,228329814,1823540585,444200,3195737,30870819,1854411404
2020-02-20,160746835,1770606417,481100,3376137,33592563,1804198980
2020-02-21,308703942,1756546961,602600,3335837,34692705,1791239666
2020-02-24,471102956,1953824243,1585509,4447146,48029177,2001853420
2020-02-25,410098774,2051470355,345500,4288746,45160496,2096630851
2020-02-26,755921172,2217398756,586900,4645946,52034595,2269433351
2020-02-27,462280686,2240021947,599200,4848246,52748916,2292770863
2020-02-28,285502711,2094271243,1028700,5332646,52206604,2146477847
2020-03-02,205370503,2005599753,293300,5207924,52339636,2057939389
2020-03-03,275356943,2013468068,608200,5387724,54523767,2067991835
2020-03-04,164946073,1972249061,396700,5400524,55517386,2027766447
2020-03-05,271873479,1988376686,206400,5215324,54395829,2042772515
2020-03-06,187012483,1985246356,224400,5242424,54049392,2039295748
2020-03-09,236317794,1981805385,601400,5383919,50016607,2031821992
2020-03-10,165895523,1925591623,255400,4807319,47015580,1972607203
2020-03-11,142063644,1871843997,250911,4897430,47456097,1919300094
2020-03-12,98776854,1850938900,235401,4846731,46770955,1897709855
2020-03-13,140698473,1853337174,1609801,6097731,57745512,1911082686
2020-03-16,175264950,1815153307,546400,2947721,25203015,1840356322
2020-03-17,93045764,1817528140,80700,1105532,9374911,1826903051
2020-03-18,114593054,1707406949,146500,1186832,9648944,1717055893
2020-03-19,109327487,1730854601,326100,1334232,11034099,1741888700
2020-03-20,83226801,1713417775,208100,1251132,10221748,1723639523
2020-03-23,56322220,1704961168,131600,1229218,9526440,1714487608
2020-03-24,73308573,1711777277,373200,1438061,11605152,1723382429
2020-03-25,90170438,1725165255,333100,1424461,11623602,1736788857
2020-03-26,48486218,1720693873,297342,1256058,10111267,1730805140
2020-03-27,62411386,1724851681,413496,1294211,10431341,1735283022
2020-03-30,45842529,1705962452,658709,1743106,13665951,1719628403
2020-03-31,40064234,1700456211,234800,1712506,13357547,1713813758
2020-04-01,36227080,1699436584,156569,1600375,12514933,1711951517
2020-04-02,54708975,1693706543,346000,1556075,12713133,1706419676
2020-04-03,65751381,1684759017,513390,1546665,12682652,1697441669
2020-04-07,73615726,1693115528,181800,1327965,11088507,1704204035
2020-04-08,121690901,1701544804,328725,1470690,11824347,1713369151
2020-04-09,139710342,1713339950,465600,1685818,14144013,1727483963
2020-04-10,89537491,1706223097,285050,1611468,12988432,1719211529
2020-04-13,26927614,1701367665,157500,1697268,13425390,1714793055
2020-04-14,32865639,1695234712,359800,1710368,13939500,1709174212
2020-04-15,40172640,1671830740,319706,1645388,13278281,1685109021
2020-04-16,32279581,1659112288,293300,1519188,12381382,1671493670
2020-04-17,82341174,1665221126,284940,1500928,12247572,1677468698
2020-04-20,101757683,1667601224,778069,1861601,15767760,1683368984
2020-04-21,195339728,1707319533,591200,1795132,16030529,1723350062
2020-04-22,152040038,1733145611,358622,1811554,16285871,1749431482
2020-04-23,84235323,1707157363,817416,2316848,20110241,1727267604
2020-04-24,78429541,1718212626,151900,1989248,16371511,1734584137
2020-04-27,73678148,1718393908,588209,2515744,20679416,1739073324
2020-04-28,65083494,1665183506,569600,2799035,22056396,1687239902
2020-04-29,39874899,1653213813,170500,2646235,20481859,1673695672
2020-04-30,66921975,1627525370,1428700,3457436,28350975,1655876345
2020-05-06,78203032,1648820331,596800,2656236,22471756,1671292087
2020-05-07,63539633,1635121067,1228000,3235835,27051581,1662172648
2020-05-08,64180751,1641677045,680200,2622335,22368518,1664045563
2020-05-11,66043828,1654707342,1227600,3161635,27126829,1681834171
2020-05-12,41450069,1647973364,128400,2026835,17309171,1665282535
2020-05-13,43970509,1657740440,19800,1890735,15919988,1673660428
2020-05-14,47142782,1627759380,36400,1842635,15109607,1642868987
2020-05-15,47314935,1632757518,10600,1685235,13667256,1646424774
2020-05-18,46396788,1633007765,15700,1519635,12005117,1645012882
2020-05-19,45077933,1627936564,793400,1899435,15157491,1643094055
2020-05-20,52655361,1628999919,39900,937032,7477515,1636477434
2020-05-21,31490984,1616102736,41600,972932,7627787,1623730523
2020-05-22,19888919,1568661200,1000,875732,6795680,1575456880
2020-05-25,20646759,1575865689,9100,843532,6562679,1582428368
2020-05-26,34655282,1579034300,36900,861732,6859387,1585893687
2020-05-27,33590497,1574172115,63600,913032,7103389,1581275504
2020-05-28,33945352,1569974957,11400,830132,6441824,1576416781
2020-05-29,22996309,1551654270,67300,865332,6740936,1558395206
2020-06-01,67135805,1557441569,219400,1019032,8264350,1565705919
2020-06-02,93921248,1591951984,85200,964232,8003126,1599955110
2020-06-03,72439010,1578409824,72000,945132,7665021,1586074845
2020-06-04,58245293,1569887734,110000,789532,6268884,1576156618
2020-06-05,44768109,1572146755,110800,496922,3950530,1576097285
2020-06-08,39050717,1552886480,24000,471632,3692879,1556579359
2020-06-09,47262876,1563304917,10400,466132,3705749,1567010666
2020-06-10,59759536,1543397461,125500,527832,4296552,1547694013
2020-06-11,63437693,1534349834,11400,411932,3340769,1537690603
2020-06-12,199700415,1545543990,514900,900732,7926442,1553470432
2020-06-15,135208918,1553079275,156100,604932,5232662,1558311937
2020-06-16,104272366,1557836268,222100,716932,6165615,1564001883
2020-06-17,84835384,1568825565,298588,995020,8577073,1577402638
2020-06-18,70866492,1580312190,542800,1360120,11601824,1591914014
2020-06-19,61665251,1555223898,461500,1764220,15119365,1570343263
2020-06-22,146925471,1583795063,921500,2645620,23784124,1607579187
2020-06-23,96927806,1580855709,490400,2946520,25840981,1606696690
2020-06-24,97030176,1578718058,295500,3017420,26523122,1605241180
2020-06-29,72124725,1571770435,331882,3175402,26673377,1598443812
2020-06-30,67904142,1567594846,359600,3365302,28571414,1596166260
2020-07-01,74919282,1560207937,486100,3709702,31569564,1591777501
2020-07-02,392557583,1693476623,998100,4464102,41783996,1735260619
2020-07-03,214358345,1563991392,571100,3854802,37468675,1601460067
2020-07-06,241985108,1607171505,671700,4200302,42297041,1649468546
2020-07-07,343098114,1717277476,519700,4065302,40571713,1757849189
2020-07-08,184413133,1702872429,467300,4048213,41210809,1744083238
2020-07-09,267137312,1752370644,729107,4261009,44740595,1797111239
2020-07-10,282969772,1795999885,515300,4383409,44973776,1840973661
2020-07-13,213896278,1735008898,601500,4400709,48143757,1783152655
2020-07-14,168742566,1686323071,743000,4568409,48379452,1734702523
2020-07-15,184451221,1716358036,729255,5099264,49870802,1766228838
2020-07-16,215295775,1719978257,547900,5005482,49153834,1769132091
2020-07-17,132531184,1746215565,456900,5102284,48573744,1794789309
2020-07-20,233550142,1785670223,549700,5320969,48527237,1834197460
2020-07-21,105387459,1773703263,260300,5257187,47682685,1821385948
2020-07-22,114851696,1765916101,490500,5500587,50880431,1816796532
2020-07-23,100954025,1748065738,172400,5180187,46828891,1794894629
2020-07-24,88136915,1668704101,587500,5495014,47147220,1715851321
2020-07-27,43334051,1666763133,199800,5497174,47110781,1713873914
2020-07-28,46204102,1668372585,639000,5967574,51619515,1719992100
2020-07-29,117877088,1721004149,365300,6057274,54273175,1775277324
2020-07-30,81348326,1731120563,503900,6303074,55340991,1786461554
2020-07-31,113603979,1710622695,445901,6299675,56445088,1767067783
2020-08-03,115126125,1731895069,241500,5951275,55049295,1786944364
2020-08-04,79497554,1728160973,355311,6179809,56298060,1784459033
2020-08-05,67136459,1726575761,212000,6194609,56618727,1783194488
2020-08-06,67567355,1705702046,585500,6205242,56033335,1761735381
2020-08-07,43584378,1688674792,372300,5891542,52140147,1740814939
2020-08-10,76814580,1700787579,145000,5829542,52116106,1752903685
2020-08-11,38888782,1677574541,268000,6043356,52335462,1729910003
2020-08-12,62735843,1674155119,222200,6056456,52085522,1726240641
2020-08-13,45285619,1661901006,450502,6176763,53984907,1715885913
2020-08-14,29114452,1647904102,115500,5639903,49743945,1697648047
2020-08-17,73258045,1649818793,335300,5423003,48915487,1698734280
2020-08-18,49689809,1649034053,245200,5311103,47799927,1696833980
2020-08-19,57383692,1655072311,420521,5708124,50003167,1705075478
2020-08-20,20424714,1642696190,128000,5272424,45975537,1688671727
2020-08-21,42214169,1644626560,206200,4909024,43199412,1687825972
2020-08-24,66768100,1641564060,583800,5243224,47398744,1688962804
2020-08-25,127413537,1647344144,356129,5041745,46938646,1694282790
2020-08-26,115477097,1653089536,736600,5519516,50337985,1703427521
2020-08-27,173645864,1718213995,460639,5475971,52240764,1770454759
2020-08-28,91438854,1684616630,669814,5863185,55407098,1740023728
2020-08-31,141826043,1721666985,350300,5961185,54604455,1776271440
2020-09-01,88938760,1735671732,546900,6314585,57778452,1793450184
2020-09-02,222851478,1786511382,585100,6619185,63147026,1849658408
2020-09-03,141379688,1816697311,190600,6411385,59754108,1876451419
2020-09-04,219338262,1872135380,395600,5843844,56159342,1928294722
2020-09-07,325657311,1924185304,931900,6446644,62661380,1986846684
2020-09-08,288780683,1974011711,597200,6482844,65995352,2040007063
2020-09-09,239705378,1981382578,575200,6302144,60248497,2041631075
2020-09-10,191617518,1922252777,909400,6525144,56116239,1978369016
2020-09-11,72463043,1895274219,351933,6267977,54656760,1949930979
2020-09-14,120899658,1905915707,443088,6147678,55427351,1961343058
2020-09-15,90273327,1906508465,436500,6091378,54761489,1961269954
2020-09-16,57284072,1884957173,303300,5677078,50242141,1935199314
2020-09-17,55367451,1872656506,285600,5449532,48500835,1921157341
2020-09-18,78900300,1848176940,179500,5001096,44959853,1893136793
2020-09-21,58332132,1853902766,412000,5039496,44700330,1898603096
2020-09-22,56209204,1856430418,207900,4787496,41363965,1897794383
2020-09-23,47478216,1857714707,367600,4972696,43262456,1900977163
2020-09-24,49137831,1813878262,350600,4960596,40974523,1854852785
2020-09-25,27867766,1797310253,70000,4787982,39022053,1836332306
2020-09-28,19204899,1793990437,42000,4696340,37711610,1831702047
2020-09-29,22190383,1787450945,194000,4537640,36754885,1824205830
2020-09-30,14408565,1755983678,432400,4570663,36748131,1792731809
2020-10-09,36613614,1751716201,57800,4396263,36357095,1788073296
2020-10-12,57426189,1745033483,97500,4333863,37054528,1782088011
2020-10-13,41246514,1741149422,149500,4326263,36773236,1777922658
2020-10-14,28898392,1738283256,274500,4588263,38266113,1776549369
2020-10-15,29822857,1742932632,52800,4343063,36308007,1779240639
2020-10-16,21899582,1733605621,562321,4875884,40226043,1773831664
2020-10-19,30713099,1736153844,261884,5038468,41617745,1777771589
2020-10-20,47917697,1748377510,123700,5148468,43504555,1791882065
2020-10-21,27974678,1745903907,196321,5268889,43626402,1789530309
2020-10-22,21087355,1741385918,67200,5103278,42408240,1783794158
2020-10-23,19339782,1720186108,51300,4998878,40990800,1761176908
2020-10-26,21162067,1714529384,128100,5008778,40671278,1755200662
2020-10-27,14849040,1706558794,132700,4997778,39932246,1746491040
2020-10-28,28958954,1699797250,241015,5087983,41212662,1741009912
2020-10-29,18221570,1686265442,45600,5068783,41310581,1727576023
2020-10-30,26343251,1676418664,217700,5242683,40735647,1717154311
2020-11-02,24349003,1671353655,131800,5041883,39225850,1710579505
2020-11-03,34896251,1679526294,145860,5038822,40512129,1720038423
2020-11-04,17640907,1677262410,202900,5073944,40337855,1717600265
2020-11-05,35038807,1680090721,488200,5430144,44147070,1724237791
2020-11-06,26066330,1636619691,203681,5036525,40644756,1677264447
2020-11-09,74346404,1662312266,655700,5341144,43850792,1706163058
2020-11-10,36040294,1650774430,317000,5558344,44411168,1695185598
2020-11-11,41392255,1663356564,810809,6045353,47214207,1710570771
2020-11-12,10253567,1649953729,260868,5743619,44915101,1694868830
2020-11-13,13878826,1642832755,201660,5805411,45746638,1688579393
2020-11-16,14508850,1638907085,256900,5814468,45759864,1684666949
2020-11-17,21979821,1638806373,244100,5915244,46257208,1685063581
2020-11-18,22915024,1636621672,479220,5920080,46531829,1683153501
2020-11-19,28550409,1647548436,103900,5353480,42185422,1689733858
2020-11-20,20330412,1651615751,428000,5536980,43354554,1694970305
2020-11-23,28483570,1644957131,311900,5335258,41828423,1686785554
2020-11-24,22499142,1644383700,311700,5399158,42221415,1686605115
2020-11-25,25361808,1644351883,150200,5117858,40124007,1684475890
2020-11-26,25485811,1648955843,206800,5113858,39939231,1688895074
2020-11-27,23893299,1652391305,35300,4967556,38448883,1690840188
2020-11-30,25453237,1637421250,12800,4615838,35680427,1673101677
2020-12-01,20348661,1628966231,14400,4131138,32264188,1661230419
2020-12-02,28622786,1630457656,14100,3710738,29129294,1659586950
2020-12-03,22746604,1623967765,14900,2607738,20314279,1644282044
2020-12-04,20089596,1624264089,231300,2465621,19231843,1643495932
2020-12-07,15592428,1617988547,16500,2180121,16765131,1634753678
2020-12-08,19700133,1621562358,89500,2032821,15530752,1637093110
2020-12-09,21748614,1610887296,300800,2266821,16797144,1627684440
2020-12-10,25834519,1571737012,95500,2330121,16660365,1588397377
2020-12-11,21808862,1535599418,22500,2221621,15373617,1550973035
2020-12-14,13372971,1535039314,13600,2047321,14433613,1549472927
2020-12-15,9263578,1531799257,203888,1983509,13864728,1545663985
2020-12-16,12974739,1529379489,93400,2076909,14247596,1543627085
2020-12-17,19176733,1530707687,190100,2157909,15083784,1545791471
2020-12-18,15786403,1526301684,379685,2520094,17565054,1543866738
2020-12-21,11604782,1515113493,182600,2604694,18154716,1533268209
2020-12-22,20513087,1509536489,363001,2872544,19303496,1528839985
2020-12-23,26336843,1506726355,166400,2953344,20259940,1526986295
2020-12-24,15253385,1505385742,816300,3632144,24117436,1529503178
2020-12-25,12553067,1505348145,236900,3358644,22536501,1527884646
2020-12-28,22040929,1499173134,434100,3604395,23212303,1522385437
2020-12-29,38306601,1507507725,650707,4226002,28483254,1535990979
2020-12-30,21801613,1498090988,177700,4113802,27521336,1525612324
2020-12-31,24510189,1488585803,502000,4512102,31088383,1519674186
2021-01-04,37015331,1495284210,273000,4567602,31516454,1526800664
2021-01-05,28160283,1493478439,248400,4618395,32190212,1525668651
2021-01-06,21698481,1486793937,115600,4638495,31402611,1518196548
2021-01-07,17187755,1471484989,189700,4731295,30989983,1502474972
2021-01-08,33493450,1473484408,147384,4539279,31184847,1504669255
2021-01-11,25227085,1477070365,184500,4304379,29097603,1506167968
2021-01-12,26545430,1476654361,132300,3690479,24947639,1501602000
2021-01-13,16385721,1465087973,554700,3948379,26138270,1491226243
2021-01-14,35744917,1474465164,183900,3722979,25167339,1499632503
2021-01-15,19465958,1458765671,179100,3760977,25085716,1483851387
2021-01-18,24614437,1458780247,192500,3808278,25743960,1484524207
2021-01-19,31341301,1458273575,75500,3702966,25439377,1483712952
2021-01-20,24925325,1465920506,333900,3884866,26533635,1492454141
2021-01-21,27889558,1471236367,71900,3925366,26810250,1498046617
2021-01-22,20185277,1467865018,38000,3935166,26129501,1493994519
2021-01-25,12975386,1454959298,90100,3993566,25598758,1480558056
2021-01-26,15604035,1457560406,297400,4228166,27144826,1484705232
2021-01-27,12913281,1457168327,126700,4337166,27844606,1485012933
2021-01-28,19759127,1455260004,157500,4409766,28663480,1483923484
2021-01-29,35380986,1414613562,256400,4640066,27886797,1442500359
2021-02-01,32617754,1402681325,112600,4424566,28715433,1431396758
2021-02-02,27717148,1409198804,352773,4745339,30844705,1440043509
2021-02-03,15830989,1408812624,112000,4683066,29269162,1438081786
2021-02-04,10078129,1385557596,164200,4765366,29164041,1414721637
2021-02-05,9766408,1374431470,186900,4841066,29336859,1403768329
2021-02-08,10782289,1370971946,111800,4868166,29744494,1400716440
2021-02-09,19509100,1371667867,111500,4764066,29537210,1401205077
2021-02-10,19816223,1363668579,56900,4671783,29245361,1392913940
2021-02-18,31601844,1372461975,165414,4639380,30619909,1403081884
2021-02-19,29210482,1358758850,467500,4904580,33743509,1392502359
2021-02-22,47049415,1354601574,117400,4851466,32892940,1387494514
2021-02-23,39760126,1374010785,287439,4863705,32440912,1406451697
2021-02-24,24791410,1376764748,224200,5000266,33501784,1410266532
2021-02-25,16417143,1370726102,165845,5078111,33617096,1404343198
2021-02-26,17778716,1370365794,253600,5135666,34254892,1404620686
2021-03-01,31124794,1374400698,314300,5371366,36203007,1410603705
2021-03-02,18895276,1370952872,59300,5365666,35949964,1406902836
2021-03-03,20541668,1366696280,268300,5583866,37356064,1404052344
2021-03-04,11396827,1356829697,29000,5366766,35742661,1392572358
2021-03-05,39398712,1364838056,62500,5093166,34735392,1399573448
2021-03-08,26699057,1363142275,53000,5094866,34339397,1397481672
2021-03-09,29522826,1359759175,73700,5013466,33389683,1393148858
2021-03-10,17954029,1351415278,523200,5526766,35150233,1386565511
2021-03-11,13691424,1346805631,151400,5457066,35143505,1381949136
2021-03-12,11329793,1346147316,83200,5377366,34038727,1380186043
2021-03-15,7340667,1339681155,90400,5436966,34361625,1374042780
2021-03-16,12687860,1341676915,55400,5481066,35188444,1376865359
2021-03-17,13125067,1344658332,104000,5535866,35595619,1380253951
2021-03-18,11772992,1342333428,51700,5573066,35388969,1377722397
2021-03-19,9953770,1339990993,58900,5625866,35780509,1375771502
2021-03-22,9247066,1335785178,78500,5662166,36181240,1371966418
2021-03-23,18599866,1334314228,78800,5656166,36821641,1371135869
2021-03-24,10866276,1330897331,11200,5590966,36229459,1367126790
2021-03-25,12024026,1328924781,33900,5520566,36325324,1365250105
2021-03-26,13633469,1327554025,350900,5814166,38257212,1365811237
2021-03-29,10178879,1326834819,131700,5822866,38198001,1365032820
2021-03-30,11795216,1325024175,90100,5909366,37997224,1363021399
2021-03-31,13954622,1325121626,141700,5917466,38049307,1363170933
2021-04-01,9299583,1327623761,111300,5856566,37716285,1365340046
2021-04-02,8778063,1320510444,71000,5901766,37889338,1358399782
2021-04-06,12498400,1323521884,88210,5956076,38416690,1361938574
2021-04-07,44964296,1341025234,210700,6135176,40676216,1381701450
2021-04-08,27541387,1348114822,41200,6111476,40030168,1388144990
2021-04-09,13937778,1345650203,49500,6105376,39440728,1385090931
2021-04-12,18654913,1346902409,111798,6169574,39053403,1385955812
2021-04-13,14917916,1350159834,55000,6111374,38623884,1388783718
2021-04-14,14727142,1342875729,50200,6142574,38882493,1381758222
2021-04-15,15534512,1336258184,1228237,7277311,45119329,1381377513
2021-04-16,12212876,1327252566,1198386,8307297,52502117,1379754683
2021-04-19,12255838,1323040923,222100,8398597,53583048,1376623971
2021-04-20,11515742,1320642465,140000,8519497,53672830,1374315295
2021-04-21,15222897,1321328871,7700,8527097,53294356,1374623227
2021-04-22,12416666,1324227064,15000,8500497,53043101,1377270165
2021-04-23,18535890,1328126802,45800,8546297,52901579,1381028381
2021-04-26,14290215,1331210624,68600,8585697,52458609,1383669233
2021-04-27,10944748,1325123940,152300,8716397,52559875,1377683815
2021-04-28,34748185,1321591064,646000,8218097,46925333,1368516397
2021-04-29,8939086,1314437763,860100,8816997,50256884,1364694647
2021-04-30,19515573,1309390977,405300,9018997,50055433,1359446410
2021-05-06,8294335,1304124842,163900,9046897,50391216,1354516058
2021-05-07,11414234,1302780920,13000,9048097,49945496,1352726416
2021-05-10,15292644,1304387360,121200,8918797,49856075,1354243435
2021-05-11,11355426,1300485823,22800,8805597,49927735,1350413558
2021-05-12,10874577,1298817247,62100,8798097,50149154,1348966401
2021-05-13,12931427,1301166290,107400,8813197,49794563,1350960853
2021-05-14,13528433,1296754841,68900,8874097,50848575,1347603416
2021-05-17,15391879,1298017366,82001,8953198,50496036,1348513402
2021-05-18,12138781,1295103161,22700,8877598,50513533,1345616694
2021-05-19,8580028,1292377395,43400,8781713,49265411,1341642806
2021-05-20,11810814,1294419538,600,8739913,48331720,1342751258
2021-05-21,12321999,1295924599,37082,8713995,48014114,1343938713
2021-05-24,17085518,1299402650,40400,8585297,47905957,1347308607
2021-05-25,16380571,1299904510,16814,8464911,47403503,1347308013
2021-05-26,27480728,1302542018,87100,8399227,47707610,1350249628
2021-05-27,21125269,1309863019,7900,8260327,46257833,1356120852
2021-05-28,18937783,1308658842,82000,8122027,45727011,1354385853
2021-05-31,10620318,1306075605,17900,8043713,45688290,1351763895
2021-06-01,29653294,1305892836,36600,7651513,44455290,1350348126
2021-06-02,20110915,1308162125,136100,7072525,40030491,1348192616
2021-06-03,23625935,1315990471,2200,6805569,38859798,1354850269
2021-06-04,15309241,1313804366,23800,6399169,36731229,1350535595
2021-06-07,17019061,1316506796,48500,5683868,32909596,1349416392
2021-06-08,32104797,1323774330,72300,5345368,31056588,1354830918
2021-06-09,28156967,1327287073,32600,4382268,25504799,1352791872
2021-06-10,84780134,1341373816,294500,4031005,24589130,1365962946
2021-06-11,43272881,1337834885,409900,4234405,25406430,1363241315
2021-06-15,65426731,1347118646,185400,4238905,26535546,1373654192
2021-06-16,48817816,1348039673,877418,4830323,30189520,1378229193
2021-06-17,32384176,1342061868,574400,5274023,32804422,1374866290
2021-06-18,32927191,1344510824,232026,5161349,32103590,1376614414
2021-06-21,32922537,1346804880,182200,5273749,32275344,1379080224
2021-06-22,35687627,1349132541,414092,5409641,33593871,1382726412
2021-06-23,35444648,1358012477,292400,5639144,34229604,1392242081
2021-06-24,24288136,1352651912,824014,6361258,37849485,1390501397
2021-06-25,20652481,1350527171,149400,6486958,38792009,1389319180
2021-06-28,16703396,1346971534,220700,6694458,40367581,1387339115
2021-06-29,37407902,1357611361,278231,6699594,39393612,1397004973
2021-06-30,25150259,1354549335,226800,6920094,40482549,1395031884
2021-07-01,19949501,1352909701,79600,6651454,37846773,1390756474
2021-07-02,7927559,1336971599,31800,6674254,38243475,1375215074
2021-07-05,17784610,1339802937,93800,6714161,39277841,1379080778
2021-07-06,16496295,1342650942,31705,6678366,39135224,1381786166
2021-07-07,11679031,1338600398,269500,6865166,39817963,1378418361
2021-07-08,18737722,1336936720,110500,6934566,39873756,1376810476
2021-07-09,10986073,1333354271,152000,7066266,40277717,1373631988
2021-07-12,75981897,1337419608,679200,7679966,47462190,1384881798
2021-07-13,60878469,1333433765,199500,7142614,44427059,1377860824
2021-07-14,37632025,1337587942,45100,6677314,40397749,1377985691
2021-07-15,35375010,1338955485,366500,6952414,41366864,1380322349
2021-07-16,35965077,1348962150,626503,7374317,44098416,1393060566
2021-07-19,71617688,1364429151,1003100,8365317,52617844,1417046995
2021-07-20,42573973,1366163572,365700,8246917,51048417,1417211989
2021-07-21,57671940,1375717337,657200,8652217,53989834,1429707171
2021-07-22,44146901,1378112194,166800,8809217,54617146,1432729340
2021-07-23,34190925,1373097696,52400,8151717,49317887,1422415583
2021-07-26,43539160,1371839526,58600,8116817,47808051,1419647577
2021-07-27,35829696,1368578596,74200,8007885,47406680,1415985276
2021-07-28,40906959,1372426998,378100,8107885,49052703,1421479701
2021-07-29,57575459,1383909749,172400,7851185,48677348,1432587097
2021-07-30,70680882,1398792106,216000,7923885,49128088,1447920194
2021-08-02,74302043,1397191129,610200,8394285,54143138,1451334267
2021-08-03,121218632,1418478484,479011,8502296,53734512,1472212996
2021-08-04,69286189,1425043348,73800,8265896,52240464,1477283812
2021-08-05,37109536,1418327146,336326,8230984,50702861,1469030007
2021-08-06,43787386,1420156016,271401,8339685,52289825,1472445841
2021-08-09,41569167,1420248744,246300,8449485,52386808,1472635552
2021-08-10,41097400,1420883923,194900,8355285,51635662,1472519585
2021-08-11,43708211,1419526993,725700,8963185,54765062,1474292055
2021-08-12,46365495,1414716607,692403,9434640,58777807,1473494414
2021-08-13,40795862,1411684194,242000,9514540,58038695,1469722889
2021-08-16,34600893,1414238910,241700,9379840,57404622,1471643532
2021-08-17,64479233,1403149605,384600,9544145,59937230,1463086835
2021-08-18,54038718,1400011273,452054,9768733,60566145,1460577418
2021-08-19,82659235,1401207474,243300,9723333,62229331,1463436805
2021-08-20,57133289,1404490493,630405,10106338,63568865,1468059358
2021-08-23,59996818,1394279625,130500,9972496,63125901,1457405526
2021-08-24,53780357,1392488176,114000,10012596,61977971,1454466147
2021-08-25,32681429,1394389180,180700,10181496,63023462,1457412642
2021-08-26,32693564,1387909282,67916,9932112,60784526,1448693808
2021-08-27,24365402,1364150318,582329,10407841,63800066,1427950384
2021-08-30,26770158,1358768046,180600,10486404,64491385,1423259431
2021-08-31,37038776,1323322789,311700,10488504,62091945,1385414734
2021-09-01,33141552,1306761884,173500,10447704,62372794,1369134678
2021-09-02,15307097,1281128195,224284,10602788,63404673,1344532868
2021-09-03,34832102,1283575771,57700,10564722,63705272,1347281043
2021-09-06,29122268,1280476726,259200,10689822,64780320,1345257046
2021-09-07,38311751,1287949404,380600,10895419,66135192,1354084596
2021-09-08,101823838,1292941905,169900,10752596,68063934,1361005839
2021-09-09,87066665,1296129333,181900,10255697,66149245,1362278578
2021-09-10,40291452,1281095944,96602,10074999,63976245,1345072189
2021-09-13,85717008,1320501588,188200,9971099,64612721,1385114309
2021-09-14,36723373,1306321196,212000,9962699,63163512,1369484708
2021-09-15,129326838,1316935286,550500,10233299,67949105,1384884391
2021-09-16,67509599,1316358773,163300,9917397,63768862,1380127635
2021-09-17,50449920,1319764871,107400,9134897,57549852,1377314723
2021-09-22,34806597,1329784601,61000,9182797,57300653,1387085254
2021-09-23,44584634,1336754814,29700,9167897,57757752,1394512566
2021-09-24,38999781,1336363872,36600,8701096,53163698,1389527570
2021-09-27,49849851,1346622341,447644,8972240,53384830,1400007171
2021-09-28,28142289,1357787746,114200,9026940,53620024,1411407770
2021-09-29,30346129,1352606577,109200,9086340,51610411,1404216988
2021-09-30,9418553,1339841948,341500,9361140,53920168,1393762116
2021-10-08,20887428,1336241381,170200,9511440,56402840,1392644221
2021-10-11,17591818,1331018967,39200,9519840,56357453,1387376420
2021-10-12,11326099,1325534581,667400,9179940,53794448,1379329029
2021-10-13,12554096,1325066565,33600,9200840,54376965,1379443530
2021-10-14,11111870,1320040107,57300,9258140,54160119,1374200226
2021-10-15,14863183,1319101233,76000,9334140,54138012,1373239245
2021-10-18,6697221,1313725424,144800,9428940,54876431,1368601855
2021-10-19,12372133,1316078075,294500,9671040,56865714,1372943789
2021-10-20,15901927,1318972254,111100,9777840,56222582,1375194836
2021-10-21,22582688,1317051249,418929,10066369,56271004,1373322253
2021-10-22,7879127,1312307247,53700,10087769,56289751,1368596998
2021-10-25,12288163,1312446265,190000,10260169,57046539,1369492804
2021-10-26,12967005,1313190670,149900,10374469,57785793,1370976463
2021-10-27,16207218,1304165820,145500,10519969,56492233,1360658053
2021-10-28,13305520,1277482598,38800,10508243,54537782,1332020380
2021-10-29,17187071,1275796260,35500,10210343,55952680,1331748940
2021-11-01,15705861,1273325358,37100,9635243,54053714,1327379072
2021-11-02,12307302,1270890201,77000,9615614,52597409,1323487610
2021-11-03,11400644,1274087751,1974814,11490528,63657525,1337745276
2021-11-04,7989638,1271830224,32300,10996828,60922427,1332752651
2021-11-05,17840401,1257196105,109800,11057128,62915058,1320111163
2021-11-08,14019646,1256478103,131900,11166728,63538682,1320016785
2021-11-09,10380396,1248822509,197500,11174828,63808268,1312630777
2021-11-10,24247496,1249097081,22800,11013128,63876143,1312973224
2021-11-11,38138744,1244362810,50700,10846128,64317540,1308680350
2021-11-12,89106204,1260429390,109500,10129884,62805281,1323234671
2021-11-15,65570647,1259962926,80800,9622778,60431046,1320393972
2021-11-16,55111212,1235008992,319700,9662868,60779439,1295788431
2021-11-17,45573266,1219703164,362300,9849668,63333364,1283036528
2021-11-18,31227452,1190361507,355600,10027268,63873697,1254235204
2021-11-19,26683924,1172010310,116200,10022368,63441591,1235451901
2021-11-22,35869273,1172589765,13400,9915368,61772742,1234362507
2021-11-23,36129733,1172638252,14800,9722768,60183936,1232822188
2021-11-24,47375983,1186738052,120000,9191468,57906250,1244644302
2021-11-25,29958465,1182434230,27000,9009068,55495858,1237930088
2021-11-26,26034114,1182200969,5200,7864168,47971425,1230172394
2021-11-29,26083897,1186053120,100,6429865,38964982,1225018102
2021-11-30,42983484,1195948880,822800,6928365,42470879,1238419759
2021-12-01,171029739,1209573143,660200,7453965,54861183,1264434326
2021-12-02,226446929,1275232513,1362000,6943434,47493089,1322725602
2021-12-03,136233326,1328795934,88400,5522834,37058217,1365854151
2021-12-06,117764397,1358694204,261800,5425934,34617458,1393311662
2021-12-07,136926160,1413249842,690000,5725829,36931596,1450181438
2021-12-08,101192016,1433556135,471900,6165929,39523605,1473079740
2021-12-09,120079846,1449787290,172100,6101529,39354861,1489142151
2021-12-10,104834520,1439950140,654400,6512829,42398517,1482348657
2021-12-13,162014929,1477407850,179900,5343529,35961950,1513369800
2021-12-14,105613032,1478681328,266236,5262793,35102830,1513784158
2021-12-15,115050624,1501404158,1505605,6211998,41496148,1542900306
2021-12-16,157261236,1513002060,1966641,7672602,52480598,1565482658
2021-12-17,116488859,1506203656,846700,8255402,54980977,1561184633
2021-12-20,64090336,1479967929,533633,8010700,51909336,1531877265
2021-12-21,58288062,1443157005,813700,7635692,50777351,1493934356
2021-12-22,102235743,1430913780,544115,7746607,52831859,1483745639
2021-12-23,77956655,1428374384,608700,7874807,52682459,1481056843
2021-12-24,60603924,1415234972,541400,7711107,50584862,1465819834
