日期,融资买入额(元),融资余额(元),融券卖出量,融券余量,融券余额(元),融资融券余额(元)
2017-07-12,12394774,318556673,0,16400,269452,318826125
2017-07-13,15294100,323993513,0,16400,271420,324264933
2017-07-14,10369942,326785457,0,16400,271420,327056877
2017-07-17,13114396,333994624,16100,32500,519675,334514299
2017-07-18,6132397,335056939,0,32000,512000,335568939
2017-07-19,6321334,326247847,1000,17400,283620,326531467
2017-07-20,15816749,334040932,15600,32000,523200,334564132
2017-07-21,7063621,333445372,0,32000,523520,333968892
2017-07-24,20725326,342726880,0,16400,270108,342996988
2017-07-25,6248853,342744471,0,16400,266172,343010643
2017-07-26,14432200,331519181,16600,33000,555060,332074241
2017-07-27,14865757,331633925,0,16400,271420,331905345
2017-07-28,5978244,328115949,0,16400,271092,328387041
2017-07-31,7054752,326833381,0,16400,270764,327104145
2017-08-01,7841364,319061154,11200,27600,465612,319526766
2017-08-02,9290654,317006249,0,17400,292842,317299091
2017-08-03,5867156,307954009,0,17400,291276,308245285
2017-08-04,9574542,299207728,0,17400,292668,299500396
2017-08-07,10072163,304344471,0,17400,286926,304631397
2017-08-08,5221726,304375792,0,16400,270272,304646064
2017-08-09,7319591,308656948,3000,19400,319130,308976078
2017-08-10,8230216,310649981,0,16400,264696,310914677
2017-08-11,6907200,311175624,0,16400,261416,311437040
2017-08-14,3459231,309472544,0,16400,264532,309737076
2017-08-15,3666325,310542314,0,16400,265680,310807994
2017-08-16,4097224,311082491,0,16400,265844,311348335
2017-08-17,8805463,310222630,0,16400,265516,310488146
2017-08-18,16200216,319887988,0,16400,265024,320153012
2017-08-21,8088972,323049426,0,16400,265352,323314778
2017-08-22,5902199,325277673,0,16400,264696,325542369
2017-08-23,3596596,322903695,0,16400,264204,323167899
2017-08-24,6501166,327297789,6000,22400,356384,327654173
2017-08-25,9551528,330503875,2000,18400,295136,330799011
2017-08-28,8216833,327395750,0,16400,266336,327662086
2017-08-29,6188862,328358811,0,16400,264860,328623671
2017-08-30,5757431,322089603,0,16400,267320,322356923
2017-08-31,4273930,320135372,0,16400,267156,320402528
2017-09-01,13084252,317210046,5000,21400,356310,317566356
2017-09-04,7202888,317340358,0,21400,353956,317694314
2017-09-05,26999712,331976243,5000,26400,445896,332422139
2017-09-06,6162418,325309961,6600,33000,555390,325865351
2017-09-07,29017871,324203092,36500,63000,1120140,325323232
2017-09-08,28559237,326840432,5000,31500,566055,327406487
2017-09-11,22873624,338594220,3400,34900,621569,339215789
2017-09-12,16407982,333747271,1600,34000,601460,334348731
2017-09-13,20148195,340663030,0,33400,599530,341262560
2017-09-14,28925437,350432436,11400,44800,816704,351249140
2017-09-15,31257055,355059131,600,43000,772280,355831411
2017-09-18,17792442,347488674,15000,48000,875520,348364194
2017-09-19,31352355,336305772,27700,60700,1180615,337486387
2017-09-20,26304676,309366691,800,51900,1017240,310383931
2017-09-21,22529592,315646883,0,39400,753722,316400605
2017-09-22,6660541,309725200,13600,53000,1017070,310742270
2017-09-25,30775582,320912840,600,28000,498400,321411240
2017-09-26,9487420,311868261,1300,29300,528279,312396540
2017-09-27,7430488,310589149,200,28200,510984,311100133
2017-09-28,9827621,298094827,2700,30500,542595,298637422
2017-09-29,9036503,293923769,0,17400,306762,294230531
2017-10-09,12292887,294430748,1200,18600,332568,294763316
2017-10-10,7452482,290921855,0,18600,334056,291255911
2017-10-11,16944212,296441041,0,17700,309396,296750437
2017-10-12,5300744,295148403,0,17700,310281,295458684
2017-10-13,9441237,296113296,0,17700,309396,296422692
2017-10-16,15324859,294739407,0,17700,302316,295041723
2017-10-17,4607841,294957086,0,17700,304086,295261172
2017-10-18,5532706,292632346,15700,33400,569804,293202150
2017-10-19,7147950,293461268,0,33400,554106,294015374
2017-10-20,3876990,292850933,0,33400,560786,293411719
2017-10-23,3611295,292010348,0,33400,566130,292576478
2017-10-24,8370568,292712430,0,33400,572476,293284906
2017-10-25,6810637,288134719,0,33400,577820,288712539
2017-10-26,13863224,297863978,0,33400,569804,298433782
2017-10-27,3892276,297281050,2500,35900,612095,297893145
2017-10-30,17652578,296019936,800,18500,325045,296344981
2017-10-31,14946857,301120976,0,18500,325600,301446576
2017-11-01,15947675,304172451,5000,23500,410780,304583231
2017-11-02,8746975,307499926,10700,29200,505744,308005670
2017-11-03,6473827,305207387,5000,34200,585504,305792891
2017-11-06,5371213,301436742,2300,36500,623420,302060162
2017-11-07,9955965,300123532,0,35600,621576,300745108
2017-11-08,10588488,291791479,0,32700,568653,292360132
2017-11-09,9215333,296097849,0,32700,566691,296664540
2017-11-10,9772093,299132723,0,32700,561459,299694182
2017-11-13,15539383,306884905,0,32700,549687,307434592
2017-11-14,5724804,305442946,900,33600,564816,306007762
2017-11-15,4818796,305720530,0,32700,550668,306271198
2017-11-16,10257311,309755504,0,32600,554526,310310030
2017-11-17,14092575,303546785,0,32200,536130,304082915
2017-11-20,4149223,298738460,1100,17600,293040,299031500
2017-11-21,20020874,304403172,0,16400,274864,304678036
2017-11-22,15185050,298778872,0,16400,273880,299052752
2017-11-23,26914848,308477556,10000,26400,435600,308913156
2017-11-24,10694816,312765331,6600,33000,542850,313308181
2017-11-27,6338937,312691248,0,27400,450730,313141978
2017-11-28,3277603,311708836,0,27400,451004,312159840
2017-11-29,14382213,302282764,11999,29399,502722,302785486
2017-11-30,13144867,302893963,0,19699,328776,303222739
2017-12-01,21113202,317517658,1200,20899,351521,317869179
2017-12-04,10210924,318029187,2000,22899,376688,318405875
2017-12-05,4943783,316631888,0,21899,361333,316993221
2017-12-06,5485930,315532113,0,19899,327537,315859650
2017-12-07,9481765,316160299,0,19899,327736,316488035
2017-12-08,7880232,313338827,16600,36499,602963,313941790
2017-12-11,6259760,313236826,0,36499,607708,313844534
2017-12-12,6766666,312202831,0,36499,605518,312808349
2017-12-13,8024794,312151472,0,36499,602598,312754070
2017-12-14,10980810,293773533,0,36499,601138,294374671
2017-12-15,10579861,278151843,0,36499,601503,278753346
2017-12-18,9026249,281328130,3800,38000,626240,281954370
2017-12-19,6480127,280388146,0,34200,564984,280953130
2017-12-20,12238905,278875425,0,34200,564300,279439725
2017-12-21,16663604,262889677,1900,36100,601426,263491103
2017-12-22,6203684,260760307,0,36100,605758,261366065
2017-12-25,58034196,283413422,20400,56500,1042990,284456412
2017-12-26,0,276590762,0,56500,1042990,277633752
2017-12-27,104099515,327695958,0,47300,960663,328656621
2017-12-28,156383423,415224269,3700,38300,770213,415994482
2017-12-29,158915559,497133548,1500,28600,572572,497706120
2018-01-02,282849650,667188348,27900,56500,1203450,668391798
2018-01-03,234345503,756166569,10000,65500,1499950,757666519
2018-01-04,306377779,881221518,1000,65300,1644907,882866425
2018-01-05,211490494,758001388,6200,61500,1704165,759705553
2018-01-08,99460780,778874539,10000,71500,2179320,781053859
2018-01-09,0,767518613,0,71500,2179320,769697933
2018-01-10,0,760331135,0,66500,2026920,762358055
2018-01-11,0,735825963,0,66500,2026920,737852883
2018-01-12,0,723294779,0,66500,2026920,725321699
2018-01-15,213078768,802449946,5000,71500,2397395,804847341
2018-01-16,339743041,877549488,0,71500,2636920,880186408
2018-01-17,390075778,922655925,6000,67500,2421900,925077825
2018-01-18,454864990,998478411,7500,70000,2639000,1001117411
2018-01-19,552273250,1032848044,7500,70000,2655800,1035503844
2018-01-22,458222440,1153056914,5000,67500,2598750,1155655664
2018-01-23,647505378,1188016932,10000,72500,3070375,1191087307
2018-01-24,451850076,1250323887,5000,72500,3005850,1253329737
2018-01-25,524939664,1292575654,5000,67500,2567025,1295142679
2018-01-26,362387712,1292142687,5600,68100,2566008,1294708695
2018-01-29,256714253,1318013520,9100,77200,2924336,1320937856
2018-01-30,219991574,1296733478,0,77200,2763760,1299497238
2018-01-31,383044240,1409332337,0,72500,2544750,1411877087
2018-02-01,355685349,1427972774,5000,76100,2731990,1430704764
2018-02-02,361432964,1379239121,1400,77500,2504025,1381743146
2018-02-05,228446572,1423919649,93700,170000,5552200,1429471849
2018-02-06,278464777,1504910935,1200,171200,5444160,1510355095
2018-02-07,385869760,1494790315,0,171200,5195920,1499986235
2018-02-08,150355843,1505716179,0,171200,5221600,1510937779
2018-02-09,217723424,1396308557,0,73000,2003850,1398312407
2018-02-12,198773415,1381695387,0,72500,2034350,1383729737
2018-02-13,207369873,1309015665,0,45500,1264900,1310280565
2018-02-14,119431524,1266259800,17800,48300,1349985,1267609785
2018-02-22,182425068,1299900585,2500,50800,1470660,1301371245
2018-02-23,237324667,1359567643,0,48800,1427400,1360995043
2018-02-26,293561582,1398160517,80000,128800,3848544,1402009061
2018-02-27,304393263,1335804000,126900,255700,7632645,1343436645
2018-02-28,306039724,1314321545,365900,621600,19331760,1333653305
2018-03-01,256894680,1283721028,70900,518400,15567552,1299288580
2018-03-02,154724488,1254021849,174100,613900,17680320,1271702169
2018-03-05,144862307,1261173380,36400,492400,13959540,1275132920
2018-03-06,234961024,1293955182,300900,674300,21031417,1314986599
2018-03-07,312397858,1260254364,604700,962200,30087994,1290342358
2018-03-08,238308431,1287935309,432200,1031100,32644626,1320579935
2018-03-09,196223987,1283119614,272700,1043300,33030878,1316150492
2018-03-12,198717793,1251016006,2500,819500,25314355,1276330361
2018-03-13,146658621,1273666937,7700,827200,25146880,1298813817
2018-03-14,141685692,1271545321,198000,1025000,31129250,1302674571
2018-03-15,159175327,1291953421,186600,1210800,35173740,1327127161
2018-03-16,104698165,1266626754,201700,1269900,36992187,1303618941
2018-03-19,143627067,1264459233,0,1029800,28370990,1292830223
2018-03-20,110418853,1261248872,242300,1140500,31569040,1292817912
2018-03-21,135282548,1255542485,253700,1165900,32412020,1287954505
2018-03-22,158574884,1266969746,218400,1141600,31816392,1298786138
2018-03-23,129559096,1158136984,36700,1178300,29551764,1187688748
2018-03-26,87989482,1157138990,0,972600,24587328,1181726318
2018-03-27,85135270,1139669394,85100,1057700,27225198,1166894592
2018-03-28,168786999,1204000059,208628,1040328,26902882,1230902941
2018-03-29,233881822,1188764316,136500,1156028,32888997,1221653313
2018-03-30,246810369,1198628668,146100,977728,27063511,1225692179
2018-04-02,182300026,1194249566,34800,622428,17073200,1211322766
2018-04-03,151665256,1181773532,287900,875528,23604235,1205377767
2018-04-04,96078261,1148691458,6200,648828,16863040,1165554498
2018-04-09,93951663,1172814254,22300,636128,16698360,1189512614
2018-04-10,200770996,1169409157,390300,1011428,28400898,1197810055
2018-04-11,262394087,1147593282,80000,1084628,32104989,1179698271
2018-04-12,171608416,1133978469,185500,1257028,37396583,1171375052
2018-04-13,130158077,1106973064,68900,1066787,30990162,1137963226
2018-04-16,168088186,1129867184,155700,976400,26567844,1156435028
2018-04-17,112282848,1120009045,72600,1048200,28479594,1148488639
2018-04-18,107606321,1103865895,52500,1095700,30022180,1133888075
2018-04-19,108008620,1116285291,86998,1181598,32222177,1148507468
2018-04-20,85719870,1095249349,11800,1193398,30837404,1126086753
2018-04-23,61059530,1091449333,0,1193398,31338631,1122787964
2018-04-24,139229036,1067834990,0,1192698,33717572,1101552562
2018-04-25,137688162,1093914151,58000,1244698,33084073,1126998224
2018-04-26,71709316,1077635452,448000,1692698,43925513,1121560965
2018-04-27,83272946,1069032446,10000,1256998,32996197,1102028643
2018-05-02,61131519,1081293121,18400,1225398,31737808,1113030929
2018-05-03,61396623,1064883266,49900,1183198,30999788,1095883054
2018-05-04,74978698,1065831845,426803,1540001,39578026,1105409871
2018-05-07,80957301,1066671164,42400,1184204,31476142,1098147306
2018-05-08,106525225,1060496207,11000,1194904,32393847,1092890054
2018-05-09,88129155,1075151764,10000,1204904,31664877,1106816641
2018-05-10,72697324,1087922121,10000,1214904,31951975,1119874096
2018-05-11,57696473,1078080425,0,1075604,27922680,1106003105
2018-05-14,64038457,1078085203,5300,990706,24916256,1103001459
2018-05-15,62633422,1094962452,422300,1383306,35205138,1130167590
2018-05-16,29541065,1078308544,900,983206,24776791,1103085335
2018-05-17,38762161,1079890404,3100,959306,23848347,1103738751
2018-05-18,57638238,1093972916,6000,953106,23579842,1117552758
2018-05-21,56688589,1109565958,1900,873006,21886260,1131452218
2018-05-22,29958035,1090970634,0,836106,20626735,1111597369
2018-05-23,43471651,1096608025,10000,846106,20881896,1117489921
2018-05-24,54600692,1089201267,400,846406,20068286,1109269553
2018-05-25,36677701,1085656767,1100,816406,19438627,1105095394
2018-05-28,28653731,1072833120,0,815406,19096809,1091929929
2018-05-29,77344533,1068333728,26500,841906,18791342,1087125070
2018-05-30,36170568,1064849427,500,739100,16297155,1081146582
2018-05-31,33378779,1052413931,11000,720100,16223853,1068637784
2018-06-01,39723744,1041663271,0,715100,16168411,1057831682
2018-06-04,44614297,1041007453,19000,533100,12415899,1053423352
2018-06-05,49480929,1050716985,0,423100,9841306,1060558291
2018-06-06,35667226,1045201701,4000,400000,9112000,1054313701
2018-06-07,42989444,1048253408,10000,380000,8694400,1056947808
2018-06-08,50533248,1036503183,1200,231200,5063280,1041566463
2018-06-11,28830798,1010500094,18700,239900,5402548,1015902642
2018-06-12,41815681,1028121589,0,221700,4932825,1033054414
2018-06-13,62132923,1030759197,1000,222700,4694516,1035453713
2018-06-14,22069324,1013203270,0,221400,4678182,1017881452
2018-06-15,55371373,1005051972,1300,182500,3954775,1009006747
2018-06-19,82060177,996195533,19000,197500,3979625,1000175158
2018-06-20,45873558,1012545288,0,192800,3829008,1016374296
2018-06-21,60658640,1013533211,1600,39400,775392,1014308603
2018-06-22,28161125,998786822,20400,57400,1149722,999936544
2018-06-25,29939423,993540051,8900,66300,1293513,994833564
2018-06-26,37073831,985649665,800,55200,1065912,986715577
2018-06-27,30825407,981291028,16900,71600,1331760,982622788
2018-06-28,28619098,981071451,500,67100,1259467,982330918
2018-06-29,41357384,990485250,2000,57700,1122265,991607515
2018-07-02,33274787,979630827,3400,54100,1004637,980635464
2018-07-03,23999164,979580403,14500,61100,1156012,980736415
2018-07-04,22190551,976711563,5000,60000,1104000,977815563
2018-07-05,23114015,966101430,4500,49500,893970,966995400
2018-07-06,30700172,976056578,6100,50300,918478,976975056
2018-07-09,47121388,991983922,6800,56000,1047760,993031682
2018-07-10,78360613,1021530346,11100,67100,1258125,1022788471
2018-07-11,80499616,1056830901,0,61200,1101600,1057932501
2018-07-12,90359305,1110186277,5900,62100,1146366,1111332643
2018-07-13,70940710,1110656022,10000,67100,1237995,1111894017
2018-07-16,31268107,1097922771,3700,64700,1165894,1099088665
2018-07-17,30623483,1102263452,1100,65800,1200192,1103463644
2018-07-18,26985751,1095239756,5000,70800,1260240,1096499996
2018-07-19,24391341,1096713568,0,70800,1260240,1097973808
2018-07-20,40646731,1087426095,1300,63400,1151344,1088577439
2018-07-23,46992062,1081610655,8700,70800,1288560,1082899215
2018-07-24,81967424,1079412071,1300,62400,1171872,1080583943
2018-07-25,49602835,1081183930,0,57400,1090600,1082274530
2018-07-26,39139913,1081229119,2500,59900,1122526,1082351645
2018-07-27,29332592,1079863689,2500,62400,1147536,1081011225
2018-07-30,34054769,1068892151,0,59900,1059631,1069951782
2018-07-31,16556854,1062308357,2500,52400,929576,1063237933
2018-08-01,36093313,1055686474,5000,57400,967190,1056653664
2018-08-02,35980055,1053842647,0,42900,709137,1054551784
2018-08-03,21121281,1049768684,0,42900,709995,1050478679
2018-08-06,20530249,1053362112,0,42900,688974,1054051086
2018-08-07,27159211,1026771011,0,42900,701415,1027472426
2018-08-08,34109422,1039232533,0,42900,686829,1039919362
2018-08-09,38093813,1027106699,0,41200,675268,1027781967
2018-08-10,34405738,1018694283,12200,53400,882702,1019576985
2018-08-13,19398455,1008526876,0,52100,846625,1009373501
2018-08-14,14459305,1012622819,0,52100,838810,1013461629
2018-08-15,26312584,1012849542,0,52100,813802,1013663344
2018-08-16,18847586,1015456776,9000,51600,808056,1016264832
2018-08-17,32024741,1020421037,0,46600,722300,1021143337
2018-08-20,15800194,1008252499,5000,51600,807024,1009059523
2018-08-21,24897883,1009011053,0,51600,813216,1009824269
2018-08-22,21496196,1012834780,0,51600,797220,1013632000
2018-08-23,16751000,1012298306,0,51600,797736,1013096042
2018-08-24,20636617,1015998785,0,51600,798252,1016797037
2018-08-27,30166088,1009872327,0,51600,826116,1010698443
2018-08-28,24822334,1003041890,0,41600,654368,1003696258
2018-08-29,21422544,1003394926,0,41600,655616,1004050542
2018-08-30,15473211,1005511911,0,41600,645216,1006157127
2018-08-31,41663757,1014785696,0,41600,647296,1015432992
2018-09-03,37835386,1002602893,24500,66100,1066854,1003669747
2018-09-04,40207487,1012740791,0,51600,833340,1013574131
2018-09-05,67114674,1056697437,0,51600,815280,1057512717
2018-09-06,32079742,1073426872,10000,61600,970200,1074397072
2018-09-07,19043342,1069732364,0,51600,804960,1070537324
2018-09-10,27520666,1070595610,10000,56600,877300,1071472910
2018-09-11,43221928,1088123925,0,41600,639808,1088763733
2018-09-12,24060043,1094518644,2500,44100,675171,1095193815
2018-09-13,21127589,1087860233,0,44100,679140,1088539373
2018-09-14,20365729,1086897078,7500,51600,791544,1087688622
2018-09-17,20869463,1097351851,0,49100,743865,1098095716
2018-09-18,21341887,1089006775,9800,58900,910005,1089916780
2018-09-19,83712409,1072474611,27200,75600,1209600,1073684211
2018-09-20,39987413,1068894808,0,73100,1152787,1070047595
2018-09-21,58534708,1072416214,9500,73100,1171793,1073588007
2018-09-25,40681722,1069099190,3500,71600,1106936,1070206126
2018-09-26,29920362,1067769060,0,71600,1104788,1068873848
2018-09-27,29191366,1070617979,0,71600,1106936,1071724915
2018-09-28,35167742,1072435842,9500,70100,1085148,1073520990
2018-10-08,96117857,1119652491,1500,66600,992340,1120644831
2018-10-09,27906932,1130881286,0,66600,981018,1131862304
2018-10-10,15874292,1134465993,0,66600,975690,1135441683
2018-10-11,96014457,1171803049,4200,70800,991200,1172794249
2018-10-12,28444284,1172583323,9400,76100,1066161,1173649484
2018-10-15,33386922,1184465867,0,76100,1065400,1185531267
2018-10-16,16204012,1182539524,0,72600,1012770,1183552294
2018-10-17,11427900,1170077803,3500,66600,928404,1171006207
2018-10-18,10257960,1158116710,0,66600,923742,1159040452
2018-10-19,9864690,1143264793,0,61600,860552,1144125345
2018-10-22,30772212,1136397939,5300,66900,974733,1137372672
2018-10-23,15023661,1128665227,0,66600,939060,1129604287
2018-10-24,14581380,1125252125,0,56600,786740,1126038865
2018-10-25,64846585,1123222499,34500,91100,1355568,1124578067
2018-10-26,60138156,1120287943,0,91100,1371055,1121658998
2018-10-29,39272090,1119104280,0,91100,1334615,1120438895
2018-10-30,42849145,1115891532,0,86100,1265670,1117157202
2018-10-31,41783178,1111754855,0,66600,977688,1112732543
2018-11-01,28245677,1084325346,0,66600,991008,1085316354
2018-11-02,38299004,1079944940,0,54100,815828,1080760768
2018-11-05,42019099,1084909452,5000,59100,871134,1085780586
2018-11-06,14320645,1072367841,6000,65100,965433,1073333274
2018-11-07,21981088,1079645862,12500,77600,1132960,1080778822
2018-11-08,15198380,1079841624,0,65100,943299,1080784923
2018-11-09,15608886,1079975214,0,65100,945252,1080920466
2018-11-12,15833949,1077930912,0,65100,963480,1078894392
2018-11-13,57549077,1076147689,19500,75100,1158793,1077306482
2018-11-14,41290429,1043527284,17200,79600,1239372,1044766656
2018-11-15,25746436,1035072489,0,79600,1239372,1036311861
2018-11-16,63207457,1038912137,12500,92100,1480047,1040392184
2018-11-19,64521467,1023079741,0,79600,1322952,1024402693
2018-11-20,29002941,1017387192,5100,84700,1341648,1018728840
2018-11-21,23907460,1020808178,7400,79600,1275988,1022084166
2018-11-22,26752246,1023878777,12700,92300,1500798,1025379575
2018-11-23,25698202,1026612398,0,87100,1354405,1027966803
2018-11-26,17242461,1023308677,0,87100,1377051,1024685728
2018-11-27,16034368,1020038359,0,87100,1357018,1021395377
2018-11-28,23976774,1014559544,0,87100,1395342,1015954886
2018-11-29,23316679,1015962686,0,87100,1352663,1017315349
2018-11-30,14041517,1019645160,0,87100,1349179,1020994339
2018-12-03,31904952,1025832102,0,76100,1188682,1027020784
2018-12-04,24158894,1027851510,0,76100,1181833,1029033343
2018-12-05,23302357,1030408882,24800,88400,1385228,1031794110
2018-12-06,20955982,1032862102,7500,95900,1470147,1034332249
2018-12-07,9342448,1029563196,5000,100900,1546797,1031109993
2018-12-10,13941595,1027859688,0,100900,1503410,1029363098
2018-12-11,9798706,1024706130,0,88400,1327768,1026033898
2018-12-12,8370936,1020016500,0,88400,1331304,1021347804
2018-12-13,16795544,1013668879,0,83400,1282692,1014951571
2018-12-14,9985113,1011666855,0,83400,1243494,1012910349
2018-12-17,23068647,1018251793,2200,85600,1255752,1019507545
2018-12-18,32970528,1025265260,0,85600,1245480,1026510740
2018-12-19,15458709,1015261165,5000,85600,1249760,1016510925
2018-12-20,17791013,1017693523,0,85600,1249760,1018943283
2018-12-21,29729298,1015935045,2500,88100,1274807,1017209852
2018-12-24,9648068,1009432487,0,88100,1266878,1010699365
2018-12-25,16430808,1000902635,7700,90800,1280280,1002182915
2018-12-26,29528185,1000293348,2300,93100,1308055,1001601403
2018-12-27,54959119,1022748258,5000,93100,1306193,1024054451
2018-12-28,59505120,1047667936,5000,83600,1172072,1048840008
2019-01-02,19214842,1057365582,9500,93100,1300607,1058666189
2019-01-03,9236624,1054994303,0,93100,1296883,1056291186
2019-01-04,11467137,1037751500,0,83600,1182104,1038933604
2019-01-07,17440729,1031054078,0,83600,1188792,1032242870
2019-01-08,9281846,1021367321,0,64100,917912,1022285233
2019-01-09,20445262,983309181,800,64900,928070,984237251
2019-01-10,19428121,986907897,13200,77300,1079108,987987005
2019-01-11,6007579,986765430,1200,56500,788740,987554170
2019-01-14,12734528,987232701,0,47300,658889,987891590
2019-01-15,8960101,979843523,0,47300,662200,980505723
2019-01-16,12309009,982091436,0,47300,662673,982754109
2019-01-17,18026040,990596225,8000,55300,770329,991366554
2019-01-18,24897423,1002700288,24000,78100,1090276,1003790564
2019-01-21,24377603,1012410348,0,54100,753613,1013163961
2019-01-22,56329319,1041319489,11400,60500,840950,1042160439
2019-01-23,25214440,1032378094,15000,70500,976425,1033354519
2019-01-24,18686173,1038471775,0,37100,513464,1038985239
2019-01-25,30779420,1048226935,51000,88100,1206970,1049433905
2019-01-28,39377850,1065999039,1300,52400,712640,1066711679
2019-01-29,24702048,1064696183,15000,48400,655820,1065352003
2019-01-30,35051094,1059483664,38000,86400,1164672,1060648336
2019-01-31,51171382,1058469638,0,76400,1034456,1059504094
2019-02-01,18927221,1051346245,0,76400,1041332,1052387577
2019-02-11,107402695,1086658732,0,71400,980322,1087639054
2019-02-12,50970505,1073888368,5000,57400,790972,1074679340
2019-02-13,159304136,1186467980,29000,80100,1114992,1187582972
2019-02-14,62337679,1193125161,0,55200,768384,1193893545
2019-02-15,62959052,1183529506,1300,51500,696280,1184225786
2019-02-18,75817630,1173905527,15000,47500,659300,1174564827
2019-02-19,100780547,1144325922,0,32500,455000,1144780922
2019-02-20,181902231,1102307746,72500,103700,1534760,1103842506
2019-02-21,122514620,1109113333,0,41200,597812,1109711145
2019-02-22,87559491,1101441873,19000,55200,810888,1102252761
2019-02-25,191813537,1146973249,47000,83200,1283776,1148257025
2019-02-26,162046458,1142418228,19000,60200,913234,1143331462
2019-02-27,154323628,1139846684,52585,107785,1674979,1141521663
2019-02-28,132409970,1200730928,5000,41200,630772,1201361700
2019-03-01,79845774,1162903899,0,36200,550602,1163454501
2019-03-04,225055741,1153661824,66000,102200,1629068,1155290892
2019-03-05,129789805,1131638551,0,64200,1043250,1132681801
2019-03-06,134680176,1147138016,24000,55200,894792,1148032808
2019-03-07,114498569,1167170941,1400,42100,681178,1167852119
2019-03-08,116186988,1182307072,33500,65400,991464,1183298536
2019-03-11,88241688,1203644270,23500,54700,839645,1204483915
2019-03-12,114175502,1221748641,10200,41400,633834,1222382475
2019-03-13,111415631,1216924142,62200,94100,1488662,1218412804
2019-03-14,109416575,1211528872,0,31900,502425,1212031297
2019-03-15,139214346,1196787542,58000,89900,1495037,1198282579
2019-03-18,165509145,1198968193,26700,72900,1333341,1200301534
2019-03-19,285125528,1267451239,63600,136500,2604420,1270055659
2019-03-20,192152397,1265480050,0,64800,1278504,1266758554
2019-03-21,171074037,1287287240,29700,94500,1837080,1289124320
2019-03-22,191115285,1329144934,42000,91900,1917953,1331062887
2019-03-25,146698730,1329462049,43700,102600,1968894,1331430943
2019-03-26,97466976,1312127883,5900,74100,1376037,1313503920
2019-03-27,106733866,1323131768,62400,125600,2368816,1325500584
2019-03-28,110565442,1350741740,10000,74600,1304008,1352045748
2019-03-29,73333111,1274343636,61000,105200,1992488,1276336124
2019-04-01,125596561,1235858626,10400,54600,1104558,1236963184
2019-04-02,274726038,1309276171,67900,112500,2439000,1311715171
2019-04-03,124138496,1306983382,24000,87200,1837304,1308820686
2019-04-04,114338591,1241453084,100,44800,942144,1242395228
2019-04-08,161920574,1247149290,36000,80300,1605197,1248754487
2019-04-09,126171691,1271748793,42200,87100,1767259,1273516052
2019-04-10,88475938,1270774870,29800,74900,1516725,1272291595
2019-04-11,98911258,1272119054,61600,106700,2196953,1274316007
2019-04-12,60742963,1253222933,24000,83200,1681472,1254904405
2019-04-15,114238885,1278525591,8500,81700,1642170,1280167761
2019-04-16,84775373,1274689965,52000,97600,1956880,1276646845
2019-04-17,103651329,1302937786,14500,68700,1339650,1304277436
2019-04-18,89107242,1333958149,6400,60600,1182912,1335141061
2019-04-19,56868069,1319998649,18000,48200,941346,1320939995
2019-04-22,88900291,1338974312,27300,75500,1397505,1340371817
2019-04-23,26419706,1314293218,0,51500,959445,1315252663
2019-04-24,57406500,1292100017,9500,59600,1096044,1293196061
2019-04-25,43689111,1293903272,1400,41500,742850,1294646122
2019-04-26,38907163,1300681032,14800,56300,1013963,1301694995
2019-04-29,35238155,1296422565,9500,49600,894288,1297316853
2019-04-30,29771835,1285752379,10900,51000,926670,1286679049
2019-05-06,47292104,1284243055,10000,49600,824848,1285067903
2019-05-07,31481272,1257901577,24500,74100,1281930,1259183507
2019-05-08,36869256,1256957824,0,33100,579250,1257537074
2019-05-09,60504488,1260966754,74600,95100,1517796,1262484550
2019-05-10,33507927,1224842870,6100,34700,568733,1225411603
2019-05-13,17045100,1211596068,5000,39700,653065,1212249133
2019-05-14,19732161,1199614474,15600,50300,840513,1200454987
2019-05-15,35991378,1216111056,0,44700,754536,1216865592
2019-05-16,24924391,1221049997,5600,40300,673816,1221723813
2019-05-17,26824496,1210170332,0,40300,652054,1210822386
2019-05-20,22216905,1190141809,24000,62900,962370,1191104179
2019-05-21,16916964,1166382756,27900,50300,824920,1167207676
2019-05-22,28031395,1179931814,0,45300,713475,1180645289
2019-05-23,13951205,1180377213,0,37800,590814,1180968027
2019-05-24,17505398,1183010046,5000,36800,579232,1183589278
2019-05-27,26763139,1192051116,0,35500,564805,1192615921
2019-05-28,32856465,1184763622,20000,40500,639495,1185403117
2019-05-29,14320331,1180436372,0,20500,321645,1180758017
2019-05-30,13426795,1178649728,1000,21500,338840,1178988568
2019-05-31,18304798,1177126633,0,9000,139500,1177266133
2019-06-03,14309912,1164730807,17000,26000,398320,1165129127
2019-06-04,10404345,1163040860,0,25000,377500,1163418360
2019-06-05,8824554,1151270039,36000,55000,845350,1152115389
2019-06-06,17665551,1155929417,3100,17100,257868,1156187285
2019-06-10,32861503,1165274364,79700,91800,1439424,1166713788
2019-06-11,48593176,1175338475,0,35100,566514,1175904989
2019-06-12,38432456,1184825019,10500,45600,718656,1185543675
2019-06-13,25867774,1186736180,500,35600,562836,1187299016
2019-06-14,19464894,1181626649,600,12700,198755,1181825404
2019-06-17,44455877,1194540244,31500,43700,702696,1195242940
2019-06-18,28180325,1194132256,16700,55200,894240,1195026496
2019-06-19,30312481,1204985360,500,29200,472456,1205457816
2019-06-20,38696186,1208331987,20500,44200,723112,1209055099
2019-06-21,41620897,1199070528,500,12700,209550,1199280078
2019-06-24,21906891,1194065366,11600,24300,396819,1194462185
2019-06-25,23867253,1199772917,0,24300,392931,1200165848
2019-06-26,10078290,1196916923,500,24300,394632,1197311555
2019-06-27,25710248,1197263026,0,24300,397791,1197660817
2019-06-28,42569234,1207094675,5000,29300,483450,1207578125
2019-07-01,50153951,1209523490,10700,34500,579945,1210103435
2019-07-02,36207893,1193269026,32500,56300,940210,1194209236
2019-07-03,56518511,1208053874,54500,79300,1331447,1209385321
2019-07-04,59787424,1218095902,45400,84000,1410360,1219506262
2019-07-05,69816596,1182199557,0,64800,502848,1182702405
2019-07-08,34438240,1189998671,70000,111800,838500,1190837171
2019-07-09,27367809,1176334097,94400,170200,1242460,1177576557
2019-07-10,19567281,1176953427,0,64200,469944,1177423371
2019-07-11,13596656,1168134472,0,64200,468660,1168603132
2019-07-12,31016202,1105112379,76500,140700,984900,1106097279
2019-07-15,37301409,1088816185,20300,83500,594520,1089410705
2019-07-16,31841059,1093186048,118200,158700,1125183,1094311231
2019-07-17,32766325,1093662879,91000,154500,1106220,1094769099
2019-07-18,23371954,1099335300,2000,108500,761670,1100096970
2019-07-19,27811691,1088046878,118400,183900,1329597,1089376475
2019-07-22,30447975,1092090609,20000,83500,593685,1092684294
2019-07-23,18023364,1096565038,0,83500,587005,1097152043
2019-07-24,13064983,1089236903,26400,89900,632896,1089869799
2019-07-25,14040644,1088760103,1000,90700,640342,1089400445
2019-07-26,36284658,1104058233,1000,44700,312900,1104371133
2019-07-29,18328681,1078361680,0,44700,312900,1078674580
2019-07-30,12354340,1078244374,21000,65700,461871,1078706245
2019-07-31,21535057,1079880183,0,44700,309771,1080189954
2019-08-01,18021473,1072329489,0,41300,285796,1072615285
2019-08-02,24089636,1071246686,24000,65300,446652,1071693338
2019-08-05,16352000,1067589170,1000,66300,446199,1068035369
2019-08-06,24304098,1072395676,25400,88400,583440,1072979116
2019-08-07,17969156,1075799189,21000,109400,722040,1076521229
2019-08-08,7626487,1074488717,1000,63400,416538,1074905255
2019-08-09,19954951,1078163900,0,43400,277760,1078441660
2019-08-12,15227134,1070550248,200,41200,261620,1070811868
2019-08-13,14361208,1066895484,3700,44700,275352,1067170836
2019-08-14,24190694,1055639951,0,32000,194240,1055834191
2019-08-15,24652157,1031752288,7400,39400,239946,1031992234
2019-08-16,22010935,1027869075,2700,40700,247863,1028116938
2019-08-19,27563918,1031617345,0,36600,225822,1031843167
2019-08-20,13544966,1020572968,3000,39600,248292,1020821260
2019-08-21,5760380,1011286176,0,39600,248688,1011534864
2019-08-22,7132248,1010423535,0,39600,247500,1010671035
2019-08-23,8519089,1007134576,2700,42300,261414,1007395990
2019-08-26,3835828,1002799941,0,39400,240734,1003040675
2019-08-27,17019373,999325204,48800,88200,560952,999886156
2019-08-28,12786688,1004859166,0,42200,265016,1005124182
2019-08-29,8384668,1006897763,1600,42800,266216,1007163979
2019-08-30,10893624,997409168,1000,43800,267618,997676786
2019-09-02,14601860,1000929349,46000,84100,523943,1001453292
2019-09-03,6831042,992817699,3800,41900,263551,993081250
2019-09-04,22404009,989440382,47000,88900,574294,990014676
2019-09-05,29806569,992554883,200,37400,239734,992794617
2019-09-06,17009444,997945585,3000,40400,258156,998203741
2019-09-09,16784377,993549569,3700,44100,287091,993836660
2019-09-10,22544703,987778867,46000,88300,573067,988351934
2019-09-11,27297987,995752244,0,42300,271989,996024233
2019-09-12,20189069,979037133,12000,54300,355665,979392798
2019-09-16,19084845,977690777,4500,58800,384552,978075329
2019-09-17,20931207,985158885,41500,96600,612444,985771329
2019-09-18,23317291,980575957,3700,54300,356751,980932708
2019-09-19,15763964,977174649,0,54300,352950,977527599
2019-09-20,15608902,969202648,0,50600,324852,969527500
2019-09-23,13520679,966555253,0,50600,315238,966870491
2019-09-24,7329389,959829400,0,50600,313720,960143120
2019-09-25,7704677,957379826,3700,54300,331230,957711056
2019-09-26,6719495,942779006,0,54300,330687,943109693
2019-09-27,8752565,939372902,0,54300,329058,939701960
2019-09-30,4517635,931239123,0,54300,326343,931565466
2019-10-08,13600400,932992634,0,38600,232372,933225006
2019-10-09,29413250,927722240,3700,42300,258453,927980693
2019-10-10,21279767,913206474,700,42900,261261,913467735
2019-10-11,27297149,903261331,0,39300,238158,903499489
2019-10-14,35027519,878753794,23100,62400,381264,879135058
2019-10-15,28388235,881612721,1400,54700,329294,881942015
2019-10-16,24172709,878953358,5900,60400,366024,879319382
2019-10-17,16550261,883274933,3500,60200,363608,883638541
2019-10-18,11643775,876663000,0,43800,263238,876926238
2019-10-21,24343529,876434917,200,44000,262240,876697157
2019-10-22,25055183,880850226,0,43800,260172,881110398
2019-10-23,21981627,883601998,3600,40000,232800,883834798
2019-10-24,7233307,878718995,0,40000,233600,878952595
2019-10-25,10296294,876026558,0,40000,235200,876261758
2019-10-28,16386082,870315879,2300,38700,231039,870546918
2019-10-29,16203059,876162069,0,38600,227354,876389423
2019-10-30,21096390,860798328,3700,42300,242802,861041130
2019-10-31,3137571,850680008,1300,43600,251136,850931144
2019-11-01,12829268,853788042,0,43600,253752,854041794
2019-11-04,31273308,864027310,0,43600,254188,864281498
2019-11-05,35559180,868842281,0,43600,255496,869097777
2019-11-06,7491778,864995504,0,43600,252008,865247512
2019-11-07,12066961,865423563,0,43600,252444,865676007
2019-11-08,11438124,859198397,0,43600,252444,859450841
2019-11-11,17957542,840513146,0,38600,215388,840728534
2019-11-12,13256220,841555298,0,38600,215774,841771072
2019-11-13,7518677,834460403,0,38600,213458,834673861
2019-11-14,5549621,831788489,3700,42300,232650,832021139
2019-11-15,12334393,834222117,0,42300,232650,834454767
2019-11-18,8338419,822579634,3800,46100,255394,822835028
2019-11-19,16007736,824410675,0,46100,257238,824667913
2019-11-20,5343567,821104912,0,42300,232650,821337562
2019-11-21,7340519,818851370,3800,46100,254472,819105842
2019-11-22,12742813,818128715,10000,52300,292880,818421595
2019-11-25,63351358,841536621,160400,212700,1269819,842806440
2019-11-26,31627263,841773154,0,52300,301248,842074402
2019-11-27,18385573,847104594,4200,56500,323745,847428339
2019-11-28,11305705,841298556,0,46500,262260,841560816
2019-11-29,10924054,842152884,0,42300,239418,842392302
2019-12-02,27968803,853959047,10000,52300,301248,854260295
2019-12-03,14747699,849492558,0,42300,246186,849738744
2019-12-04,9435208,803461800,0,42300,244494,803706294
2019-12-05,20160086,812899316,5000,47300,271502,813170818
2019-12-06,14663269,811886657,0,42300,241956,812128613
2019-12-09,46128362,832982538,0,36900,215127,833197665
2019-12-10,16661719,828376101,0,36900,214758,828590859
2019-12-11,19837425,829261482,0,36900,215127,829476609
2019-12-12,34699459,835496136,50000,86900,495330,835991466
2019-12-13,17845679,825609958,0,86900,499675,826109633
2019-12-16,52001173,826973734,2000,88900,535178,827508912
2019-12-17,59258624,820676437,68000,133700,830277,821506714
2019-12-18,36403916,820078232,0,128700,794079,820872311
2019-12-19,29537154,815048113,0,128700,803088,815851201
2019-12-20,43702485,824246363,0,118700,735940,824982303
2019-12-23,30119601,821335565,15000,96400,572616,821908181
2019-12-24,18962240,829810677,0,76400,453052,830263729
2019-12-25,18534233,834973747,100,74900,440412,835414159
2019-12-26,47403320,835792838,120000,194900,1190839,836983677
2019-12-27,32536360,833482449,50300,124500,753225,834235674
2019-12-30,50512032,851745631,17900,109700,676849,852422480
2019-12-31,31866913,846969346,60900,130600,803190,847772536
2020-01-02,66396008,854970295,13900,87100,540020,855510315
2020-01-03,27661960,841982192,5000,76900,471397,842453589
2020-01-06,40710790,824493643,3000,74700,456417,824950060
2020-01-07,39525634,815250769,14200,88900,549402,815800171
2020-01-08,45638570,830608875,1300,77200,466288,831075163
2020-01-09,22370567,823778108,247200,324400,1972352,825750460
2020-01-10,34312378,824807276,900,185300,1111800,825919076
2020-01-13,22969386,810868471,0,58100,351505,811219976
2020-01-14,30225715,804593126,20000,78100,477972,805071098
2020-01-15,32879421,793105360,0,54100,326223,793431583
2020-01-16,19955701,790389882,5000,59100,352236,790742118
2020-01-17,13673560,773135585,2700,61800,365856,773501441
2020-01-20,20555640,773193534,1800,63600,377784,773571318
2020-01-21,20897563,766877540,10700,64300,372297,767249837
2020-01-22,22560552,774846586,0,47500,276925,775123511
2020-01-23,23513718,762066191,7800,55300,310233,762376424
2020-02-03,4217255,750727464,0,51600,260580,750988044
2020-02-04,34100218,755103878,0,51600,252324,755356202
2020-02-05,21970530,748497312,0,41600,205088,748702400
2020-02-06,21796070,747949615,0,41600,205920,748155535
2020-02-07,12840125,739139491,0,41600,205504,739344995
2020-02-10,33968544,747003174,9000,47800,240912,747244086
2020-02-11,18265434,745427482,700,39500,200265,745627747
2020-02-12,13688914,746467593,0,39500,200265,746667858
2020-02-13,27809587,754382204,14000,53500,274455,754656659
2020-02-14,52375049,760942996,138800,192300,1038420,761981416
2020-02-17,37099550,752776906,33600,155900,843419,753620325
2020-02-18,36786949,757685085,40800,170800,912072,758597157
2020-02-19,27769055,759814307,67800,238600,1274124,761088431
2020-02-20,26945296,751697691,0,213600,1149168,752846859
2020-02-21,41444102,754170113,1100,207000,1109520,755279633
2020-02-24,45137457,741296077,8100,176200,925050,742221127
2020-02-25,30919527,738210855,45700,202400,1050456,739261311
2020-02-26,82181181,735230036,169400,371800,2015156,737245192
2020-02-27,85957881,754386815,10000,277000,1523500,755910315
2020-02-28,33287698,754207074,41200,243800,1294578,755501652
2020-03-02,80548669,757525570,120300,298300,1634684,759160254
2020-03-03,51593300,749524583,200,198100,1079645,750604228
2020-03-04,127661794,775834913,137900,336000,2016000,777850913
2020-03-05,227880130,809335835,47400,266100,1756260,811092095
2020-03-06,181636269,820749039,70900,281700,1808514,822557553
2020-03-09,91147569,797764161,527800,658000,3895360,801659521
2020-03-10,70945891,794703298,310300,862500,5269875,799973173
2020-03-11,64116573,801033429,309900,915500,5493000,806526429
2020-03-12,51092246,783028362,627700,1540900,9322445,792350807
2020-03-13,47591164,784775953,126900,1161300,6967800,791743753
2020-03-16,64267144,777132108,259800,1290400,7252048,784384156
2020-03-17,49287629,773766453,186600,1203000,6496200,780262653
2020-03-18,41234785,761709097,319900,1423200,7315248,769024345
2020-03-19,20859225,732007636,233500,840400,4235616,736243252
2020-03-20,20376399,726102202,94200,765100,3978520,730080722
2020-03-23,24560296,725703110,238400,832300,4069947,729773057
2020-03-24,26837890,735402279,82300,733500,3674835,739077114
2020-03-25,56441415,743383297,363100,962600,5149910,748533207
2020-03-26,43754979,739919664,171900,955700,5065210,744984874
2020-03-27,56831303,746953667,398200,1156900,6235691,753189358
2020-03-30,22532224,742923142,100500,843900,4472670,747395812
2020-03-31,49087687,768443935,45100,724000,3743080,772187015
2020-04-01,20756260,765343413,209200,899400,4676880,770020293
2020-04-02,29643508,777025010,16800,516000,2719320,779744330
2020-04-03,23917201,774159511,119400,485700,2511069,776670580
2020-04-07,50583162,782103443,4900,362100,1897404,784000847
2020-04-08,27607277,786646194,71700,422400,2175360,788821554
2020-04-09,19285037,784467786,87800,488800,2522208,786989994
2020-04-10,23835134,776161837,288300,772600,3932534,780094371
2020-04-13,16099993,776383888,30000,691100,3455500,779839388
2020-04-14,15262652,774728939,31000,722100,3675489,778404428
2020-04-15,16547258,769584683,23737,725837,3629185,773213868
2020-04-16,9403729,767982866,96000,761037,3789964,771772830
2020-04-17,20085958,771555031,42400,643837,3238500,774793531
2020-04-20,17586842,767058766,74600,708637,3543185,770601951
2020-04-21,25327511,756272220,64361,733498,3557465,759829685
2020-04-22,8757703,748118724,141600,711798,3452220,751570944
2020-04-23,12673352,743724589,37300,700198,3395960,747120549
2020-04-24,17701152,737329906,37200,736298,3431148,740761054
2020-04-27,24237764,726545140,226200,917798,4038311,730583451
2020-04-28,0,721062225,0,857798,3774311,724836536
2020-04-29,0,713431997,0,857798,3774311,717206308
2020-04-30,0,699758979,0,857798,3774311,703533290
2020-05-06,0,697587020,0,857798,3774311,701361331
2020-05-07,0,695224924,0,857798,3774311,698999235
2020-05-08,0,692244179,0,857798,3774311,696018490
2020-05-11,0,686890900,0,857798,3774311,690665211
2020-05-12,0,685580503,0,857798,3774311,689354814
2020-05-13,0,684734217,0,857798,3774311,688508528
2020-05-14,30494472,690451633,1200,619998,2634991,693086624
2020-05-15,30975194,681259065,100600,708298,3314834,684573899
2020-05-18,28607488,689383996,25200,522498,2361691,691745687
2020-05-19,21755473,693254521,66500,484661,2151895,695406416
2020-05-20,27390238,695935679,63700,548361,2336018,698271697
2020-05-21,27491400,676296911,211000,750361,3384128,679681039
2020-05-22,19488713,684820787,121400,769961,3280034,688100821
2020-05-25,10550109,688776991,13800,760161,3207879,691984870
2020-05-26,10567220,685231174,2100,699461,2993693,688224867
2020-05-27,24954679,689471194,19300,519261,2154933,691626127
2020-05-28,11250296,686257249,12500,520761,2145535,688402784
2020-05-29,9773754,684465456,88500,559161,2298152,686763608
2020-06-01,14362699,671462438,56900,576061,2603796,674066234
2020-06-02,30041832,666726061,26300,516161,2358856,669084917
2020-06-03,30235262,668603572,4300,500561,2232502,670836074
2020-06-04,37714790,677080563,193700,689561,3220250,680300813
2020-06-05,17697961,675012240,3800,563961,2639337,677651577
2020-06-08,16787149,676872835,23417,503878,2327917,679200752
2020-06-09,15711955,675717284,108600,562478,2564900,678282184
2020-06-10,24054957,683922194,69411,526989,2434690,686356884
2020-06-11,24135187,679378280,6500,474378,2277015,681655295
2020-06-12,18739706,674542038,32000,443678,2138528,676680566
2020-06-15,24772276,673066521,32100,432278,2131131,675197652
2020-06-16,25556104,661816351,59900,472378,2267415,664083766
2020-06-17,29602850,674417272,23800,492878,2390458,676807730
2020-06-18,36489226,692874215,221300,714078,3434715,696308930
2020-06-19,18258703,689869985,157900,813978,3923374,693793359
2020-06-22,62645403,665736612,204200,887478,4668134,670404746
2020-06-23,63055412,670621255,231300,1016778,5246575,675867830
2020-06-24,46234098,688601444,149300,1029878,5406859,694008303
2020-06-29,38410202,698521696,129500,1068778,5472143,703993839
2020-06-30,28569769,678660522,107700,1125978,5731228,684391750
2020-07-01,22133167,657860022,327000,1451878,7622359,665482381
2020-07-02,105827878,705146318,213200,1625678,9396419,714542737
2020-07-03,110738501,693785166,80142,1573420,10006951,703792117
2020-07-06,136290041,716835753,10400,1521520,10650640,727486393
2020-07-07,308109770,876812058,178500,1499720,10812982,887625040
2020-07-08,155532472,839891418,87600,1478820,9952459,849843877
2020-07-09,129718792,835499371,71600,1450320,9470589,844969960
2020-07-10,108505225,816375049,179600,1608920,10377534,826752583
2020-07-13,87026996,787211217,100100,1616820,10574003,797785220
2020-07-14,72835311,782889902,164400,1672220,10936319,793826221
2020-07-15,45115214,727550234,209700,1859520,10952572,738502806
2020-07-16,69333949,709270662,123500,1747520,9349232,718619894
2020-07-17,26822130,704859873,76300,1660320,8666870,713526743
2020-07-20,15741225,683431705,100200,1734720,9835862,693267567
2020-07-21,26132641,688447554,111800,1829220,10261924,698709478
2020-07-22,15645424,675353781,62100,1697120,9402045,684755826
2020-07-23,36659890,675646893,103158,1767978,9794598,685441491
2020-07-24,35477827,675094703,188500,1908578,10210892,685305595
2020-07-27,42767819,684656144,228300,2081978,10951204,695607348
2020-07-28,22667372,694141086,120400,2045178,10655378,704796464
2020-07-29,24536454,700134785,45600,2018978,10983240,711118025
2020-07-30,37115579,701533235,240600,2255878,13490151,715023386
2020-07-31,188535110,765493531,223900,2414478,14341999,779835530
2020-08-03,59078079,743625225,67700,2157720,12514777,756140002
2020-08-04,55781282,739875537,144200,2213420,12306616,752182153
2020-08-05,38645477,744021871,31200,2220720,12236167,756258038
2020-08-06,24782134,742907970,68200,2263920,12157251,755065221
2020-08-07,38648574,756280893,62100,2225820,11952654,768233547
2020-08-10,22406840,736220047,47300,2240520,12412481,748632528
2020-08-11,13585739,722794611,16800,2253120,12166848,734961459
2020-08-12,17968051,725501299,116400,2365820,12870060,738371359
2020-08-13,18228774,720733624,20300,2358020,12921949,733655573
2020-08-14,20802120,716165117,48700,2300420,12836343,729001460
2020-08-17,20520087,714960220,18900,2275720,12721275,727681495
2020-08-18,14789286,714873018,72600,2318020,12795471,727668489
2020-08-19,14116292,713125852,92500,2293420,12453270,725579122
2020-08-20,9229210,710786876,11000,2111420,11401668,722188544
2020-08-21,4408796,709390818,93300,2154920,11593469,720984287
2020-08-24,17150411,716141796,120200,2232620,11721255,727863051
2020-08-25,10393118,714057967,400,2123120,11018993,725076960
2020-08-26,13408913,707459505,22200,2061820,10226627,717686132
2020-08-27,11514071,710784549,23500,1961420,9787486,720572035
2020-08-28,10153433,703853965,46000,1892820,9691238,713545203
2020-08-31,9697908,701528369,161000,2012420,10384088,711912457
2020-09-01,13277040,701825308,61700,2041420,10615383,712440691
2020-09-02,8077707,691358421,118000,2140520,10959462,702317883
2020-09-03,7827962,691590211,35600,2139320,10846352,702436563
2020-09-04,11587861,694100751,39300,2154620,11074747,705175498
2020-09-07,18517950,684261175,49200,2092220,11318910,695580085
2020-09-08,15328959,691091330,83100,2084920,11133473,702224803
2020-09-09,13025688,694210200,44100,2046620,10826620,705036820
2020-09-10,19336765,705946081,20000,1981420,10065613,716011694
2020-09-11,8926677,705162478,43900,2007120,10236312,715398790
2020-09-14,5887353,706367934,36300,2040620,10350227,716718161
2020-09-15,4070489,706992845,75300,2000320,10061610,717054455
2020-09-16,5505559,706494676,22700,1858820,9368453,715863129
2020-09-17,10992062,706151515,89234,1789954,9110866,715262381
2020-09-18,9243422,705706041,75000,1857554,9677857,715383898
2020-09-21,9526388,701770964,85900,1921754,9858597,711629561
2020-09-22,23801310,715729397,26600,1860854,9322878,725052275
2020-09-23,8433975,713624307,71500,1932254,9661270,723285577
2020-09-24,5346631,713712439,133600,2031854,9956085,723668524
2020-09-25,16536450,709547048,44832,1987144,8763305,718310353
2020-09-28,10116867,705105618,47200,1643783,7512088,712617706
2020-09-29,14734284,712772990,39000,1517883,6830474,719603464
2020-09-30,10572596,710490092,142100,1597383,6900694,717390786
2020-10-09,6553101,708263697,140400,1600283,7073250,715336947
2020-10-12,7089608,705682848,4000,1567583,7179531,712862379
2020-10-13,6955059,706492127,225800,1715083,7717874,714210001
2020-10-14,6638397,705861231,108500,1815783,7934972,713796203
2020-10-15,5763614,704980287,20900,1757483,7451728,712432015
2020-10-16,7662875,704694803,22200,1771983,7371449,712066252
2020-10-19,9907699,706741000,111500,1850983,7644559,714385559
2020-10-20,9679901,709468808,300,1836683,7585500,717054308
2020-10-21,4899534,709974643,20800,1597483,6533706,716508349
2020-10-22,7648618,708640376,262800,1842883,7574250,716214626
2020-10-23,3990559,706894881,46000,1806483,7406580,714301461
2020-10-26,10208371,709440637,208900,2010883,8325055,717765692
2020-10-27,8938874,715699394,30900,2000183,8220753,723920147
2020-10-28,5410035,717476740,54100,2054283,8360931,725837671
2020-10-29,9100602,707486913,31600,2057483,8003608,715490521
2020-10-30,5996155,696727694,31500,1972483,7396812,704124506
2020-11-02,6833063,695129235,41900,2000383,7581451,702710686
2020-11-03,5444984,663380315,2000,1831883,6942836,670323151
2020-11-04,2114315,657622561,4900,1731583,6458804,664081365
2020-11-05,5490282,645311117,55400,1774083,6652812,651963929
2020-11-06,3765602,641932301,87100,1857983,6874537,648806838
2020-11-09,13204390,645586695,25500,1811683,6920629,652507324
2020-11-10,8863966,647363400,198800,2002883,7510812,654874212
2020-11-11,2487135,645840731,17500,1951783,7280150,653120881
2020-11-12,11308167,642424586,86900,2037683,7967340,650391926
2020-11-13,6807891,639831077,7800,1943583,7599409,647430486
2020-11-16,7831071,641675971,26600,1948483,7599084,649275055
2020-11-17,9491543,635369460,76000,1991383,7826136,643195596
2020-11-18,12075690,629237740,32900,1825183,7264228,636501968
2020-11-19,10726138,633445973,22700,1773883,6935882,640381855
2020-11-20,3822021,631262391,20000,1726683,6751330,638013721
2020-11-23,7375034,627300411,5100,1670983,6516834,633817245
2020-11-24,8141786,629334883,300,1549654,6012657,635347540
2020-11-25,5364786,629501579,33100,1527654,5805086,635306665
2020-11-26,5517986,628046631,36600,1528054,5699641,633746272
2020-11-27,21148378,628690050,62800,1563354,6159615,634849665
2020-11-30,21269842,630541713,5200,1420554,5810066,636351779
2020-12-01,12820563,625036604,34600,1234754,4926669,629963273
2020-12-02,12800648,625170997,8100,1035517,4100647,629271644
2020-12-03,14005411,634475199,0,635817,2466970,636942169
2020-12-04,5215307,633211441,22400,486517,1877956,635089397
2020-12-07,6837453,636920094,11900,401617,1526145,638446239
2020-12-08,5470899,636709049,12700,287617,1090068,637799117
2020-12-09,3689505,631710377,3900,281817,1045541,632755918
2020-12-10,2827117,630062117,600,282417,1044943,631107060
2020-12-11,8138671,610081610,2100,284517,998655,611080265
2020-12-14,3425351,609103842,8800,285617,993947,610097789
2020-12-15,5559562,597498790,19400,268617,899867,598398657
2020-12-16,5676627,586480562,45200,311117,1042242,587522804
2020-12-17,4475335,585294915,40200,350417,1184409,586479324
2020-12-18,4336764,581609381,130500,480117,1646801,583256182
2020-12-21,2884904,580370309,52700,503017,1705228,582075537
2020-12-22,5005529,577982562,168900,659217,2241338,580223900
2020-12-23,2132241,576275996,73200,732017,2518138,578794134
2020-12-24,3506482,573376643,123354,853771,2834519,576211162
2020-12-25,1976741,567639684,156100,1009371,3351111,570990795
2020-12-28,1778954,566905010,123500,1132771,3738144,570643154
2020-12-29,1725094,565082368,81300,1213871,4005774,569088142
2020-12-30,2097459,560493614,41800,1255271,4067078,564560692
2020-12-31,4238853,555940998,144000,1394271,4559267,560500265
2021-01-04,7511709,548783468,149400,1518671,4677506,553460974
2021-01-05,4885059,532693478,65300,1556971,4577495,537270973
2021-01-06,3641167,528393478,68600,1616471,4687766,533081244
2021-01-07,4098294,516907697,45300,1654771,4600263,521507960
2021-01-08,3595612,509164672,52400,1604971,4590217,513754889
2021-01-11,3589627,508047540,77900,1613171,4420089,512467629
2021-01-12,1882708,503041228,12000,1371071,3756735,506797963
2021-01-13,1688916,500115897,200,1248871,3371952,503487849
2021-01-14,7946452,496765040,42500,1275671,3788742,500553782
2021-01-15,10353741,499621977,57600,1259817,3628273,503250250
2021-01-18,6801648,500129865,51900,1271417,3699823,503829688
2021-01-19,12255870,494870047,18300,1288817,4124214,498994261
2021-01-20,11443467,496520684,86600,1358717,4184848,500705532
2021-01-21,14801200,498418055,92900,1354217,4387663,502805718
2021-01-22,3979652,496266018,74300,1391717,4369991,500636009
2021-01-25,8291515,495370784,96700,1431517,4294551,499665335
2021-01-26,3408422,465362321,164700,1519717,4346391,469708712
2021-01-27,3359486,461922596,39700,1544617,4294035,466216631
2021-01-28,2515625,458276313,70700,1520217,4165395,462441708
2021-01-29,2547818,451437541,52000,1556317,4155366,455592907
2021-02-01,3060876,448804706,11200,1554417,4057028,452861734
2021-02-02,1759431,445958318,36500,1570217,4145373,450103691
2021-02-03,2165415,442985632,31600,1601817,4244815,447230447
2021-02-04,404753,440988899,40800,1642617,4237952,445226851
2021-02-05,4921910,436382298,22600,1653917,4498654,440880952
2021-02-08,5267791,434419712,900,1654617,4732205,439151917
2021-02-09,2529483,432846486,125100,1779717,5001005,437847491
2021-02-10,3873286,428387888,17800,1702117,4868055,433255943
2021-02-18,3665724,422868206,36800,1719817,5039064,427907270
2021-02-19,10011685,420612399,6100,1701117,5375530,425987929
2021-02-22,8315741,417771885,0,1690517,5578706,423350591
2021-02-23,9271689,421326678,8500,1698917,5317610,426644288
2021-02-24,6498050,420655254,31800,1659617,5393755,426049009
2021-02-25,15889027,425231031,91500,1727417,5769573,431000604
2021-02-26,9773116,425933970,17400,1742117,5748986,431682956
2021-03-01,4654024,424614863,81200,1709717,5590775,430205638
2021-03-02,5269615,425216126,37600,1741217,5746016,430962142
2021-03-03,7157411,424870649,43300,1766717,5777165,430647814
2021-03-04,6149540,423127211,200,1653617,5423864,428551075
2021-03-05,15618623,424668449,13700,1542117,5351146,430019595
2021-03-08,9442314,420387556,158600,1659317,5625085,426012641
2021-03-09,5568673,420266839,32400,1641017,5349715,425616554
2021-03-10,5638005,421243412,55600,1696317,5377325,426620737
2021-03-11,11210092,422574644,41300,1668917,5557494,428132138
2021-03-12,14865942,424833291,59300,1722517,5822107,430655398
2021-03-15,6698834,428220115,23600,1743617,5928298,434148413
2021-03-16,2872997,427748476,14700,1734917,5916067,433664543
2021-03-17,8446867,431463747,2500,1722517,5753207,437216954
2021-03-18,4048980,431169748,22300,1744817,5688103,436857851
2021-03-19,4528838,431430265,26600,1708617,5672608,437102873
2021-03-22,3178356,429283078,64500,1773117,6010867,435293945
2021-03-23,2483858,430726531,112500,1885517,6354192,437080723
2021-03-24,2138963,430317166,5800,1891217,6203192,436520358
2021-03-25,2104613,429252064,100,1855117,6010579,435262643
2021-03-26,1589648,426628056,111900,1958317,6344947,432973003
2021-03-29,6209951,426765377,60500,1974517,6160493,432925870
2021-03-30,5526938,427213211,28100,1972817,5977636,433190847
2021-03-31,3632401,427374385,121500,1845017,5645752,433020137
2021-04-01,1426760,426792886,5300,1839017,5535441,432328327
2021-04-02,1074172,420844413,20200,1847217,5449290,426293703
2021-04-06,2165312,417507191,13500,1856117,5512667,423019858
2021-04-07,2697969,405393221,24700,1880817,5623643,411016864
2021-04-08,3533360,405304852,1700,1877917,5427180,410732032
2021-04-09,2733674,405113809,38000,1915717,5498108,410611917
2021-04-12,1049818,403691432,21900,1930817,5522137,409213569
2021-04-13,2084675,403663280,245700,2126517,5932982,409596262
2021-04-14,1280903,401425606,14200,2130217,6028514,407454120
2021-04-15,721059,399915563,26200,2020417,5657168,405572731
2021-04-16,1570958,395169130,49700,2043117,5884177,401053307
2021-04-19,9511762,399130120,8500,2014817,5722080,404852200
2021-04-20,5115692,400688851,35100,2040317,5692484,406381335
2021-04-21,2250201,400523511,0,2040317,5508856,406032367
2021-04-22,3625377,400744634,0,2020217,5494990,406239624
2021-04-23,4237828,401175401,7200,1998817,5296865,406472266
2021-04-26,1494247,398685539,100,1988517,5289455,403974994
2021-04-27,3825502,400204522,58800,2032117,5324147,405528669
2021-04-28,1005316,396120288,400,1940317,5161243,401281531
2021-04-29,2100931,392183721,20000,1960317,5194840,397378561
2021-04-30,2497473,388796991,96700,2045817,5278208,394075199
2021-05-06,958471,385860682,4500,2002117,5365674,391226356
2021-05-07,1689318,385382942,89300,2091417,5500427,390883369
2021-05-10,1155052,382430852,29200,2120617,5428780,387859632
2021-05-11,2861328,382761595,18000,2099517,5500735,388262330
2021-05-12,1039568,381363724,18200,2080017,5491245,386854969
2021-05-13,1738808,380340183,44900,2062317,5588879,385929062
2021-05-14,1269007,379429001,49900,2100217,5670586,385099587
2021-05-17,1863192,378611928,57500,2146817,5560256,384172184
2021-05-18,388921,377240761,12300,2119117,5615660,382856421
2021-05-19,776126,376774002,17600,2126717,5529464,382303466
2021-05-20,3641524,376523733,21400,2137617,5450923,381974656
2021-05-21,1097039,376742409,4800,2141317,5481772,382224181
2021-05-24,542636,376298248,100,2082817,5352840,381651088
2021-05-25,1758417,374538946,4700,1980017,5029243,379568189
2021-05-26,2447905,373128748,27300,1890417,4952893,378081641
2021-05-27,4179710,373468682,20900,1832817,4930278,378398960
2021-05-28,3198592,372194628,1000,1701517,4611111,376805739
2021-05-31,4450081,373252458,14200,1674617,4454481,377706939
2021-06-01,3470002,374969298,36500,1671017,4444905,379414203
2021-06-02,5293552,378475239,0,1357100,3677741,382152980
2021-06-03,2410317,376865249,0,1259800,3414058,380279307
2021-06-04,1255444,375788449,7100,1102480,2921572,378710021
2021-06-07,5815535,380243977,24400,1020600,2684178,382928155
2021-06-08,851961,378990350,0,801200,2099144,381089494
2021-06-09,1314399,378831070,2500,611100,1588860,380419930
2021-06-10,2315263,379243761,0,611100,1570527,380814288
2021-06-11,1379058,375821185,0,586200,1488948,377310133
2021-06-15,2938549,369620641,2500,587500,1386500,371007141
2021-06-16,1460363,364982000,220100,786800,1856848,366838848
2021-06-17,614503,363997449,95900,882700,2074345,366071794
2021-06-18,900986,358004759,89600,940900,2154661,360159420
2021-06-21,1155340,355691407,94400,1032800,2365112,358056519
2021-06-22,1640774,356012505,153700,1186500,2740815,358753320
2021-06-23,1206714,355439609,128700,1312100,3017830,358457439
2021-06-24,1137524,355346194,215600,1517400,3490020,358836214
2021-06-25,1800591,355800139,61300,1557800,3582940,359383079
2021-06-28,2461750,355592175,112800,1670600,3775556,359367731
2021-06-29,781737,350369076,135400,1801400,4017122,354386198
2021-06-30,3239937,348903604,79700,1881000,4062960,352966564
2021-07-01,2941811,347819507,23300,1674000,3632580,351452087
2021-07-02,903592,343925704,900,1666900,3600504,347526208
2021-07-05,1105851,344162713,2500,1637600,3537216,347699929
2021-07-06,1229595,341113243,35200,1631200,3882256,344995499
2021-07-07,9028691,344774918,418600,2027100,4763685,349538603
2021-07-08,2770473,344618980,39400,1997700,4594710,349213690
2021-07-09,2886225,343083053,55300,2049700,4652819,347735872
2021-07-12,2924753,341308356,50700,2097000,4655340,345963696
2021-07-13,963762,337539241,19200,2116000,4739840,342279081
2021-07-14,2912502,336541876,11100,2127100,4658349,341200225
2021-07-15,6093311,340822571,8400,2135500,4676745,345499316
2021-07-16,1655957,340427134,131700,2242200,4887996,345315130
2021-07-19,1809289,340366442,7800,2249900,4927281,345293723
2021-07-20,1278617,339933222,22000,2267600,4966044,344899266
2021-07-21,1103051,339661498,15100,2263200,4911144,344572642
2021-07-22,1683638,339741331,15100,2278300,4921128,344662459
2021-07-23,910273,336654043,22900,2261400,4794168,341448211
2021-07-26,2301002,329680835,5300,2256700,4558534,334239369
2021-07-27,1074683,324366672,22700,2278900,4443855,328810527
2021-07-28,1144048,320165060,20700,2273300,4273804,324438864
2021-07-29,820626,318548998,0,2273300,4296537,322845535
2021-07-30,1621465,316965579,51800,2303100,4514076,321479655
2021-08-02,854377,317003157,21200,2299100,4460254,321463411
2021-08-03,465446,316105605,23100,1968900,3859044,319964649
2021-08-04,582479,314807129,47500,1840700,3570958,318378087
2021-08-05,2364774,314376374,56600,1866300,3695274,318071648
2021-08-06,5059036,315792019,0,1842300,3739869,319531888
2021-08-09,1250682,314376996,2000,1812900,3716445,318093441
2021-08-10,2021058,314241376,11900,1812400,3733544,317974920
2021-08-11,1772071,313783879,67500,1877800,3999714,317783593
2021-08-12,2092367,313991091,7600,1874500,3955195,317946286
2021-08-13,976951,313977827,0,1874200,3917078,317894905
2021-08-16,1678770,313482860,0,1873200,3933720,317416580
2021-08-17,1019839,312343760,0,1852800,3835296,316179056
2021-08-18,493079,311058439,0,1848700,3900757,314959196
2021-08-19,495507,310370089,0,1836700,3783602,314153691
2021-08-20,2099711,311230322,24200,1857400,3881966,315112288
2021-08-23,4979367,308719963,6700,1864100,3784123,312504086
2021-08-24,1485932,308955034,2000,1866100,3732200,312687234
2021-08-25,520350,307257838,10000,1875700,3732643,310990481
2021-08-26,1270995,305428464,0,1875700,3732643,309161107
2021-08-27,1410941,302006040,0,1874200,3804626,305810666
2021-08-30,1513760,301462462,16600,1890800,3743784,305206246
2021-08-31,2323773,300937121,0,1890600,3781200,304718321
2021-09-01,1805639,297657086,63300,1952400,4041468,301698554
2021-09-02,2211203,297150450,73000,2023600,4229324,301379774
2021-09-03,1450403,295962425,0,1920300,4032630,299995055
2021-09-06,3310142,296767219,0,1885200,4034328,300801547
2021-09-07,1792559,294716938,15300,1879600,4078732,298795670
2021-09-08,2450893,294213805,0,1860200,4222654,298436459
2021-09-09,1035698,292201179,1200,1858200,4199532,296400711
2021-09-10,2786218,292813911,0,1807500,3994575,296808486
2021-09-13,1447051,290911518,0,1791900,4085532,294997050
2021-09-14,2907108,291857905,30100,1819400,4020874,295878779
2021-09-15,611884,289517967,31400,1812700,3969813,293487780
2021-09-16,940854,288613254,67600,1867700,3903493,292516747
2021-09-17,699487,287967966,33800,1888900,3910023,291877989
2021-09-22,447185,286587709,15300,1879300,3890151,290477860
2021-09-23,7046872,285300839,100,1879400,4285032,289585871
2021-09-24,9458526,290351247,572000,2440500,5222670,295573917
2021-09-27,1764598,289173576,57279,2497679,5045312,294218888
2021-09-28,2683686,288963797,3900,2405579,5027660,293991457
2021-09-29,4625399,289483551,15800,2188079,4463681,293947232
2021-09-30,1539649,288844472,7900,2173179,4541944,293386416
2021-10-08,805193,285311974,0,2119879,4578939,289890913
2021-10-11,3738754,287817169,221500,2340579,5055651,292872820
2021-10-12,1630448,287812988,1200,2335479,4951215,292764203
2021-10-13,1431017,288596939,7700,2343179,4897244,293494183
2021-10-14,468589,286548082,0,2343079,4826743,291374825
2021-10-15,801960,285027617,2100,2344879,4877348,289904965
2021-10-18,1461729,285415112,17600,2352079,4939366,290354478
2021-10-19,1526896,286267567,100,2341779,4800647,291068214
2021-10-20,1551271,285751533,3800,2335679,4764785,290516318
2021-10-21,1016156,284243471,18700,2354279,4873358,289116829
2021-10-22,2771742,283387184,134400,2480679,5308653,288695837
2021-10-25,1569868,283828352,0,2444479,5035627,288863979
2021-10-26,1153520,283498598,20400,2440979,4955187,288453785
2021-10-27,1384179,279289577,28200,2467379,4934758,284224335
2021-10-28,2317198,276770127,0,2467379,4811389,281581516
2021-10-29,229436,273899425,0,2391779,4735722,278635147
2021-11-01,376518,273141654,20700,2412479,4849083,277990737
2021-11-02,1002386,273348322,0,2399879,4799758,278148080
2021-11-03,1318029,271391009,100,2378279,4708992,276100001
2021-11-04,681796,266575058,400,2369879,4621264,271196322
2021-11-05,830203,265194268,5700,2365779,4471322,269665590
2021-11-08,1099006,265596590,100,2332379,4384873,269981463
2021-11-09,649123,265034783,33600,2329079,4355378,269390161
2021-11-10,1139882,263381666,1200,2330079,4403849,267785515
2021-11-11,15378707,274058288,10800,2339479,4866116,278924404
2021-11-12,20748531,273723411,169500,2506779,5740524,279463935
2021-11-15,17295763,270969076,46200,2506179,5563717,276532793
2021-11-16,6157027,272476104,13200,2505179,5361083,277837187
2021-11-17,6802007,272589185,31000,2503579,5357659,277946844
2021-11-18,2688542,270606909,6900,2447579,5115440,275722349
2021-11-19,6399667,270432507,19600,2452679,5346840,275779347
2021-11-22,4145748,269194749,9500,2447179,5163548,274358297
2021-11-23,3805703,268559374,5500,2391579,4998400,273557774
2021-11-24,3760027,269796256,16200,2325379,4906550,274702806
2021-11-25,3898160,268514949,11600,2297279,4824286,273339235
2021-11-26,2180518,268767602,1200,2209479,4573622,273341224
2021-11-29,2636240,268575158,300,2016079,4052319,272627477
2021-11-30,1060311,267348178,18600,1818579,3691715,271039893
2021-12-01,608873,265307547,800,1500879,3151846,268459393
2021-12-02,2043216,266513781,300,1060779,2238244,268752025
2021-12-03,1699763,266897222,0,824079,1730566,268627788
2021-12-06,8570143,270918058,22700,696879,1442540,272360598
2021-12-07,4657921,262902144,19800,618379,1335699,264237843
2021-12-08,4926730,264246545,17200,635279,1334086,265580631
2021-12-09,4049947,258757811,200,450779,964667,259722478
2021-12-10,4259370,255664413,100,162300,353814,256018227
2021-12-13,5774202,260029039,400,142600,302312,260331351
2021-12-14,2644664,260484002,0,132900,273774,260757776
2021-12-15,3602368,260596881,0,129200,271320,260868201
2021-12-16,3363015,259445481,100,104000,219440,259664921
2021-12-17,2432429,257759733,0,101400,216996,257976729
2021-12-20,11736739,264567737,4700,103100,242285,264810022
2021-12-21,26715647,267253413,15600,113200,293188,267546601
2021-12-22,19183993,267676132,0,110300,272441,267948573
2021-12-23,9774322,268554441,400,99500,237805,268792246
2021-12-24,7458724,268499056,200,92100,208146,268707202
2021-12-27,3258849,268568194,5400,72400,163624,268731818
2021-12-28,4953251,271927006,0,70900,158816,272085822
2021-12-29,1423299,269311908,0,70500,157920,269469828
2021-12-30,2932397,267504641,0,70500,155805,267660446
2021-12-31,2186016,262828428,600,70800,156468,262984896
2022-01-04,3432343,261976676,0,69900,157275,262133951
2022-01-05,3841490,261702895,2300,71400,161364,261864259
2022-01-06,6699621,265465037,0,65300,149537,265614574
2022-01-07,2339204,259508021,24600,88100,222012,259730033
2022-01-10,16170010,261434401,2200,87000,224460,261658861
2022-01-11,23795533,270136650,1500,85700,219392,270356042
2022-01-12,6740715,269173434,27300,103500,264960,269438394
2022-01-13,23999632,275620431,6300,93300,243513,275863944
2022-01-14,9246138,268131072,16500,99400,245518,268376590
2022-01-17,7594346,268405441,100,70600,175088,268580529
2022-01-18,7542475,267467954,700,70900,172287,267640241
2022-01-19,10295207,268047038,27500,97800,243522,268290560
2022-01-20,4620109,250874232,0,96400,232324,251106556
2022-01-21,1262166,247646225,100,96500,226775,247873000
2022-01-24,1862517,247181072,100,62000,146940,247328012
2022-01-25,1594550,245068385,0,61900,137418,245205803
2022-01-26,1357759,244149835,1000,62800,142556,244292391
2022-01-27,3770152,245580132,26500,88300,191611,245771743
2022-01-28,1177858,242539192,100,88400,196248,242735440
2022-02-07,10386148,251241543,0,88400,215696,251457239
2022-02-08,13963570,258352845,1300,89700,240396,258593241
2022-02-09,20078248,268609729,3400,93100,274645,268884374
2022-02-10,30894103,253696977,13700,106200,323910,254020887
2022-02-11,12130975,235931009,500,106700,358512,236289521
2022-02-14,27658727,225277984,100,106800,325740,225603724
2022-02-15,8685338,215989217,0,99100,291354,216280571
2022-02-16,12947685,221285788,2400,91900,260077,221545865
2022-02-17,8325168,222341105,3400,36100,97470,222438575
2022-02-18,5679812,218394591,2900,39000,115830,218510421
2022-02-21,36788803,241328839,0,37600,122952,241451791
2022-02-22,12435066,218031718,800,31300,99847,218131565
