日期,融资买入额(元),融资余额(元),融券卖出量,融券余量,融券余额(元),融资融券余额(元)
2017-07-12,7700588,915822869,0,2,52,915822921
2017-07-13,3860195,912854422,5900,5902,152272,913006694
2017-07-14,5581120,912817431,0,2,50,912817481
2017-07-17,10460214,904453848,5900,5902,143537,904597385
2017-07-18,18103496,912426886,0,2,48,912426934
2017-07-19,7893739,912316918,5900,5902,141412,912458330
2017-07-20,6272952,906511094,0,2,48,906511142
2017-07-21,39264356,938802062,5900,5902,139523,938941585
2017-07-24,26215601,956547292,0,2,46,956547338
2017-07-25,7889566,959733948,5900,5902,134448,959868396
2017-07-26,9155669,958743069,0,2,45,958743114
2017-07-27,9795975,960147070,300,300,6990,960154060
2017-07-28,3581771,959311113,5602,5602,128622,959439735
2017-07-31,3205706,958040354,300,302,6855,958047209
2017-08-01,7612890,960264289,5600,5602,127109,960391398
2017-08-02,5280546,960926715,300,302,6810,960933525
2017-08-03,7484155,959058763,5600,5902,134920,959193683
2017-08-04,8647800,957435577,0,2,46,957435623
2017-08-07,3329209,950956081,1530,1532,35236,950991317
2017-08-08,12849074,957990796,4400,4432,100473,958091269
2017-08-09,24214515,970647135,1500,1832,40542,970687677
2017-08-10,8515512,970247562,4100,4132,89788,970337350
2017-08-11,2382645,964471777,1800,1832,39663,964511440
2017-08-14,2156124,959818325,300,332,7347,959825672
2017-08-15,3993306,954772471,5600,5932,132817,954905288
2017-08-16,7013373,944959384,0,32,741,944960125
2017-08-17,7813723,943952725,5900,5932,138275,944091000
2017-08-18,9653888,948879588,0,5932,134953,949014541
2017-08-21,13659821,948484465,0,32,715,948485180
2017-08-22,6408181,947878256,5900,5932,131868,948010124
2017-08-23,5352347,945207957,0,32,702,945208659
2017-08-24,7928384,947187606,5900,5932,129496,947317102
2017-08-25,21694253,965680238,0,32,703,965680941
2017-08-28,8300221,966838973,5900,5932,131928,966970901
2017-08-29,6632666,961571183,0,5932,129851,961701034
2017-08-30,10172336,967391445,0,32,696,967392141
2017-08-31,14849402,942644744,5900,5932,127953,942772697
2017-09-01,20966944,947769113,0,32,703,947769816
2017-09-04,27318695,946901050,5900,5932,134894,947035944
2017-09-05,13338117,951470769,0,32,721,951471490
2017-09-06,16753590,949653752,5900,5932,134182,949787934
2017-09-07,15305599,951780704,0,5932,132462,951913166
2017-09-08,11145658,949779358,0,32,701,949780059
2017-09-11,7617741,944816774,1900,1932,42852,944859626
2017-09-12,14601889,951520162,4000,4032,88623,951608785
2017-09-13,19028611,936186668,500,532,11497,936198165
2017-09-14,14223790,937140119,5400,5432,118146,937258265
2017-09-15,37927616,950626969,500,5932,132106,950759075
2017-09-18,19803961,952395312,0,5232,117929,952513241
2017-09-19,14005199,943684103,700,5932,131512,943815615
2017-09-20,12222208,927805446,0,32,716,927806162
2017-09-21,13353483,930437255,5900,5932,131631,930568886
2017-09-22,6387148,927223722,0,32,706,927224428
2017-09-25,15501239,935968652,5900,5932,129851,936098503
2017-09-26,2416596,936421809,0,32,702,936422511
2017-09-27,8558527,935142195,0,32,698,935142893
2017-09-28,10951205,932863245,2400,2432,52847,932916092
2017-09-29,12375033,898794998,0,32,692,898795690
2017-10-09,13795104,905319642,5900,5932,129021,905448663
2017-10-10,32703753,915492036,0,32,716,915492752
2017-10-11,33367468,935537552,5900,5932,132640,935670192
2017-10-12,47029873,935865567,0,32,730,935866297
2017-10-13,21247201,926369218,0,32,730,926369948
2017-10-16,30965300,931841839,5900,5932,133351,931975190
2017-10-17,12694393,930206798,0,32,718,930207516
2017-10-18,25810450,925438130,5900,5932,131690,925569820
2017-10-19,11670656,920953811,0,32,709,920954520
2017-10-20,16787915,921830198,0,32,731,921830929
2017-10-23,10807193,924995608,0,32,731,924996339
2017-10-24,12784437,932072762,5900,5932,135190,932207952
2017-10-25,18061361,932816352,0,32,740,932817092
2017-10-26,33993098,928029983,0,32,782,928030765
2017-10-27,29364182,937366121,5900,5932,144444,937510565
2017-10-30,25349837,947690773,0,32,767,947691540
2017-10-31,16838256,950753953,0,32,782,950754735
2017-11-01,15669289,952409438,5900,5932,143021,952552459
2017-11-02,20828275,963732457,0,32,755,963733212
2017-11-03,15391953,964147096,5900,5932,141360,964288456
2017-11-06,19739766,978867791,0,0,0,978867791
2017-11-07,21659868,985608471,0,0,0,985608471
2017-11-08,20653072,979186882,0,0,0,979186882
2017-11-09,31311914,985250722,0,0,0,985250722
2017-11-10,17001819,985183941,0,0,0,985183941
2017-11-13,15718632,990973174,0,0,0,990973174
2017-11-14,30490972,1001878691,0,0,0,1001878691
2017-11-15,8171683,1002263306,0,0,0,1002263306
2017-11-16,13126789,1011240901,0,0,0,1011240901
2017-11-17,13568351,1009591480,0,0,0,1009591480
2017-11-20,10194196,1015958973,0,0,0,1015958973
2017-11-21,9280033,1016930266,0,0,0,1016930266
2017-11-22,10789586,1015101929,0,0,0,1015101929
2017-11-23,30546754,1026364414,0,0,0,1026364414
2017-11-24,14433504,1022079827,0,0,0,1022079827
2017-11-27,5311630,1023208099,0,0,0,1023208099
2017-11-28,2453984,1012457861,0,0,0,1012457861
2017-11-29,9747778,1016396932,0,0,0,1016396932
2017-11-30,3017881,1013708461,0,0,0,1013708461
2017-12-01,12129103,1013839374,0,0,0,1013839374
2017-12-04,1676038,988421364,0,0,0,988421364
2017-12-05,8540259,983239123,0,0,0,983239123
2017-12-06,9160038,964166083,0,0,0,964166083
2017-12-07,3217408,961673533,0,0,0,961673533
2017-12-08,8634815,952176881,0,0,0,952176881
2017-12-11,6755526,917347945,0,0,0,917347945
2017-12-12,5820275,911117636,0,0,0,911117636
2017-12-13,9671990,871104569,0,0,0,871104569
2017-12-14,10585214,872843559,0,0,0,872843559
2017-12-15,4128968,867488526,0,0,0,867488526
2017-12-18,11279494,871923289,0,0,0,871923289
2017-12-19,10115615,869248205,0,0,0,869248205
2017-12-20,6290957,868402054,0,0,0,868402054
2017-12-21,12388617,864667158,0,0,0,864667158
2017-12-22,5787953,856898037,0,0,0,856898037
2017-12-25,10103656,845997754,0,0,0,845997754
2017-12-26,11341559,843706525,0,0,0,843706525
2017-12-27,8816392,846648990,0,0,0,846648990
2017-12-28,7719366,849262138,0,0,0,849262138
2017-12-29,8023839,840665621,0,0,0,840665621
2018-01-02,10912156,845739548,0,0,0,845739548
2018-01-03,10849453,850104537,0,0,0,850104537
2018-01-04,6439188,844993628,0,0,0,844993628
2018-01-05,4252239,832072768,0,0,0,832072768
2018-01-08,8209371,829752254,0,0,0,829752254
2018-01-09,9310667,832171366,0,0,0,832171366
2018-01-10,26039749,833314258,0,0,0,833314258
2018-01-11,25519213,827243666,0,0,0,827243666
2018-01-12,136157472,869258940,0,0,0,869258940
2018-01-15,84540583,851810270,0,0,0,851810270
2018-01-16,41304111,839409410,31600,31600,651908,840061318
2018-01-17,34551578,826439226,21400,25400,473964,826913190
2018-01-18,20658113,831867571,0,14000,258160,832125731
2018-01-19,13340466,834260629,10000,24000,444000,834704629
2018-01-22,33441227,857433968,3000,17000,311270,857745238
2018-01-23,24343341,861595135,0,10000,181700,861776835
2018-01-24,13647648,846238442,5000,15000,278550,846516992
2018-01-25,13365205,841980675,0,10000,184000,842164675
2018-01-26,12784118,830600424,2500,12500,233875,830834299
2018-01-29,8375987,822833309,22700,32700,605604,823438913
2018-01-30,14299706,827815338,0,10000,182800,827998138
2018-01-31,24761070,836187134,5000,15000,259500,836446634
2018-02-01,22059803,839079911,0,10000,162100,839242011
2018-02-02,7385588,826180829,5000,15000,241500,826422329
2018-02-05,4636326,823039958,0,10000,161000,823200958
2018-02-06,10216666,815781426,14400,14400,217872,815999298
2018-02-07,7935751,809374150,13500,16400,239112,809613262
2018-02-08,4282770,808712933,0,10000,147600,808860533
2018-02-09,5840238,802700143,1000,1000,14130,802714273
2018-02-12,4400355,784861437,0,0,0,784861437
2018-02-13,4657372,782671485,0,0,0,782671485
2018-02-14,2041892,775649691,0,0,0,775649691
2018-02-22,6994837,775133935,0,0,0,775133935
2018-02-23,4329091,775771785,0,0,0,775771785
2018-02-26,6344631,775073425,0,0,0,775073425
2018-02-27,14350180,779953387,0,0,0,779953387
2018-02-28,8509684,783523138,0,0,0,783523138
2018-03-01,15284080,780139239,0,0,0,780139239
2018-03-02,11355631,781991768,0,0,0,781991768
2018-03-05,5131751,778559866,0,0,0,778559866
2018-03-06,9172375,773123243,0,0,0,773123243
2018-03-07,7982344,774222268,0,0,0,774222268
2018-03-08,4207727,768672790,0,0,0,768672790
2018-03-09,18255395,762161108,0,0,0,762161108
2018-03-12,16376728,758154066,0,0,0,758154066
2018-03-13,28357831,765557682,0,0,0,765557682
2018-03-14,21825005,769966383,0,0,0,769966383
2018-03-15,34977982,785634150,0,0,0,785634150
2018-03-16,11064691,780076865,0,0,0,780076865
2018-03-19,9401041,784247773,0,0,0,784247773
2018-03-20,4451661,780674870,0,0,0,780674870
2018-03-21,14073037,783864582,0,0,0,783864582
2018-03-22,9630710,783025918,0,0,0,783025918
2018-03-23,14140235,782127289,0,0,0,782127289
2018-03-26,8529960,783479429,0,0,0,783479429
2018-03-27,6802697,777939676,0,0,0,777939676
2018-03-28,5826214,775520637,8000,8000,123600,775644237
2018-03-29,8785809,779058331,0,8000,123600,779181931
2018-03-30,15029217,777354907,0,8000,125600,777480507
2018-04-02,35635003,769932049,0,8000,134400,770066449
2018-04-03,22592253,779367363,0,8000,131440,779498803
2018-04-04,19024289,782362131,0,8000,127600,782489731
2018-04-09,6178110,773155880,0,8000,129040,773284920
2018-04-10,17711939,778777679,0,8000,126800,778904479
2018-04-11,16348114,785841395,0,8000,125840,785967235
2018-04-12,49298627,791892575,0,8000,134560,792027135
2018-04-13,34914088,799352929,0,8000,134480,799487409
2018-04-16,40420083,759820902,0,8000,143760,759964662
2018-04-17,40229145,773302274,2500,10500,182700,773484974
2018-04-18,34596693,749470667,17700,28200,520008,749990675
2018-04-19,25387666,749204803,0,10500,192150,749396953
2018-04-20,19197850,745873035,10000,20500,352805,746225840
2018-04-23,12395682,740132730,0,20500,357930,740490660
2018-04-24,9497197,737156530,0,20500,361415,737517945
2018-04-25,10908392,739585250,0,20500,356905,739942155
2018-04-26,15206237,743694980,0,20500,355675,744050655
2018-04-27,17803944,748953251,0,20500,341325,749294576
2018-05-02,6884362,746181299,0,20500,340915,746522214
2018-05-03,23509059,757067036,0,20500,332920,757399956
2018-05-04,16113961,764842100,0,20500,325950,765168050
2018-05-07,19355699,758799057,0,20500,336405,759135462
2018-05-08,14355693,751404111,0,20500,335995,751740106
2018-05-09,12424061,753955610,0,20500,333945,754289555
2018-05-10,23215227,743934639,10000,30500,520330,744454969
2018-05-11,22201099,728606602,0,30500,506910,729113512
2018-05-14,26917214,735777918,0,0,0,735777918
2018-05-15,8621298,734622973,0,0,0,734622973
2018-05-16,14360044,730309647,0,0,0,730309647
2018-05-17,11299995,731128163,0,0,0,731128163
2018-05-18,8066707,724180664,0,0,0,724180664
2018-05-21,16854070,720166944,0,0,0,720166944
2018-05-22,13129302,718205065,11000,11000,184140,718389205
2018-05-23,16158796,721723489,1200,12200,204960,721928449
2018-05-24,28541131,716917398,0,12200,211426,717128824
2018-05-25,29464254,716821040,0,12200,209230,717030270
2018-05-28,19645719,714449372,0,12200,212402,714661774
2018-05-29,23379806,715407369,0,12200,207766,715615135
2018-05-30,13490886,707534179,0,12200,199714,707733893
2018-05-31,10187110,708224470,0,12200,200934,708425404
2018-06-01,9411340,706979639,0,12200,197884,707177523
2018-06-04,5282189,708190547,0,12200,197030,708387577
2018-06-05,12435631,705482883,0,12200,200080,705682963
2018-06-06,7343254,701951793,0,12200,201300,702153093
2018-06-07,11695556,706902814,0,12200,201178,707103992
2018-06-08,15916899,708984761,0,12200,196786,709181547
2018-06-11,5615462,711094309,0,12200,197762,711292071
2018-06-12,5065694,710113314,0,12200,197152,710310466
2018-06-13,4248440,710844752,0,12200,196054,711040806
2018-06-14,2767872,705187286,0,12200,194224,705381510
2018-06-15,12177084,708702494,0,12200,193126,708895620
2018-06-19,13133563,693444080,0,12200,175680,693619760
2018-06-20,15833616,682665245,0,12200,174582,682839827
2018-06-21,3060587,665428841,0,12200,171288,665600129
2018-06-22,2663993,665190628,0,12200,172996,665363624
2018-06-25,2115722,662750128,0,12200,170312,662920440
2018-06-26,5638994,662618512,0,12200,173484,662791996
2018-06-27,1460745,655305094,0,12200,174094,655479188
2018-06-28,963779,654389195,0,12200,172508,654561703
2018-06-29,6352230,653895840,0,12200,180926,654076766
2018-07-02,4976555,656136379,0,12200,176168,656312547
2018-07-03,3741676,652869721,0,12200,177510,653047231
2018-07-04,868985,649048322,0,12200,175192,649223514
2018-07-05,2863208,647785192,0,3600,50364,647835556
2018-07-06,3852483,648763250,0,3600,50400,648813650
2018-07-09,10703684,645011235,0,3600,50940,645062175
2018-07-10,12522965,650502268,8600,12200,174948,650677216
2018-07-11,11798790,651292266,0,12200,167750,651460016
2018-07-12,9174329,653608743,0,12200,172630,653781373
2018-07-13,9991361,656845631,0,12200,173972,657019603
2018-07-16,5792568,650605935,0,12200,174948,650780883
2018-07-17,6869663,652391790,0,12200,176656,652568446
2018-07-18,8622145,655645909,0,12200,173972,655819881
2018-07-19,2036385,650436157,0,12200,173972,650610129
2018-07-20,3945146,649802388,0,12200,175924,649978312
2018-07-23,4215337,645871220,0,12200,177388,646048608
2018-07-24,10514976,644370602,0,12200,179096,644549698
2018-07-25,9133112,643104388,0,12200,178120,643282508
2018-07-26,4880885,638290661,0,12200,177388,638468049
2018-07-27,7148849,638407985,0,12200,176534,638584519
2018-07-30,5042602,635404078,0,9800,144550,635548628
2018-07-31,3212965,632392458,0,9800,145726,632538184
2018-08-01,6019956,633305020,0,9800,144844,633449864
2018-08-02,8531901,637126044,0,9800,141414,637267458
2018-08-03,3903232,636451999,2400,12200,176046,636628045
2018-08-06,5560423,624022929,0,12200,170678,624193607
2018-08-07,7250311,618348749,0,12200,174216,618522965
2018-08-08,1245261,616866992,0,12200,170678,617037670
2018-08-09,4860407,616404641,0,12200,174216,616578857
2018-08-10,13874093,605501548,0,12200,184342,605685890
2018-08-13,16461068,610681413,0,12200,178486,610859899
2018-08-14,7414941,612514283,0,12200,175802,612690085
2018-08-15,3860923,610924393,0,12200,172386,611096779
2018-08-16,3449833,610895206,0,12200,172874,611068080
2018-08-17,1787038,607153491,0,12200,173484,607326975
2018-08-20,2380774,607203976,0,12200,174094,607378070
2018-08-21,8873189,612622079,0,12200,174338,612796417
2018-08-22,4096903,613602468,0,12200,172630,613775098
2018-08-23,3062870,612128567,0,12200,172752,612301319
2018-08-24,15063790,612179674,0,12200,176656,612356330
2018-08-27,5299838,604199404,0,12200,178364,604377768
2018-08-28,4169326,602375114,0,12200,177876,602552990
2018-08-29,8944122,599306455,0,12200,181902,599488357
2018-08-30,6148301,599435085,0,12200,180438,599615523
2018-08-31,2735120,595493220,0,12200,180438,595673658
2018-09-03,5033693,597756462,0,12200,178730,597935192
2018-09-04,6736044,595021382,0,12200,180316,595201698
2018-09-05,4623016,591356588,0,12200,178486,591535074
2018-09-06,6868425,594301133,0,12200,177510,594478643
2018-09-07,5473628,595612478,0,12200,176290,595788768
2018-09-10,7576961,599427146,0,12200,171654,599598800
2018-09-11,1336708,596359508,0,12200,171898,596531406
2018-09-12,2320474,597025767,0,12200,171532,597197299
2018-09-13,3579563,596605676,0,12200,175314,596780990
2018-09-14,1411286,595557877,0,12200,174338,595732215
2018-09-17,2838183,594603070,0,12200,173850,594776920
2018-09-18,11786979,586112080,0,12200,181170,586293250
2018-09-19,11824970,587110630,0,12200,181658,587292288
2018-09-20,12477750,592908187,0,12200,180560,593088747
2018-09-21,13370177,576880017,0,12200,186660,577066677
2018-09-25,11266401,576874775,0,12200,183732,577058507
2018-09-26,11033617,578683169,0,12200,183366,578866535
2018-09-27,15554754,587365685,0,12200,180926,587546611
2018-09-28,5724265,587225533,0,12200,181170,587406703
2018-10-08,10527710,593675428,0,12200,176290,593851718
2018-10-09,6522022,595837159,0,12200,173850,596011009
2018-10-10,4311970,595137931,0,12200,172874,595310805
2018-10-11,5343690,575125574,0,12200,155550,575281124
2018-10-12,4399469,557160151,0,12200,154208,557314359
2018-10-15,2069757,550106246,0,12200,152134,550258380
2018-10-16,2228786,545976940,0,12200,153232,546130172
2018-10-17,3068670,529166161,0,12200,154696,529320857
2018-10-18,2912444,502178916,0,12200,152012,502330928
2018-10-19,3694906,499552994,0,12200,156038,499709032
2018-10-22,18441185,507861830,0,12200,162016,508023846
2018-10-23,7580372,511012609,0,12200,156404,511169013
2018-10-24,7481011,512998308,4500,16700,211255,513209563
2018-10-25,7898927,473518017,45500,61700,744102,474262119
2018-10-26,1297510,471602418,0,61700,749038,472351456
2018-10-29,1586027,466714439,500,62200,751376,467465815
2018-10-30,3740516,468311554,0,62200,742046,469053600
2018-10-31,5571286,468216420,0,59800,731354,468947774
2018-11-01,8764646,468111777,0,59800,736736,468848513
2018-11-02,16295084,473077529,0,59800,752882,473830411
2018-11-05,8042795,472859504,0,59800,749294,473608798
2018-11-06,5586014,470176391,300,60100,744639,470921030
2018-11-07,7110778,471650385,1200,61000,764330,472414715
2018-11-08,2427887,468644683,0,60200,751898,469396581
2018-11-09,2064865,465144111,0,60200,750694,465894805
2018-11-12,12361269,469828041,400,58800,752640,470580681
2018-11-13,17922295,478741445,0,58800,774396,479515841
2018-11-14,27537443,470376060,2100,55200,799848,471175908
2018-11-15,16581221,452669460,1200,55500,825285,453494745
2018-11-16,7385964,450099031,600,35500,525755,450624786
2018-11-19,17517097,454083125,2500,29000,423110,454506235
2018-11-20,9707825,451135008,400,26900,386015,451521023
2018-11-21,13866668,454371202,1900,28160,404378,454775580
2018-11-22,10476191,455489032,18700,45660,674398,456163430
2018-11-23,11152515,456647996,1600,25660,361036,457009032
2018-11-26,7370398,458012797,1100,25660,354365,458367162
2018-11-27,5399430,455643096,0,25260,352124,455995220
2018-11-28,3902147,453108554,900,26160,373042,453481596
2018-11-29,2476497,448448155,0,26160,367548,448815703
2018-11-30,3692320,447279420,700,26860,381412,447660832
2018-12-03,8382738,442309522,8100,33060,492263,442801785
2018-12-04,6039688,441631522,5900,35660,525272,442156794
2018-12-05,4595136,440221103,6700,31760,466872,440687975
2018-12-06,5415884,441909601,3300,30660,445183,442354784
2018-12-07,2769190,440643207,7500,35560,523799,441167006
2018-12-10,1958205,440163160,1100,24160,356602,440519762
2018-12-11,4871782,441718180,0,24160,354910,442073090
2018-12-12,1008954,440931178,6100,30260,445125,441376303
2018-12-13,4714822,440900333,400,29860,434164,441334497
2018-12-14,5473285,438174146,4800,24760,362239,438536385
2018-12-17,1706538,435781028,3100,15660,228636,436009664
2018-12-18,2608721,435532042,1400,14660,214622,435746664
2018-12-19,5886928,437335119,0,13660,196977,437532096
2018-12-20,6260230,440596032,19500,31860,453049,441049081
2018-12-21,1353611,438134090,2400,15560,221574,438355664
2018-12-24,3713796,439817768,17500,32260,458092,440275860
2018-12-25,3972515,439084611,8500,24460,346598,439431209
2018-12-26,2663672,440842774,0,21060,295893,441138667
2018-12-27,1802047,436680058,14400,31460,443586,437123644
2018-12-28,4427259,437498566,11400,28260,399879,437898445
2019-01-02,3418354,438519837,5900,29460,415975,438935812
2019-01-03,2980765,438915749,5600,27460,387186,439302935
2019-01-04,5320497,439473790,0,11160,159142,439632932
2019-01-07,7605890,436188088,0,9660,140843,436328931
2019-01-08,5007522,435818701,0,9660,139587,435958288
2019-01-09,3761373,432708486,0,9660,139587,432848073
2019-01-10,3647249,429468509,1000,10660,153078,429621587
2019-01-11,7989971,430421797,0,9660,137655,430559452
2019-01-14,4138164,432482288,0,9660,136206,432618494
2019-01-15,3965891,431890039,0,9660,136592,432026631
2019-01-16,4184474,431594010,0,9660,135433,431729443
2019-01-17,13226387,436514537,1300,10260,135432,436649969
2019-01-18,6868389,435101420,600,10660,143803,435245223
2019-01-21,5411426,438219961,0,10660,142737,438362698
2019-01-22,9213731,442954948,900,11260,148519,443103467
2019-01-23,1562931,442349768,0,11260,148632,442498400
2019-01-24,3381270,443628086,0,11260,149195,443777281
2019-01-25,9654828,448747039,0,11260,148970,448896009
2019-01-28,7896846,453365813,300,11260,147393,453513206
2019-01-29,4824391,452984409,1700,11160,144410,453128819
2019-01-30,3346148,453411203,0,9860,127095,453538298
2019-01-31,4927892,452237071,0,2200,28358,452265429
2019-02-01,16656362,440138251,0,1000,13980,440152231
2019-02-11,31132356,452931321,0,0,0,452931321
2019-02-12,20819367,446840628,1000,1000,14630,446855258
2019-02-13,17141317,443536330,0,1000,14840,443551170
2019-02-14,28316879,451453326,1800,2800,42308,451495634
2019-02-15,13811188,449732203,1200,4000,61120,449793323
2019-02-18,13269472,447601355,400,4400,69256,447670611
2019-02-19,19650951,448537548,0,4000,63480,448601028
2019-02-20,28390897,463217319,900,2800,45304,463262623
2019-02-21,26615415,476686162,0,2800,44324,476730486
2019-02-22,18608983,481024874,1800,2800,45388,481070262
2019-02-25,63822774,498034183,1800,3700,63455,498097638
2019-02-26,56746500,506221835,2500,4400,77792,506299627
2019-02-27,74637079,538599018,1800,2800,46732,538645750
2019-02-28,23991694,545140485,3400,4400,73216,545213701
2019-03-01,31137964,548789547,900,2800,47460,548837007
2019-03-04,56032134,549552655,3400,4400,74800,549627455
2019-03-05,39982889,557747094,1800,2800,49420,557796514
2019-03-06,99155956,599645318,1800,2800,51408,599696726
2019-03-07,81243712,609983217,3400,4400,84260,610067477
2019-03-08,82712528,608815895,1800,2800,50960,608866855
2019-03-11,72858939,617283950,3400,4400,84348,617368298
2019-03-12,84303158,578773844,1800,3700,70707,578844551
2019-03-13,44934094,580953282,1800,3200,58464,581011746
2019-03-14,42665864,579789602,3000,4000,70680,579860282
2019-03-15,29048214,572978700,2200,3400,61472,573040172
2019-03-18,38405381,582947449,1000,3200,59264,583006713
2019-03-19,30645507,577611177,1800,2200,40656,577651833
2019-03-20,55485244,596844926,3900,4300,79851,596924777
2019-03-21,36274483,599795510,4000,6500,120835,599916345
2019-03-22,57190380,616486744,1800,5500,106370,616593114
2019-03-25,37036112,624534452,0,4300,81700,624616152
2019-03-26,52297806,624587627,3000,5500,100320,624687947
2019-03-27,24936772,628277174,1800,5400,99144,628376318
2019-03-28,46501577,624363618,1900,5500,105325,624468943
2019-03-29,68521976,630880707,1800,5400,106056,630986763
2019-04-01,170062032,678923848,1900,5500,118800,679042648
2019-04-02,143022769,681972669,1800,5500,119295,682091964
2019-04-03,111641965,696764194,1800,5500,124575,696888769
2019-04-04,69515368,683504774,1800,5500,122870,683627644
2019-04-08,117006983,723698094,1800,5500,117315,723815409
2019-04-09,90830025,698014470,3600,7300,159140,698173610
2019-04-10,59927348,676502295,1800,7200,150480,676652775
2019-04-11,55836114,685850196,1900,8100,167994,686018190
2019-04-12,33470695,673899899,1100,7400,151848,674051747
2019-04-15,37591040,670567464,1800,5600,113120,670680584
2019-04-16,36508976,667139826,3600,7400,153476,667293302
2019-04-17,33873815,668812001,1800,7400,152144,668964145
2019-04-18,30849375,673921239,1800,7400,149480,674070719
2019-04-19,25539557,677600776,1800,7400,149776,677750552
2019-04-22,32425321,687787727,1800,7400,145410,687933137
2019-04-23,23123603,668082027,1800,7400,141932,668223959
2019-04-24,18603874,657244374,1800,5300,103297,657347671
2019-04-25,26670914,658233097,1800,4100,76998,658310095
2019-04-26,16754834,661523933,2200,4500,84780,661608713
2019-04-29,23593836,668096880,0,4500,83610,668180490
2019-04-30,9468382,660404527,0,4400,83732,660488259
2019-05-06,18904721,644002833,1900,4500,77355,644080188
2019-05-07,15765446,645481537,1800,4500,77355,645558892
2019-05-08,10915132,632440714,1800,4400,75900,632516614
2019-05-09,10900026,631048641,1900,4500,77130,631125771
2019-05-10,23096433,631729233,900,3600,64620,631793853
2019-05-13,22998347,636630445,1800,4500,80865,636711310
2019-05-14,14005268,635936349,1800,4500,81180,636017529
2019-05-15,23215434,639386810,0,2700,49005,639435815
2019-05-16,15398351,642638244,1600,4300,77959,642716203
2019-05-17,19753791,638344870,1500,4500,77580,638422450
2019-05-20,9937195,636691335,1800,4500,76635,636767970
2019-05-21,9447688,634833560,0,4500,78300,634911860
2019-05-22,7364545,627996385,0,3600,62280,628058665
2019-05-23,10830137,630344201,0,3600,61704,630405905
2019-05-24,10981809,626347306,1800,4400,74448,626421754
2019-05-27,13103061,588239896,100,3200,55808,588295704
2019-05-28,30049885,591198636,3100,6200,113460,591312096
2019-05-29,18381231,589783493,0,4100,74456,589857949
2019-05-30,9953271,584729050,2100,7650,85451,584814501
2019-05-31,11332879,576136144,3300,6150,67589,576203733
2019-06-03,7822960,572165708,3000,8550,92511,572258219
2019-06-04,3990691,560869051,0,6150,66113,560935164
2019-06-05,8093399,558204252,2500,6150,65129,558269381
2019-06-06,5807326,555184378,4700,8150,83212,555267590
2019-06-10,3626430,554087053,2700,8250,84315,554171368
2019-06-11,12604738,560199104,2510,8060,85356,560284460
2019-06-12,11947565,561746681,2400,8260,85243,561831924
2019-06-13,5533325,563940623,2500,8060,82938,564023561
2019-06-14,5015441,558287784,2700,8160,82498,558370282
2019-06-17,3278489,559584927,2600,8060,81004,559665931
2019-06-18,4844044,559889456,2700,6160,61909,559951365
2019-06-19,8678956,560655151,3300,7660,77826,560732977
2019-06-20,13581692,564292900,2600,6060,62358,564355258
2019-06-21,29751122,564327516,2700,3460,37957,564365473
2019-06-24,35376408,566532531,5300,6060,67327,566599858
2019-06-25,24827863,562816730,2700,3460,37265,562853995
2019-06-26,22889062,570339594,4700,6060,65933,570405527
2019-06-27,18675590,568533932,2700,6160,66898,568600830
2019-06-28,15547565,563779030,1400,6160,64373,563843403
2019-07-01,13492212,562635355,5700,9160,98104,562733459
2019-07-02,22181704,567621205,600,6060,65873,567687078
2019-07-03,13521027,568132930,2400,6160,66405,568199335
2019-07-04,23488937,574594576,3500,4360,48179,574642755
2019-07-05,14292411,576481771,4500,5360,59389,576541160
2019-07-08,21900413,582285112,2600,5260,55651,582340763
2019-07-09,7980539,580943438,4100,6760,72671,581016109
2019-07-10,6771399,573258721,2100,6160,65912,573324633
2019-07-11,6093794,569607484,2600,5660,59374,569666858
2019-07-12,3785540,567382307,3100,6160,64496,567446803
2019-07-15,8431586,565806091,2600,6060,63630,565869721
2019-07-16,3267896,560395816,2600,6060,63085,560458901
2019-07-17,6674028,561665824,1500,6160,63818,561729642
2019-07-18,12679243,564738559,1500,6160,63448,564802007
2019-07-19,7424248,558400288,0,6160,62709,558462997
2019-07-22,7698422,555811297,2000,6060,60904,555872201
2019-07-23,4671208,557619541,2200,6060,61146,557680687
2019-07-24,40598886,571349279,4000,7460,80942,571430221
2019-07-25,28582584,579326440,100,6060,63934,579390374
2019-07-26,14398103,581435664,0,6060,64661,581500325
2019-07-29,12667228,573363785,2700,6160,65912,573429697
2019-07-30,10392254,568344979,1900,6160,65419,568410398
2019-07-31,8487175,568139603,2500,6160,64865,568204468
2019-08-01,11795656,567033564,1200,6160,65542,567099106
2019-08-02,5213300,563968169,2100,6060,63934,564032103
2019-08-05,6965305,566155548,2700,6160,64373,566219921
2019-08-06,11759847,567466507,2600,6060,61206,567527713
2019-08-07,6176799,567414635,600,6660,67000,567481635
2019-08-08,3639734,563325910,2100,6160,62216,563388126
2019-08-09,8088811,563598697,1300,6060,59692,563658389
2019-08-12,3619932,562715775,400,6060,59934,562775709
2019-08-13,5492460,558363106,0,6060,59146,558422252
2019-08-14,2986506,556465546,0,2610,25709,556491255
2019-08-15,3189153,551672332,1298,2608,25454,551697786
2019-08-16,4863722,551380801,2400,2608,25741,551406542
2019-08-19,12010641,552159313,2700,2708,28434,552187747
2019-08-20,7487492,548550052,2000,2708,28136,548578188
2019-08-21,3402536,544102662,1900,2808,28866,544131528
2019-08-22,15836191,550416405,2500,2708,28651,550445056
2019-08-23,5207393,540991392,2600,2608,28297,541019689
2019-08-26,34444903,525371044,2700,2708,29246,525400290
2019-08-27,31908966,537681082,2600,2708,28678,537709760
2019-08-28,28697281,543596728,2600,2608,26654,543623382
2019-08-29,8313720,543921640,2700,2708,27757,543949397
2019-08-30,15057496,545973375,1500,2708,26972,546000347
2019-09-02,8099752,545844210,0,2708,27324,545871534
2019-09-03,7741597,539686930,2600,2608,26028,539712958
2019-09-04,5415765,535677846,2500,2508,25105,535702951
2019-09-05,29740978,544003923,2700,2708,28109,544032032
2019-09-06,22946291,534749580,2600,2608,27306,534776886
2019-09-09,33324703,543472718,2700,2708,29192,543501910
2019-09-10,36305470,540707871,2600,2608,29210,540737081
2019-09-11,27403915,541773200,3700,3708,40417,541813617
2019-09-12,13526378,538614072,2600,2608,28584,538642656
2019-09-16,25234938,547407792,2700,2708,30600,547438392
2019-09-17,14482152,546749270,2600,2608,28427,546777697
2019-09-18,5667480,545315075,2600,2608,28297,545343372
2019-09-19,6294062,543193824,2700,2708,29680,543223504
2019-09-20,8705305,543528386,2600,2608,28297,543556683
2019-09-23,6529463,532978409,900,2608,28140,533006549
2019-09-24,13842754,537262358,2700,2708,29815,537292173
2019-09-25,25911242,534568501,2600,2608,29157,534597658
2019-09-26,14166908,532676827,2700,2708,29003,532705830
2019-09-27,34327021,538835481,3900,3908,44942,538880423
2019-09-30,30403784,529993439,2700,4008,45170,530038609
2019-10-08,54503721,547706826,3500,4808,56638,547763464
2019-10-09,28900754,542447715,4300,6508,75948,542523663
2019-10-10,51237390,542951177,2600,6408,74333,543025510
2019-10-11,53890020,539493133,4100,7908,94501,539587634
2019-10-14,51958692,545131076,2600,7808,92993,545224069
2019-10-15,26122118,545250477,5400,9308,107880,545358357
2019-10-16,28197677,551761069,2600,9208,104695,551865764
2019-10-17,16989191,546224814,1600,9208,105432,546330246
2019-10-18,21773747,538925135,2700,9308,104808,539029943
2019-10-21,24376530,541082421,2600,9208,100551,541182972
2019-10-22,11873037,531988612,2600,6808,75365,532063977
2019-10-23,25341245,536770339,5400,9008,101160,536871499
2019-10-24,19007707,527766993,4200,6008,68251,527835244
2019-10-25,28526720,525538544,5000,8408,98878,525637422
2019-10-28,0,514319674,2200,10608,137268,514456942
2019-10-29,0,488632786,0,10608,150952,488783738
2019-10-30,296111806,518993464,5100,13008,187836,519181300
2019-10-31,234114182,589119717,2700,13108,172895,589292612
2019-11-01,93862586,584125038,2600,11708,152789,584277827
2019-11-04,159169518,602348228,2700,11808,151615,602499843
2019-11-05,86775002,600443473,2600,11708,151853,600595326
2019-11-06,82489601,603116170,2700,11808,146419,603262589
2019-11-07,68787074,577638754,2600,11708,148223,577786977
2019-11-08,70861224,578246066,3600,10208,131479,578377545
2019-11-11,110420721,564006385,2600,8308,109250,564115635
2019-11-12,71958651,583772430,4500,10208,131581,583904011
2019-11-13,82703185,584287703,8600,16108,196518,584484221
2019-11-14,51157496,566250695,2700,14808,183027,566433722
2019-11-15,87975246,594133798,3100,14708,175466,594309264
2019-11-18,35103008,579969106,4100,16208,193524,580162630
2019-11-19,34415799,568433894,5500,18108,221823,568655717
2019-11-20,41314171,563375342,2700,18208,216493,563591835
2019-11-21,37720555,564816647,2600,18108,217839,565034486
2019-11-22,42945996,554141155,2900,18408,216110,554357265
2019-11-25,39545662,560450406,2600,15208,170938,560621344
2019-11-26,17153657,560057905,2700,15308,173133,560231038
2019-11-27,24826281,567227139,2600,2608,29470,567256609
2019-11-28,17459238,557639054,2700,2708,30573,557669627
2019-11-29,13857483,549338054,2600,2608,29340,549367394
2019-12-02,16504483,545259518,2700,2708,30519,545290037
2019-12-03,10075814,535903127,2600,2608,29575,535932702
2019-12-04,10502941,534121018,2600,2608,29523,534150541
2019-12-05,43063545,535965795,2700,2708,31386,535997181
2019-12-06,39294894,530508254,2600,2608,30879,530539133
2019-12-09,41823566,527105581,2700,5308,63059,527168640
2019-12-10,30362378,529554777,0,5308,63059,529617836
2019-12-11,25346923,519783713,0,5308,62581,519846294
2019-12-12,31467912,526942390,0,5308,61626,527004016
2019-12-13,33185196,519935655,0,5308,62794,519998449
2019-12-16,80585756,520630598,0,5308,67199,520697797
2019-12-17,65695227,523613005,0,5308,67252,523680257
2019-12-18,55268786,534448347,0,5308,68261,534516608
2019-12-19,81754788,560120135,0,5308,68420,560188555
2019-12-20,51757159,563226668,0,5308,65925,563292593
2019-12-23,27652294,546129865,0,5308,63431,546193296
2019-12-24,22371392,550648913,0,5308,64758,550713671
2019-12-25,45940646,547213550,0,5308,67412,547280962
2019-12-26,39809677,545459683,0,5308,66138,545525821
2019-12-27,47211173,549054790,0,5308,66350,549121140
2019-12-30,33547190,541828196,0,5308,66881,541895077
2019-12-31,25038631,540612283,0,5308,66085,540678368
2020-01-02,54776011,549402513,0,5308,67889,549470402
2020-01-03,59540726,552452288,0,5308,68951,552521239
2020-01-06,57379762,553255994,0,5308,68367,553324361
2020-01-07,60548430,554792062,3800,9108,120499,554912561
2020-01-08,74240019,568657440,0,9108,117493,568774933
2020-01-09,48950700,565814948,0,9108,120043,565934991
2020-01-10,46787624,569626062,0,9108,119224,569745286
2020-01-13,42573210,557916619,0,9108,118040,558034659
2020-01-14,49781041,560212372,0,9108,117129,560329501
2020-01-15,76878100,582803836,0,9108,120226,582924062
2020-01-16,92502305,569841685,0,9108,121592,569963277
2020-01-17,54406628,576489062,0,9108,118404,576607466
2020-01-20,65476293,596434775,0,9108,119952,596554727
2020-01-21,56071066,604362231,0,9108,114579,604476810
2020-01-22,28812578,606737798,0,9108,114214,606852012
2020-01-23,29381015,571517835,0,9108,105926,571623761
2020-02-03,2384019,554880145,0,9108,95361,554975506
2020-02-04,32755142,543799579,0,5308,54035,543853614
2020-02-05,31571226,547461640,0,5308,55309,547516949
2020-02-06,49241816,535658012,0,5308,60511,535718523
2020-02-07,41682849,534177742,0,5308,62104,534239846
2020-02-10,20805271,532366654,0,5308,61838,532428492
2020-02-11,30277117,531818272,0,0,0,531818272
2020-02-12,26079250,527214465,0,0,0,527214465
2020-02-13,41152243,534875529,5100,5100,59721,534935250
2020-02-14,49551190,554976675,300,5400,63342,555040017
2020-02-17,86930716,560684791,0,5400,69174,560753965
2020-02-18,115711672,571900429,0,5400,71874,571972303
2020-02-19,76353152,573155986,0,5400,71064,573227050
2020-02-20,83810523,583048844,0,5400,72738,583121582
2020-02-21,110452127,616680992,0,5400,77004,616757996
2020-02-24,121669793,644204047,0,5400,80082,644284129
2020-02-25,98408345,642693392,0,5400,77652,642771044
2020-02-26,64292860,627603582,0,5400,74790,627678372
2020-02-27,73397593,624160736,0,5400,78030,624238766
2020-02-28,73065378,627970160,0,5400,70254,628040414
2020-03-02,61102932,622781273,0,5400,71712,622852985
2020-03-03,111903152,660800236,0,5400,76842,660877078
2020-03-04,102979774,679397801,0,5400,76410,679474211
2020-03-05,66050562,687937011,0,5400,75492,688012503
2020-03-06,57678279,686817170,0,5400,76194,686893364
2020-03-09,64259443,689784100,0,5400,70794,689854894
2020-03-10,47079141,687980162,0,5400,73332,688053494
2020-03-11,34463845,676866781,0,5400,70740,676937521
2020-03-12,36142458,688521572,0,5400,68742,688590314
2020-03-13,33079668,678511851,0,5400,66312,678578163
2020-03-16,30635795,655638974,0,5400,61884,655700858
2020-03-17,23817415,649682872,0,5400,61182,649744054
2020-03-18,17179829,635710979,0,5400,59184,635770163
2020-03-19,22367126,629416221,0,5400,60318,629476539
2020-03-20,12194365,626533308,0,5400,61020,626594328
2020-03-23,12964202,621850640,0,5400,57348,621907988
2020-03-24,16442929,621774998,0,5400,59670,621834668
2020-03-25,19727222,626177113,0,5400,60426,626237539
2020-03-26,14730702,626242114,0,5400,60102,626302216
2020-03-27,17875115,623152049,0,5400,61560,623213609
2020-03-30,17161876,621102711,0,5400,58914,621161625
2020-03-31,10077138,619941122,0,5400,58698,619999820
2020-04-01,6101482,616653292,0,5400,58374,616711666
2020-04-02,16562172,623349087,0,5400,60048,623409135
2020-04-03,11133741,621606028,0,5400,58590,621664618
2020-04-07,27678176,619485320,3800,9200,104788,619590108
2020-04-08,20281688,624940859,0,5400,60912,625001771
2020-04-09,37550003,631003486,0,5400,62532,631066018
2020-04-10,18523726,619324145,0,5400,60264,619384409
2020-04-13,13316165,610234413,0,5400,58860,610293273
2020-04-14,9913932,602317807,0,5400,60102,602377909
2020-04-15,16449291,605092589,0,5400,59832,605152421
2020-04-16,60546313,610785548,3800,9200,110676,610896224
2020-04-17,61241717,620790024,0,5400,62910,620852934
2020-04-20,28115989,619943731,0,5400,63774,620007505
2020-04-21,24841379,617985514,0,5400,64260,618049774
2020-04-22,29246180,625210396,0,5400,64044,625274440
2020-04-23,35549735,633858333,0,5400,63666,633921999
2020-04-24,27217373,627159765,0,5400,60372,627220137
2020-04-27,9588300,622827354,0,5400,59670,622887024
2020-04-28,22210051,623184529,0,5400,57240,623241769
2020-04-29,14249154,622676992,0,5400,57510,622734502
2020-04-30,8983474,607351492,3500,8900,98434,607449926
2020-05-06,24227281,620848104,0,8900,99235,620947339
2020-05-07,15693550,610181647,0,8900,97722,610279369
2020-05-08,21683585,606374254,0,8900,99769,606474023
2020-05-11,12431642,604916202,0,8900,98790,605014992
2020-05-12,11461432,603239942,0,3000,33150,603273092
2020-05-13,5201217,602331939,0,3000,33120,602365059
2020-05-14,18141591,605947827,0,0,0,605947827
2020-05-15,13247976,607535146,0,0,0,607535146
2020-05-18,12525695,603440550,0,0,0,603440550
2020-05-19,11080302,601436004,0,0,0,601436004
2020-05-20,9819840,596286534,0,0,0,596286534
2020-05-21,25654773,611093437,0,0,0,611093437
2020-05-22,9310595,598041219,0,0,0,598041219
2020-05-25,8064242,595769425,0,0,0,595769425
2020-05-26,6672297,598001739,0,0,0,598001739
2020-05-27,9203344,596276836,0,0,0,596276836
2020-05-28,5900211,593871594,0,0,0,593871594
2020-05-29,8156006,587949378,0,0,0,587949378
2020-06-01,8816197,585595517,0,0,0,585595517
2020-06-02,8381218,578142693,0,0,0,578142693
2020-06-03,12464129,577438370,0,0,0,577438370
2020-06-04,7503185,577525558,0,0,0,577525558
2020-06-05,5673215,574579063,0,0,0,574579063
2020-06-08,6076798,576243423,0,0,0,576243423
2020-06-09,8705822,576755821,0,0,0,576755821
2020-06-10,4199643,565429689,0,0,0,565429689
2020-06-11,10835749,565297754,2000,2000,20440,565318194
2020-06-12,10518973,561096482,0,0,0,561096482
2020-06-15,4370030,555025094,2000,2000,20420,555045514
2020-06-16,10631845,558642355,0,2000,20780,558663135
2020-06-17,5045276,554974557,0,2000,20780,554995337
2020-06-18,31703321,570824101,0,2000,21380,570845481
2020-06-19,69288380,578268414,3800,5800,65482,578333896
2020-06-22,78328182,590479202,0,2000,22600,590501802
2020-06-23,35272709,595127458,3800,5800,66004,595193462
2020-06-24,30339466,594757953,0,5800,65540,594823493
2020-06-29,39196254,601014622,0,2000,21780,601036402
2020-06-30,37768762,594645517,0,0,0,594645517
2020-07-01,45273039,607597459,0,0,0,607597459
2020-07-02,30246231,601375654,10000,10000,117100,601492754
2020-07-03,29964324,581418492,0,10000,116800,581535292
2020-07-06,67160430,597522236,0,10000,122600,597644836
2020-07-07,57759113,568870339,0,10000,124800,568995139
2020-07-08,62289786,572408727,0,10000,127400,572536127
2020-07-09,71031425,577547548,0,10000,127700,577675248
2020-07-10,101036260,604086481,2000,12000,158520,604245001
2020-07-13,78735608,604473033,0,10000,132500,604605533
2020-07-14,58210428,598429786,2000,2000,26020,598455806
2020-07-15,55772228,598731184,0,2000,25400,598756584
2020-07-16,61130550,601724019,0,0,0,601724019
2020-07-17,26451292,602570181,0,0,0,602570181
2020-07-20,28127848,613330336,0,0,0,613330336
2020-07-21,59341318,615036326,5800,5800,68904,615105230
2020-07-22,73026108,614985529,0,2000,25560,615011089
2020-07-23,60718171,631898863,0,0,0,631898863
2020-07-24,40574053,627683560,2000,2000,22640,627706200
2020-07-27,16405266,625868735,0,0,0,625868735
2020-07-28,27308544,616869667,0,0,0,616869667
2020-07-29,43965682,639643533,2000,2000,24200,639667733
2020-07-30,30605736,637478891,0,0,0,637478891
2020-07-31,31025171,635631333,0,0,0,635631333
2020-08-03,50302670,632958441,0,0,0,632958441
2020-08-04,45901506,629960756,2000,2000,25200,629985956
2020-08-05,25747658,621006125,0,2000,25240,621031365
2020-08-06,35303881,615241251,0,2000,25780,615267031
2020-08-07,56938443,635796473,0,2000,26020,635822493
2020-08-10,39190826,636784791,0,0,0,636784791
2020-08-11,36454098,621784688,3800,3800,46740,621831428
2020-08-12,24743196,628197141,0,0,0,628197141
2020-08-13,12902886,623272069,0,0,0,623272069
2020-08-14,25667217,625662531,2000,2000,24960,625687491
2020-08-17,80741166,628400803,0,2000,27460,628428263
2020-08-18,47489033,615259812,3000,3700,50949,615310761
2020-08-19,40553619,608241628,1300,2000,26620,608268248
2020-08-20,39050910,610531375,0,2000,26660,610558035
2020-08-21,34535475,614104530,0,2000,25980,614130510
2020-08-24,35594986,622264530,0,2000,26220,622290750
2020-08-25,34286717,633871930,0,2000,25800,633897730
2020-08-26,38478636,637698654,300,2300,28750,637727404
2020-08-27,14704853,641092059,0,2300,29095,641121154
2020-08-28,17289338,631502451,0,2300,29187,631531638
2020-08-31,27906303,638299260,0,0,0,638299260
2020-09-01,24004322,640345961,0,0,0,640345961
2020-09-02,18732545,647000281,2000,2000,25160,647025441
2020-09-03,25917419,653706348,1300,3300,40425,653746773
2020-09-04,10892982,653512599,0,2000,24500,653537099
2020-09-07,22083515,656526247,14500,16500,198165,656724412
2020-09-08,12794690,639177485,0,16500,196185,639373670
2020-09-09,22307089,648279137,16000,30500,351665,648630802
2020-09-10,17634052,644031651,49700,80200,874180,644905831
2020-09-11,9003446,644517439,0,80200,885408,645402847
2020-09-14,10306662,647725241,0,78200,868020,648593261
2020-09-15,9967072,650102905,2000,80200,894230,650997135
2020-09-16,9144637,654329139,0,80200,880596,655209735
2020-09-17,5503759,646958924,0,80200,880596,647839520
2020-09-18,21174245,652887538,0,80200,906260,653793798
2020-09-21,13957377,655654001,3939,24039,269958,655923959
2020-09-22,10326262,648676894,2000,26039,286169,648963063
2020-09-23,5259231,645022556,4100,30139,336050,645358606
2020-09-24,8382697,644442961,92600,120739,1317262,645760223
2020-09-25,7429990,643637269,2000,118939,1260753,644898022
2020-09-28,3887184,643015741,32400,151339,1589060,644604801
2020-09-29,6965605,635390598,0,151339,1602680,636993278
2020-09-30,6545331,632725734,0,31139,327894,633053628
2020-10-09,8304839,626657615,0,31139,337547,626995162
2020-10-12,12036869,620962002,0,31139,351871,621313873
2020-10-13,10511730,622374271,3800,34939,394811,622769082
2020-10-14,6825517,618415720,0,31139,344086,618759806
2020-10-15,9378999,618772723,0,31139,342218,619114941
2020-10-16,16147354,625582164,0,31139,348445,625930609
2020-10-19,10212315,629933029,0,31139,342840,630275869
2020-10-20,3508085,626201096,1300,32439,361046,626562142
2020-10-21,4017915,621296710,0,32439,360073,621656783
2020-10-22,5734647,623004242,0,32439,361046,623365288
2020-10-23,10916548,625849026,0,32439,359100,626208126
2020-10-26,9781006,628643105,0,32439,354234,628997339
2020-10-27,8546573,628064583,300,32739,349980,628414563
2020-10-28,4579753,628222113,0,32739,351617,628573730
2020-10-29,6063892,627985257,0,32739,363730,628348987
2020-10-30,8928042,625729254,1500,32939,352777,626082031
2020-11-02,5608021,622291587,0,32939,362000,622653587
2020-11-03,8236929,626313465,0,32939,365623,626679088
2020-11-04,26525902,628810079,53800,86739,902086,629712165
2020-11-05,8035082,620422951,0,82939,866713,621289664
2020-11-06,6875846,618076061,0,52639,540603,618616664
2020-11-09,14963560,620528346,0,29139,308582,620836928
2020-11-10,7522077,617003633,2000,31139,328205,617331838
2020-11-11,10332825,603974944,0,31139,315438,604290382
2020-11-12,8219274,598838953,0,21200,213696,599052649
2020-11-13,3318398,591086995,0,21200,214544,591301539
2020-11-16,8972471,588382118,0,21200,212212,588594330
2020-11-17,10422988,582158057,0,21200,204792,582362849
2020-11-18,4503204,581527629,0,21200,206064,581733693
2020-11-19,3777871,580371989,0,21200,207336,580579325
2020-11-20,5938455,580036605,0,21200,207124,580243729
2020-11-23,5849507,574046160,0,21200,207124,574253284
2020-11-24,3156135,571165174,0,21200,206064,571371238
2020-11-25,3037927,568550326,3900,25100,242717,568793043
2020-11-26,6912767,567809303,0,25100,236191,568045494
2020-11-27,8024226,566289345,0,25100,239956,566529301
2020-11-30,20910040,571110362,0,23100,233079,571343441
2020-12-01,34164515,592907904,2000,25100,259283,593167187
2020-12-02,17146391,593564759,0,23100,245322,593810081
2020-12-03,18881059,587437290,2000,25100,255769,587693059
2020-12-04,7029389,583447066,3800,28900,296514,583743580
2020-12-07,4438040,581884663,0,25000,252000,582136663
2020-12-08,7608082,574463934,0,25000,250500,574714434
2020-12-09,3837328,560412806,0,25000,246250,560659056
2020-12-10,3250019,559786853,1000,26000,252460,560039313
2020-12-11,3561282,557934146,0,25900,248381,558182527
2020-12-14,1272021,556485910,13000,38900,374607,556860517
2020-12-15,1951350,555553090,19700,58500,567450,556120540
2020-12-16,2065209,554942920,0,58500,563940,555506860
2020-12-17,5391617,557449866,0,54300,524538,557974404
2020-12-18,4483057,558342010,0,54300,515307,558857317
2020-12-21,4576805,558304271,0,54300,523452,558827723
2020-12-22,8817864,555258078,0,54300,527253,555785331
2020-12-23,5045527,555594014,0,34600,330430,555924444
2020-12-24,9207027,551789879,1000,35600,324672,552114551
2020-12-25,4979864,547131050,0,34600,312092,547443142
2020-12-28,6214328,538523737,0,34600,295830,538819567
2020-12-29,2980489,533774397,0,34200,294804,534069201
2020-12-30,2253504,530398081,0,34200,294804,530692885
2020-12-31,4212014,530094914,0,0,0,530094914
2021-01-04,3167340,525663368,0,0,0,525663368
2021-01-05,5512834,526645900,1600,1600,13808,526659708
2021-01-06,7311521,523430719,0,0,0,523430719
2021-01-07,6585179,522020867,0,0,0,522020867
2021-01-08,12825319,521906990,2000,2000,16560,521923550
2021-01-11,4131538,519049855,0,2000,16200,519066055
2021-01-12,3985205,520016262,0,2000,16300,520032562
2021-01-13,6754801,518108511,0,0,0,518108511
2021-01-14,11285891,515590518,0,0,0,515590518
2021-01-15,4032132,515046922,0,0,0,515046922
2021-01-18,5016944,514855485,0,0,0,514855485
2021-01-19,8251974,510967567,0,0,0,510967567
2021-01-20,3199819,509962128,2000,2000,16080,509978208
2021-01-21,4404913,507332220,0,2000,16080,507348300
2021-01-22,3906233,506246620,0,2000,15720,506262340
2021-01-25,5356203,505758978,0,2000,15360,505774338
2021-01-26,2524255,502816795,0,2000,15260,502832055
2021-01-27,3585151,502054747,0,2000,14960,502069707
2021-01-28,2600917,500207375,0,2000,14660,500222035
2021-01-29,5629538,490441320,0,2000,14220,490455540
2021-02-01,17911004,493750873,0,2000,15060,493765933
2021-02-02,4363246,489562007,0,2000,14680,489576687
2021-02-03,10494128,489567449,3800,5800,46516,489613965
2021-02-04,15601034,496783774,0,3800,30932,496814706
2021-02-05,7275126,498554899,2000,5800,46516,498601415
2021-02-08,3680387,493280322,0,5800,46342,493326664
2021-02-09,11237270,493133524,0,5800,47502,493181026
2021-02-10,5828127,493597746,0,3800,31008,493628754
2021-02-18,15020839,495260562,2000,5800,50170,495310732
2021-02-19,6681067,494306421,0,3800,33022,494339443
2021-02-22,9371309,485207181,2000,5800,50866,485258047
2021-02-23,11116200,481887323,0,3800,32072,481919395
2021-02-24,10221003,486755316,2000,5800,48488,486803804
2021-02-25,4958540,487582982,0,5800,47386,487630368
2021-02-26,4033779,487081646,0,3800,31008,487112654
2021-03-01,3001933,486827509,0,3800,31426,486858935
2021-03-02,6160130,489263437,2000,5800,47154,489310591
2021-03-03,4958395,483266642,0,5800,47386,483314028
2021-03-04,4347374,478329608,0,3800,30932,478360540
2021-03-05,4270083,474747839,0,3800,31008,474778847
2021-03-08,5592589,473639590,2000,5800,46574,473686164
2021-03-09,5372767,470433833,0,3800,29792,470463625
2021-03-10,2768710,468176589,2000,5800,44602,468221191
2021-03-11,1283530,467004938,0,3800,29792,467034730
2021-03-12,3874166,468888173,2000,5800,45066,468933239
2021-03-15,3944989,469713857,0,5800,44718,469758575
2021-03-16,4089958,470581125,0,0,0,470581125
2021-03-17,2668497,469104847,2000,2000,15680,469120527
2021-03-18,1219959,467986809,0,2000,15520,468002329
2021-03-19,1553009,466217513,0,0,0,466217513
2021-03-22,5737299,468486908,2000,2000,16000,468502908
2021-03-23,7247096,468866049,0,0,0,468866049
2021-03-24,4918089,468863880,3800,3800,31084,468894964
2021-03-25,13421775,471556006,0,3800,32756,471588762
2021-03-26,12829748,476879529,0,3800,32224,476911753
2021-03-29,11442083,475832483,2000,2000,16340,475848823
2021-03-30,4926835,477057011,0,2000,16160,477073171
2021-03-31,3943142,477591440,0,300,2433,477593873
2021-04-01,3400028,477980628,0,300,2421,477983049
2021-04-02,3540502,476749921,0,300,2412,476752333
2021-04-06,2655999,474424107,0,300,2430,474426537
2021-04-07,4305726,475522565,1700,2000,16180,475538745
2021-04-08,2949823,477124341,0,2000,16080,477140421
2021-04-09,1438856,474125467,0,2000,16120,474141587
2021-04-12,3551447,473251166,0,2000,16300,473267466
2021-04-13,14818019,477004525,0,2000,16880,477021405
2021-04-14,10077014,480737538,0,2000,16620,480754158
2021-04-15,7044723,480020321,0,2000,16580,480036901
2021-04-16,8064431,476175188,0,2000,16860,476192048
2021-04-19,10301228,477459126,0,2000,16840,477475966
2021-04-20,6596205,471618479,0,2000,16520,471634999
2021-04-21,3807695,470848647,0,2000,16600,470865247
2021-04-22,19354320,480838622,0,2000,17060,480855682
2021-04-23,4524336,478473787,10000,12000,102720,478576507
2021-04-26,7245686,478689742,0,12000,101760,478791502
2021-04-27,9663286,477488698,0,12000,104280,477592978
2021-04-28,5810147,475072739,0,12000,101760,475174499
2021-04-29,7162029,471358861,0,12000,95400,471454261
2021-04-30,4238022,467420699,0,2000,15440,467436139
2021-05-06,2286558,461258094,0,2000,15500,461273594
2021-05-07,3603197,460857020,21300,23300,182672,461039692
2021-05-10,4713618,458563997,0,23300,185235,458749232
2021-05-11,4182226,455175162,200,23500,186355,455361517
2021-05-12,4146803,452770074,400,23900,188332,452958406
2021-05-13,3106610,447596500,0,21900,170601,447767101
2021-05-14,3157195,446203628,0,21900,170382,446374010
2021-05-17,4131616,445374160,0,21900,167973,445542133
2021-05-18,1490753,443780461,0,21900,168849,443949310
2021-05-19,2152107,439191536,2000,2000,15340,439206876
2021-05-20,2393257,435359956,296197,298197,2239459,437599415
2021-05-21,780579,434462429,0,298197,2245423,436707852
2021-05-24,3911105,434702538,199699,497896,3803925,438506463
2021-05-25,2731823,434002199,0,497896,3808904,437811103
2021-05-26,3213361,433581034,0,497896,3823841,437404875
2021-05-27,7112531,436159515,30400,528296,4131275,440290790
2021-05-28,3595912,434897604,0,528296,4152407,439050011
2021-05-31,2510348,432540189,0,528296,4162972,436703161
2021-06-01,1735726,431175090,40300,568596,4474851,435649941
2021-06-02,11770481,436768479,127600,696196,5534758,442303237
2021-06-03,36734211,438778144,67500,763696,6682340,445460484
2021-06-04,37049137,452397999,16000,779696,7095234,459493233
2021-06-07,33843560,459566657,200,779896,6707106,466273763
2021-06-08,19515908,464520188,454600,1234496,10567286,475087474
2021-06-09,16534538,466978378,469700,1702396,14538462,481516840
2021-06-10,19938946,463621229,267500,1968896,17582241,481203470
2021-06-11,10860483,465328635,3000,1644696,14308855,479637490
2021-06-15,12437143,468955378,300,1644899,13718458,482673836
2021-06-16,8021745,467850549,0,1590599,13090630,480941179
2021-06-17,10874546,474576051,7500,1396400,11464444,486040495
2021-06-18,21015377,482131437,2000,844600,7195992,489327429
2021-06-21,29474526,477969415,0,386700,3488034,481457449
2021-06-22,26712826,491774325,0,204600,1782066,493556391
2021-06-23,25427875,480526969,2000,2000,17880,480544849
2021-06-24,38025045,491486862,0,2000,17400,491504262
2021-06-25,11080000,485264000,0,2000,17540,485281540
2021-06-28,17115240,489855662,0,2000,17200,489872862
2021-06-29,8369291,490267796,0,2000,17160,490284956
2021-06-30,11346226,494153734,0,0,0,494153734
2021-07-01,6095059,492528154,0,0,0,492528154
2021-07-02,4733340,489214187,2000,2000,16440,489230627
2021-07-05,5588148,481406249,84200,86200,705978,482112227
2021-07-06,10365369,478970501,479100,565300,4499788,483470289
2021-07-07,3567801,475363031,463800,1027100,8278426,483641457
2021-07-08,5511707,474818362,51100,1078200,8506998,483325360
2021-07-09,3503067,465835036,45500,1123700,8910941,474745977
2021-07-12,6450428,464438516,3300,1127000,9038540,473477056
2021-07-13,4119371,458016349,0,1126600,9046598,467062947
2021-07-14,6166144,456300417,187000,1313200,10400544,466700961
2021-07-15,3706381,454112719,24600,1198100,9369142,463481861
2021-07-16,4867455,454167330,42400,256000,2030080,456197410
2021-07-19,3019184,453393653,21200,258000,2035620,455429273
2021-07-20,2137587,451973200,19300,277300,2165713,454138913
2021-07-21,1681033,448443219,0,275300,2147340,450590559
2021-07-22,11786172,454880333,0,275300,2194141,457074474
2021-07-23,3291182,451551643,2000,277300,2171259,453722902
2021-07-26,6220796,445992880,0,277300,2071431,448064311
2021-07-27,5391348,444646622,499020,748320,5455253,450101875
2021-07-28,2192956,443101523,11700,699720,5009995,448111518
2021-07-29,1802685,442422744,100,699720,5100959,447523703
2021-07-30,1385418,438931717,0,699520,5092506,444024223
2021-08-02,4263630,438467447,0,699320,5188954,443656401
2021-08-03,2924656,436597248,0,699220,5167236,441764484
2021-08-04,3284485,437444516,0,698920,5144051,442588567
2021-08-05,3515758,434208127,0,698820,5038492,439246619
2021-08-06,2082624,432699698,0,189000,1366470,434066168
2021-08-09,3419345,425304273,0,189000,1387260,426691533
2021-08-10,1814679,423274584,0,189000,1392930,424667514
2021-08-11,2453036,421218813,34100,221700,1642797,422861610
2021-08-12,2909111,419402965,0,221700,1647231,421050196
2021-08-13,3487863,419691111,0,221700,1631712,421322823
2021-08-16,3042132,420031019,0,221100,1625085,421656104
2021-08-17,4136869,417935354,0,221100,1587498,419522852
2021-08-18,1166895,414847276,0,221100,1611819,416459095
2021-08-19,3368265,416515063,0,221100,1609608,418124671
2021-08-20,1374060,415199457,0,221100,1596342,416795799
2021-08-23,3288869,414086535,0,187000,1381930,415468465
2021-08-24,2977184,412757504,0,187000,1393150,414150654
2021-08-25,1915337,412445536,0,187000,1385670,413831206
2021-08-26,17314413,413386118,7200,194200,1472036,414858154
2021-08-27,9535343,414705685,0,193300,1474879,416180564
2021-08-30,9791487,410694105,0,193300,1517405,412211510
2021-08-31,4152115,409245268,0,193300,1527070,410772338
2021-09-01,3850203,404791633,0,192200,1499160,406290793
2021-09-02,5898092,405900943,0,192200,1485706,407386649
2021-09-03,12656038,409161921,2000,194200,1538064,410699985
2021-09-06,6855860,407250724,0,2000,15760,407266484
2021-09-07,4871280,407794067,0,2000,15780,407809847
2021-09-08,20694572,415550490,0,2000,16140,415566630
2021-09-09,13946123,421172571,0,2000,16160,421188731
2021-09-10,9845840,419895557,0,2000,16160,419911717
2021-09-13,10873349,423059684,0,2000,16340,423076024
2021-09-14,6713419,422053902,0,2000,16020,422069922
2021-09-15,5557214,421481192,0,2000,15980,421497172
2021-09-16,4086938,417205277,0,100,798,417206075
2021-09-17,5728049,418542940,0,100,781,418543721
2021-09-22,3435447,416891822,0,100,789,416892611
2021-09-23,2620768,412408083,1900,1900,15276,412423359
2021-09-24,3012035,412397158,100,2000,15720,412412878
2021-09-27,3361389,413042591,0,2000,15060,413057651
2021-09-28,1975458,413650038,0,2000,15140,413665178
2021-09-29,3415320,414020160,0,2000,14640,414034800
2021-09-30,3690050,412620484,0,2000,14820,412635304
2021-10-08,2947107,412493299,0,0,0,412493299
2021-10-11,2821999,411949679,0,0,0,411949679
2021-10-12,1912322,411742120,16260,16260,123739,411865859
2021-10-13,1821999,412041267,15700,31960,244494,412285761
2021-10-14,445501,409447438,1800,33760,256914,409704352
2021-10-15,290129,408170627,0,33760,253875,408424502
2021-10-18,748481,380487501,195950,229710,1725122,382212623
2021-10-19,1079735,371757829,0,229710,1709042,373466871
2021-10-20,569004,370124818,0,229710,1709042,371833860
2021-10-21,1490648,370102788,0,227710,1696440,371799228
2021-10-22,901910,365326516,0,195950,1457868,366784384
2021-10-25,1870064,365598917,1900,197850,1493768,367092685
2021-10-26,3101786,365777902,100,197950,1484625,367262527
2021-10-27,928909,364818656,0,2000,14700,364833356
2021-10-28,936806,364798069,199700,201700,1472410,366270479
2021-10-29,2268910,362158054,0,199700,1469792,363627846
2021-11-01,3586074,358188532,700,200400,1478952,359667484
2021-11-02,4138238,358909388,1300,201700,1516784,360426172
2021-11-03,2245433,358148554,0,201700,1508716,359657270
2021-11-04,4690343,356923346,26200,227900,1747993,358671339
2021-11-05,4125559,355954218,1100,229000,1761010,357715228
2021-11-08,1735064,354603623,0,229000,1756430,356360053
2021-11-09,2109581,355181212,100,29400,226380,355407592
2021-11-10,2729388,356190453,0,29400,227262,356417715
2021-11-11,6161562,357897597,0,29400,229320,358126917
2021-11-12,3982075,359739964,0,29400,231672,359971636
2021-11-15,1739962,358068264,0,29400,234024,358302288
2021-11-16,2391510,357927766,0,0,0,357927766
2021-11-17,3281813,358924121,50000,50000,398500,359322621
2021-11-18,12364420,362228587,17200,67200,544320,362772907
2021-11-19,6738434,363326008,0,52000,412880,363738888
2021-11-22,5172783,361436164,0,52000,409760,361845924
2021-11-23,4843504,363260320,0,52000,410800,363671120
2021-11-24,3545816,362130803,89700,141700,1119430,363250233
2021-11-25,6158446,362618728,0,141700,1135017,363753745
2021-11-26,9791810,361093355,111500,253200,2053452,363146807
2021-11-29,4857684,360038731,0,251200,2029696,362068427
2021-11-30,8497030,362103312,185000,436200,3572478,365675790
2021-12-01,6186714,362821357,0,436200,3572478,366393835
2021-12-02,6228323,362298377,2000,438200,3531892,365830269
2021-12-03,3472948,359094752,37800,476000,3841320,362936072
2021-12-06,4187608,358116371,0,434800,3417528,361533899
2021-12-07,6673260,363129847,37500,472300,3688663,366818510
2021-12-08,4335096,362361047,0,454800,3570180,365931227
2021-12-09,3125831,347328491,17400,472200,3758712,351087203
2021-12-10,3968759,347063062,0,287200,2288984,349352046
2021-12-13,4764521,346451931,0,285200,2290156,348742087
2021-12-14,5073569,346306719,0,191200,1558280,347864999
2021-12-15,13940004,344800863,0,153400,1276288,346077151
2021-12-16,12396657,347573704,0,153400,1290094,348863798
2021-12-17,4767654,344913870,0,153400,1279356,346193226
2021-12-20,7522050,344790512,0,17400,144246,344934758
2021-12-21,9988398,344166609,0,0,0,344166609
2021-12-22,4992542,338761989,0,0,0,338761989
2021-12-23,11779179,346061555,0,0,0,346061555
2021-12-24,8877111,350585639,0,0,0,350585639
2021-12-27,4847656,350737854,0,0,0,350737854
2021-12-28,5181120,350026469,0,0,0,350026469
2021-12-29,6593440,351390213,0,0,0,351390213
2021-12-30,5498717,350865615,0,0,0,350865615
2021-12-31,3541949,349624643,14800,14800,123284,349747927
2022-01-04,16661438,354159474,100,14900,127991,354287465
2022-01-05,8650910,358857609,0,14900,126799,358984408
2022-01-06,3986903,356748586,0,14900,126650,356875236
2022-01-07,4680202,357032113,0,14900,123968,357156081
2022-01-10,5686537,354573466,0,12900,110295,354683761
2022-01-11,8197052,357318394,0,12900,108618,357427012
