日期,融资买入额(元),融资余额(元),融券卖出量,融券余量,融券余额(元),融资融券余额(元)
2017-07-12,34382450,777983865,15000,71900,706058,778689923
2017-07-13,28586181,790801166,24900,81800,801640,791602806
2017-07-14,26808838,782361416,115400,195000,1959750,784321166
2017-07-17,34172819,773455716,78000,180700,1700387,775156103
2017-07-18,24419207,784041822,9300,107800,1020866,785062688
2017-07-19,26289279,795227830,32900,102700,993109,796220939
2017-07-20,21505644,797184341,2000,103700,997594,798181935
2017-07-21,15875517,788739222,0,93700,902331,789641553
2017-07-24,29849307,790640062,283555,344155,3396810,794036872
2017-07-25,11035845,789397070,0,105555,1036550,790433620
2017-07-26,13048787,785900119,0,105555,1024939,786925058
2017-07-27,20645454,783362949,24000,129555,1281299,784644248
2017-07-28,24690153,789365845,204700,280255,2760512,792126357
2017-07-31,17375350,796428620,0,152555,1501141,797929761
2017-08-01,75652429,813268730,588300,618200,6250002,819518732
2017-08-02,52150954,813098791,112000,151900,1541785,814640576
2017-08-03,25079243,814347170,0,151900,1535709,815882879
2017-08-04,21696115,808623629,11100,136000,1373600,809997229
2017-08-07,16093829,811307442,8000,117900,1184895,812492337
2017-08-08,14221033,813177678,20900,112800,1138152,814315830
2017-08-09,22451358,821043459,0,92800,927072,821970531
2017-08-10,25597281,820775998,7000,99800,979038,821755036
2017-08-11,12581773,821340593,0,91900,886835,822227428
2017-08-14,10281993,823770767,20000,87000,847380,824618147
2017-08-15,14782129,829854682,0,67000,659950,830514632
2017-08-16,27978548,826819143,547729,554729,5547290,832366433
2017-08-17,30937988,832506525,37900,175800,1777338,834283863
2017-08-18,79895317,849972689,644700,671700,7039416,857012105
2017-08-21,67400611,835489670,175100,212088,2241770,837731440
2017-08-22,40354665,832475065,2000,92900,953154,833428219
2017-08-23,20872180,824695199,50489,143389,1462568,826157767
2017-08-24,25452784,836077602,3000,144389,1474212,837551814
2017-08-25,22376700,825464510,0,90000,922500,826387010
2017-08-28,44406200,835286994,0,90000,928800,836215794
2017-08-29,40084584,842554458,172900,262900,2715757,845270215
2017-08-30,26728205,841066327,0,87300,896571,841962898
2017-08-31,33663826,850083577,0,87300,890460,850974037
2017-09-01,108627941,886309026,248200,335500,3559655,889868681
2017-09-04,41198276,884780645,0,87900,926466,885707111
2017-09-05,95406298,914267075,589300,614300,6702013,920969088
2017-09-06,73149649,923856440,97800,122800,1338520,925194960
2017-09-07,87172628,957409927,116000,216000,2369520,959779447
2017-09-08,75793625,918693198,541090,586190,6694290,925387488
2017-09-11,47046116,903521287,62500,189700,2158786,905680073
2017-09-12,73584511,894349335,213600,402300,4513806,898863141
2017-09-13,66106782,923969954,20400,224700,2491923,926461877
2017-09-14,48685136,916600569,150700,290200,3264750,919865319
2017-09-15,29267156,874472330,34100,197500,2198175,876670505
2017-09-18,71450832,867039430,383454,487854,5581050,872620480
2017-09-19,39865993,870584222,30600,249600,2832960,873417182
2017-09-20,81645481,889774048,290700,427000,4923310,894697358
2017-09-21,110898158,922620051,405400,547900,6520010,929140061
2017-09-22,131661070,933192955,105000,396700,4760400,937953355
2017-09-25,57945002,897726944,16800,368500,4407260,902134204
2017-09-26,88549994,906079918,371300,673900,8423750,914503668
2017-09-27,85091310,919478959,1000,312700,3846210,923325169
2017-09-28,151564491,904963223,456000,671800,8746836,913710059
2017-09-29,127906443,867293476,170400,380200,5231552,872525028
2017-10-09,190280443,911030524,604490,807290,12125496,923156020
2017-10-10,158472775,943146076,80700,340990,4944355,948090431
2017-10-11,173149691,993465013,195400,508290,7177055,1000642068
2017-10-12,114978294,1016345240,331200,556600,7792400,1024137640
2017-10-13,66350321,1011089970,87700,476000,6649720,1017739690
2017-10-16,181152376,1089482759,212900,545600,7125536,1096608295
2017-10-17,40793932,1072829677,51200,431900,5683804,1078513481
2017-10-18,49375508,1050536646,17500,330700,4262723,1054799369
2017-10-19,36332282,1047219949,56000,365700,4743129,1051963078
2017-10-20,62547917,1024909635,366300,702000,9350640,1034260275
2017-10-23,95678395,1045807512,124800,468500,5931210,1051738722
2017-10-24,60439502,1051584644,79200,418300,5232933,1056817577
2017-10-25,39389956,1038220251,134400,514000,6460980,1044681231
2017-10-26,52783947,1018072042,5000,420100,5301662,1023373704
2017-10-27,49171965,1006838277,35000,411400,5220666,1012058943
2017-10-30,58734721,1009692428,125100,369100,4418127,1014110555
2017-10-31,57668742,962233292,222600,446000,5374300,967607592
2017-11-01,50520475,965679699,53300,365600,4390856,970070555
2017-11-02,54556558,980984874,20400,282700,3324552,984309426
2017-11-03,39195976,961883837,215000,448300,5334770,967218607
2017-11-06,47951031,979431312,0,252300,3045261,982476573
2017-11-07,38610225,982306265,20000,252300,3055353,985361618
2017-11-08,65992754,981146805,275100,434500,5357385,986504190
2017-11-09,42658659,982601482,20800,260200,3218674,985820156
2017-11-10,37983843,983046870,0,229400,2796386,985843256
2017-11-13,36634081,996442118,0,189400,2312574,998754692
2017-11-14,71229537,1028044538,1000,160200,1906380,1029950918
2017-11-15,59253175,1045197158,74600,234800,2697852,1047895010
2017-11-16,24036698,1046527699,1800,163200,1884960,1048412659
2017-11-17,35388647,1032052613,500,142900,1600480,1033653093
2017-11-20,26976978,1030047956,57600,190300,2165614,1032213570
2017-11-21,40259315,1019310858,22500,105400,1172048,1020482906
2017-11-22,28594907,1023569562,3200,87400,957030,1024526592
2017-11-23,48097731,1015845490,197600,282300,2902044,1018747534
2017-11-24,21391999,1013789471,34200,214300,2218005,1016007476
2017-11-27,22725372,1019322924,0,181600,1866848,1021189772
2017-11-28,15785077,1016953895,2300,180600,1885464,1018839359
2017-11-29,68345252,1035434054,608000,744500,8085270,1043519324
2017-11-30,27033695,1029951173,0,233400,2474040,1032425213
2017-12-01,54852895,1041593907,765134,918534,10002835,1051596742
2017-12-04,19547864,1021529965,0,181334,1952967,1023482932
2017-12-05,27377065,1014350236,31000,179500,1847055,1016197291
2017-12-06,23676446,1019162217,271315,449815,4759043,1023921260
2017-12-07,17980723,1013103090,32700,277200,2918916,1016022006
2017-12-08,26896919,1020824142,138400,271900,2879421,1023703563
2017-12-11,23862529,1014047644,313000,429400,4628932,1018676576
2017-12-12,23968527,1024070854,13000,146400,1551840,1025622694
2017-12-13,23209425,1023837204,0,133400,1403368,1025240572
2017-12-14,26723991,1025561924,119000,252400,2695632,1028257556
2017-12-15,18609510,1015146258,0,133900,1400594,1016546852
2017-12-18,15495834,1019385436,62800,191700,1991763,1021377199
2017-12-19,10457897,1015568637,0,124300,1296449,1016865086
2017-12-20,15784064,1002474261,8100,111500,1131725,1003605986
2017-12-21,20144602,1003270850,149000,251900,2581975,1005852825
2017-12-22,11986107,1002465638,2100,105000,1081500,1003547138
2017-12-25,11110248,1003779799,81200,183800,1867408,1005647207
2017-12-26,21227081,1015471872,162600,265200,2705040,1018176912
2017-12-27,50071371,1024195767,686544,793144,8367669,1032563436
2017-12-28,32123073,1018865222,60000,289500,3025275,1021890497
2017-12-29,43410821,1020831326,378346,527846,5679623,1026510949
2018-01-02,27967043,1014748964,144400,344800,3720392,1018469356
2018-01-03,32156701,1023491411,275400,409100,4438735,1027930146
2018-01-04,23823767,1027598459,0,199500,2138640,1029737099
2018-01-05,17567448,1025093968,6600,166100,1778931,1026872899
2018-01-08,57432265,1034557483,157768,254368,2764980,1037322463
2018-01-09,37169947,1036807098,312500,431568,4712723,1041519821
2018-01-10,23424363,1031220658,1000,148000,1598400,1032819058
2018-01-11,22930481,1035845360,244100,391100,4204325,1040049685
2018-01-12,160655820,1086582605,693378,757478,8960965,1095543570
2018-01-15,123914474,1069674474,207600,355900,4149794,1073824268
2018-01-16,104464023,1071848538,417651,579951,6930414,1078778952
2018-01-17,91717913,1077221674,236200,295300,3570177,1080791851
2018-01-18,57123203,1075952514,20500,189100,2244617,1078197131
2018-01-19,44961637,1077519181,55400,218500,2552080,1080071261
2018-01-22,60974890,1071092517,300400,463500,5580540,1076673057
2018-01-23,42636516,1079162639,10000,143100,1698597,1080861236
2018-01-24,40371316,1075986787,0,142600,1679828,1077666615
2018-01-25,70191769,1093899293,382100,451800,5349312,1099248605
2018-01-26,101092576,1118364861,248500,358200,4370040,1122734901
2018-01-29,66761846,1107341906,10000,222000,2615160,1109957066
2018-01-30,45490505,1102526855,121900,303900,3582981,1106109836
2018-01-31,67989066,1097453562,272100,381200,4673512,1102127074
2018-02-01,74452914,1066089303,324222,446322,5422812,1071512115
2018-02-02,58822678,1033021820,444200,586200,6541992,1039563812
2018-02-05,46996363,1021235117,83700,255701,2840838,1024075955
2018-02-06,37694687,1005993128,165800,314901,3237182,1009230310
2018-02-07,36523996,1003766533,22000,251101,2613961,1006380494
2018-02-08,17486924,1000152951,29500,230601,2412086,1002565037
2018-02-09,26266333,981860428,62400,251501,2482315,984342743
2018-02-12,11170506,972575360,236800,467501,4707735,977283095
2018-02-13,18090977,965963543,131800,361800,3679506,969643049
2018-02-14,12210205,960296343,0,130800,1356396,961652739
2018-02-22,20128675,962317763,43550,154350,1616045,963933808
2018-02-23,19410541,967615418,21100,131950,1376239,968991657
2018-02-26,30278093,957920442,89600,201500,2139930,960060372
2018-02-27,24423884,956648351,56700,169500,1776360,958424711
2018-02-28,17939910,940586503,87500,210300,2224974,942811477
2018-03-01,21503124,945190073,20000,142800,1513680,946703753
2018-03-02,42996488,950594997,480100,582900,6254517,956849514
2018-03-05,19706669,945324671,20000,250200,2664630,947989301
2018-03-06,25888802,940723190,70000,299700,3239757,943962947
2018-03-07,28433588,949777110,19400,249100,2675334,952452444
2018-03-08,18004923,945323652,0,229700,2462384,947786036
2018-03-09,23481682,938320439,301000,433800,4706730,943027169
2018-03-12,59383692,941919314,40000,232800,2572440,944491754
2018-03-13,36052989,931202216,732600,810700,9014984,940217200
2018-03-14,36618865,940409398,0,81800,892438,941301836
2018-03-15,28813185,945914671,431300,503100,5498883,951413554
2018-03-16,33857596,941876168,119000,250800,2773848,944650016
2018-03-19,32026543,941023488,97500,298300,3233572,944257060
2018-03-20,35849955,938479247,0,220800,2320608,940799855
2018-03-21,26587916,941796919,127500,259300,2704499,944501418
2018-03-22,34561705,956289638,140000,311800,3305080,959594718
2018-03-23,25095547,936951777,96300,167700,1666938,938618715
2018-03-26,18984357,939106828,59100,193800,1953504,941060332
2018-03-27,18143823,931252213,40300,164100,1677102,932929315
2018-03-28,18488314,927416838,132300,217700,2185708,929602546
2018-03-29,32896117,940510847,17300,150000,1521000,942031847
2018-03-30,28644399,934829173,79200,174200,1776840,936606013
2018-04-02,27779078,937444029,25100,140100,1422015,938866044
2018-04-03,17581775,932032131,2200,125000,1250000,933282131
2018-04-04,36369946,928511892,407200,492200,5025362,933537254
2018-04-09,36316100,940704763,108500,193500,1967895,942672658
2018-04-10,42987819,936227813,522861,602861,6209468,942437281
2018-04-11,26206898,937441282,0,115000,1176450,938617732
2018-04-12,16302996,937440636,0,105000,1068900,938509536
2018-04-13,13051590,938611677,155100,240100,2441817,941053494
2018-04-16,22240243,939926264,33700,208700,2097435,942023699
2018-04-17,21237071,939417859,10800,125800,1245420,940663279
2018-04-18,14775120,939241050,92100,179400,1779648,941020698
2018-04-19,14007300,932633833,39900,195300,1935423,934569256
2018-04-20,26086403,921718596,50620,167220,1588590,923307186
2018-04-23,12830817,918393964,0,126320,1200040,919594004
2018-04-24,18064299,918996267,313200,438600,4267578,923263845
2018-04-25,12641224,920449305,6000,241400,2327096,922776401
2018-04-26,16790649,916363270,400,131800,1232330,917595600
2018-04-27,13065192,906325198,125000,256800,2398512,908723710
2018-05-02,10559177,904886734,0,151800,1392006,906278740
2018-05-03,21847209,910507653,169967,213067,1930387,912438040
2018-05-04,10908081,910857186,4700,81667,732553,911589739
2018-05-07,13068466,909693064,1000,82567,751360,910444424
2018-05-08,14169906,910334910,0,82567,759616,911094526
2018-05-09,9831344,907609167,183600,266067,2437174,910046341
2018-05-10,10173902,907502218,0,87667,803030,908305248
2018-05-11,33845376,910142735,909500,935500,8831120,918973855
2018-05-14,17318256,909060955,0,195000,1795950,910856905
2018-05-15,19350183,910753001,417300,552300,5180574,915933575
2018-05-16,14595939,911293267,0,133006,1236956,912530223
2018-05-17,8184731,910102382,0,131306,1205389,911307771
2018-05-18,8802843,912922648,40000,171306,1579441,914502089
2018-05-21,14733284,916273944,342400,465400,4360798,920634742
2018-05-22,7932959,917774806,62999,235999,2220751,919995557
2018-05-23,15237583,921238449,225200,359406,3342476,924580925
2018-05-24,15168878,921573859,10000,190406,1732695,923306554
2018-05-25,6270795,912203220,37800,121906,1099592,913302812
2018-05-28,9992020,911253087,0,83606,750782,912003869
2018-05-29,13090173,915904432,141300,224900,2017353,917921785
2018-05-30,22858948,922987072,383500,467400,4127142,927114214
2018-05-31,9581555,914545706,40700,200200,1779778,916325484
2018-06-01,11569685,913689869,300,113400,997920,914687789
2018-06-04,7627931,914581935,195500,308900,2733765,917315700
2018-06-05,8807696,917389640,20000,209500,1864550,919254190
2018-06-06,5337920,916875320,155000,324500,2868580,919743900
2018-06-07,8262199,917724512,11100,190600,1667750,919392262
2018-06-08,12246739,911176476,12000,191500,1646900,912823376
2018-06-11,10199704,914572273,39000,217600,1838720,916410993
2018-06-12,5953939,915699321,159900,328500,2792250,918491571
2018-06-13,16974215,911562698,247000,422100,3634281,915196979
2018-06-14,7867042,910938537,45300,212400,1801152,912739689
2018-06-15,10611587,908727958,600,156100,1287825,910015783
2018-06-19,17851286,880053375,436800,592900,4405247,884458622
2018-06-20,11115711,866649045,117100,370500,2745405,869394450
2018-06-21,9601186,853134702,206700,497200,3500288,856634990
2018-06-22,5774855,843351641,122900,440200,3134224,846485865
2018-06-25,2870251,840677682,300,310300,2221748,842899430
2018-06-26,5464136,839792709,158300,458600,3334022,843126731
2018-06-27,10131063,840595176,133800,310900,2266461,842861637
2018-06-28,5885900,832488693,102500,309100,2191519,834680212
2018-06-29,41697084,864117887,162100,312000,2333760,866451647
2018-07-02,9525945,838644834,329000,523900,3793036,842437870
2018-07-03,7747051,839759842,100,236800,1731008,841490850
2018-07-04,5338384,838778175,35400,269400,1942374,840720549
2018-07-05,6701022,830000337,116300,317400,2202756,832203093
2018-07-06,7711490,827389932,23800,204900,1448643,828838575
2018-07-09,6002305,825880422,54900,216000,1559520,827439942
2018-07-10,4343071,825942604,99500,260600,1889350,827831954
2018-07-11,6850669,825352185,2000,175600,1243248,826595433
2018-07-12,13026438,826861612,177600,353200,2560700,829422312
2018-07-13,4181576,822964699,40000,225600,1640112,824604811
2018-07-16,7602898,824709255,92500,278100,2010663,826719918
2018-07-17,9281600,823694794,114500,256600,1852652,825547446
2018-07-18,34320081,823505039,460500,615500,4659335,828164374
2018-07-19,15338965,822430397,2900,292400,2160836,824591233
2018-07-20,7513646,818037779,0,236500,1757195,819794974
2018-07-23,13246788,819977392,5300,241800,1813500,821790892
2018-07-24,23731543,826581270,195900,432400,3329480,829910750
2018-07-25,11913381,822328482,275000,511500,3938550,826267032
2018-07-26,8942034,821720391,20800,277300,2113026,823833417
2018-07-27,11915288,821520639,150800,307200,2350080,823870719
2018-07-30,10227713,822996291,49400,206600,1541236,824537527
2018-07-31,4558702,823557261,0,159200,1192408,824749669
2018-08-01,7020977,821552243,36200,195400,1438144,822990387
2018-08-02,13039019,819753920,51000,213600,1518696,821272616
2018-08-03,3655243,817840170,19800,179900,1268295,819108465
2018-08-06,7925324,803780811,0,160100,1103089,804883900
2018-08-07,6276978,800451038,11100,168700,1187648,801638686
2018-08-08,5777761,800013902,9900,167500,1170825,801184727
2018-08-09,6925612,797883199,11100,168700,1197770,799080969
2018-08-10,4350333,795256687,14000,171600,1226940,796483627
2018-08-13,5427790,793966067,75000,214600,1527952,795494019
2018-08-14,4230081,795276429,0,139600,989764,796266193
2018-08-15,7740806,796259257,170700,310300,2196924,798456181
2018-08-16,4998947,795521452,46000,187600,1315076,796836528
2018-08-17,3901133,791401187,1000,188600,1306998,792708185
2018-08-20,6828061,789715589,15800,193400,1336394,791051983
2018-08-21,3145394,788304872,104000,294900,2046606,790351478
2018-08-22,2050251,787273376,61300,219400,1516054,788789430
2018-08-23,2723823,786683792,6500,175600,1213396,787897188
2018-08-24,2704751,785509141,0,165100,1135888,786645029
2018-08-27,5055513,782297800,2500,115100,803398,783101198
2018-08-28,3299822,780866594,0,112600,783696,781650290
2018-08-29,2717881,779926041,2500,115100,798794,780724835
2018-08-30,2508279,777844491,4000,119100,817026,778661517
2018-08-31,3907375,771032709,0,110100,748680,771781389
2018-09-03,9496386,757519076,208600,318700,2065176,759584252
2018-09-04,5498711,745809117,3500,154900,1011497,746820614
2018-09-05,4015220,743473640,11200,166100,1071345,744544985
2018-09-06,4056731,743423146,2500,158700,1017267,744440413
2018-09-07,5888580,743580170,247400,403600,2587076,746167246
2018-09-10,4620630,737041914,12900,169400,1048586,738090500
2018-09-11,3872933,732908297,6100,175500,1082835,733991132
2018-09-12,2744771,731972157,11100,174100,1075938,733048095
2018-09-13,4144888,729908095,3700,137800,862628,730770723
2018-09-14,7781599,727120627,101700,230600,1462004,728582631
2018-09-17,4230197,725531061,4800,145900,906039,726437100
2018-09-18,5653341,726882473,8400,146700,921276,727803749
2018-09-19,9635818,729129023,3300,143300,911388,730040411
2018-09-20,6645138,730412738,11100,154400,980440,731393178
2018-09-21,16142165,730123285,428900,565700,3744934,733868219
2018-09-25,7996966,731224832,8300,191800,1258208,732483040
2018-09-26,6236313,730758218,24200,203700,1338309,732096527
2018-09-27,14515547,731412564,134700,315200,2086624,733499188
2018-09-28,5249697,729298176,14900,194700,1283073,730581249
2018-10-08,6908983,728234722,20000,196200,1232136,729466858
2018-10-09,3638177,726092794,5700,181900,1147789,727240583
2018-10-10,1724095,724717944,2100,180000,1139400,725857344
2018-10-11,11143906,705514233,126337,298837,1703371,707217604
2018-10-12,7239612,679251004,76800,235300,1308268,680559272
2018-10-15,2892092,673286818,0,162400,886704,674173522
2018-10-16,5663012,657655242,152700,310800,1634808,659290050
2018-10-17,5244274,653575655,8600,211500,1135755,654711410
2018-10-18,3130153,647629606,46700,249600,1305408,648935014
2018-10-19,6239109,643551230,173000,410600,2184392,645735622
2018-10-22,8318887,640227246,60300,347700,1961028,642188274
2018-10-23,10159293,638928982,233300,520700,2884678,641813660
2018-10-24,7005167,639685235,18900,309300,1738266,641423501
2018-10-25,6587262,637697639,39000,348300,2152494,639850133
2018-10-26,42273445,642256150,378500,640300,4354040,646610190
2018-10-29,43100607,643359208,299400,598400,3919520,647278728
2018-10-30,44757246,659350894,315200,563200,3745280,663096174
2018-10-31,30135752,658228216,78000,319400,2079294,660307510
2018-11-01,18544001,655484553,122200,365200,2348236,657832789
2018-11-02,24403417,658636261,50000,240400,1579428,660215689
2018-11-05,23304023,654349492,85100,284300,1907653,656257145
2018-11-06,65769590,678159018,746100,941500,6741140,684900158
2018-11-07,21364361,667791662,56900,301300,2069931,669861593
2018-11-08,20724518,668464803,430879,718079,4997829,673462632
2018-11-09,13735230,647960822,26900,380600,2561438,650522260
2018-11-12,14625046,649296565,232676,510476,3527389,652823954
2018-11-13,17961267,651776592,38400,306400,2129480,653906072
2018-11-14,35695368,662132784,488800,763700,5445181,667577965
2018-11-15,17253760,663131355,7000,339800,2412580,665543935
2018-11-16,39786699,665971059,407200,709700,5109840,671080899
2018-11-19,36432440,669610656,39600,410400,3016440,672627096
2018-11-20,73047363,691881888,750000,1076900,8216747,700098635
2018-11-21,47366583,703328709,32600,385700,2915892,706244601
2018-11-22,44190573,719557614,651900,1031700,7944090,727501704
2018-11-23,41629220,725217148,12600,363000,2606340,727823488
2018-11-26,17464887,729272500,218600,552100,4024809,733297309
2018-11-27,12965190,725355210,132500,447100,3286185,728641395
2018-11-28,9880027,724314281,1500,344600,2532810,726847091
2018-11-29,12411918,722749218,68200,395600,2856232,725605450
2018-11-30,12530466,724473488,98253,430353,3128666,727602154
2018-12-03,17041659,718228557,122300,463000,3467870,721696427
2018-12-04,24824666,721293348,30000,403000,3078920,724372268
2018-12-05,20564681,728606844,14600,377600,2843328,731450172
2018-12-06,14278129,731103096,200100,530000,3943200,735046296
2018-12-07,11172764,733160435,37000,366900,2711391,735871826
2018-12-10,11870300,727455346,181500,519500,3776765,731232111
2018-12-11,2848738,726124668,0,328500,2398050,728522718
2018-12-12,4047892,721739111,31500,340000,2488800,724227911
2018-12-13,9628495,722537940,22600,327600,2407860,724945800
2018-12-14,11067276,718737644,313100,608700,4419162,723156806
2018-12-17,9737691,715774392,79600,413300,2909632,718684024
2018-12-18,6923185,712723006,45800,388000,2708240,715431246
2018-12-19,5759642,712930883,4700,294900,2037759,714968642
2018-12-20,7806668,716269985,0,293700,2035341,718305326
2018-12-21,3693447,714891765,1000,274700,1889936,716781701
2018-12-24,8166014,710141154,57700,327000,2318430,712459584
2018-12-25,14858117,703227554,154200,398300,2752253,705979807
2018-12-26,10575170,708136153,56600,304700,2053678,710189831
2018-12-27,9416223,707525493,160100,437900,2850729,710376222
2018-12-28,5334965,706545568,219030,396430,2624366,709169934
2019-01-02,2596966,703804678,500,265730,1764447,705569125
2019-01-03,2969016,701368570,2000,262030,1758221,703126791
2019-01-04,8597332,704736449,5200,188700,1296369,706032818
2019-01-07,13045794,704859147,451674,620374,4491508,709350655
2019-01-08,12862810,709899433,94400,290300,2061130,711960563
2019-01-09,15847695,703901368,196500,403900,2879807,706781175
2019-01-10,12246959,704759388,179300,419200,3005664,707765052
2019-01-11,8462855,704449587,5200,220700,1569177,706018764
2019-01-14,9553214,709231950,79100,298900,2131157,711363107
2019-01-15,9033881,709442022,225700,440500,3171600,712613622
2019-01-16,5810001,710036624,0,248400,1785996,711822620
2019-01-17,6696884,707364320,30000,258400,1816552,709180872
2019-01-18,3651211,703532070,0,208400,1477556,705009626
2019-01-21,8737610,702039837,30000,238400,1706944,703746781
2019-01-22,7433198,700377243,101500,287400,2034792,702412035
2019-01-23,5062065,701192196,0,207400,1478762,702670958
2019-01-24,6288106,702882542,0,154400,1090064,703972606
2019-01-25,6669401,703557911,0,134400,942144,704500055
2019-01-28,5896681,701780102,0,134400,920640,702700742
2019-01-29,5753534,700854814,2000,123100,833387,701688201
2019-01-30,2103439,697220775,6000,124000,835760,698056535
2019-01-31,5363225,697690041,4000,125300,839510,698529551
2019-02-01,6921024,692351436,0,66300,456807,692808243
2019-02-11,16004636,695805078,54900,121200,864156,696669234
2019-02-12,8622788,693129796,3000,50500,362590,693492386
2019-02-13,14745336,686942385,318699,363199,2673145,689615530
2019-02-14,14345575,688397049,14300,125500,918660,689315709
2019-02-15,12644163,689353733,12800,135000,984150,690337883
2019-02-18,22758210,691264334,118900,202900,1503489,692767823
2019-02-19,17136633,688693609,12400,100100,735735,689429344
2019-02-20,27510195,693568059,172700,228200,1722910,695290969
2019-02-21,68496967,691486449,264700,296300,2346696,693833145
2019-02-22,32241040,688974226,83200,193400,1556870,690531096
2019-02-25,58209324,710216561,164100,199400,1655020,711871581
2019-02-26,72933280,720188581,182300,228200,1896342,722084923
2019-02-27,47440951,735578972,7700,54700,451275,736030247
2019-02-28,26947546,727751073,212200,256711,2156372,729907445
2019-03-01,24018027,727225812,36500,115011,967243,728193055
2019-03-04,44961802,730446242,83900,106211,892172,731338414
2019-03-05,23162377,721725263,5500,49811,422895,722148158
2019-03-06,79447014,740144355,423962,465273,4061833,744206188
2019-03-07,46035769,744846981,7100,177011,1518754,746365735
2019-03-08,70687915,755461620,121700,200111,1612895,757074515
2019-03-11,41237530,736060838,267400,330511,2769682,738830520
2019-03-12,31445489,741221171,113000,236611,1996997,743218168
2019-03-13,46936939,751293746,171900,281511,2364692,753658438
2019-03-14,41698774,763847568,7000,102611,836280,764683848
2019-03-15,47779031,782378452,287800,352411,3023686,785402138
2019-03-18,31566819,772323328,34600,161411,1381678,773705006
2019-03-19,29444469,778535750,7300,111611,953158,779488908
2019-03-20,26557760,777045119,128200,185011,1583694,778628813
2019-03-21,32897739,789321991,11086,78997,675424,789997415
2019-03-22,70624735,777889477,385400,451397,4112227,782001704
2019-03-25,62270024,787415430,40000,230897,2013422,789428852
2019-03-26,41947813,770056597,84800,202297,1687157,771743754
2019-03-27,22426294,763091164,48100,156797,1323367,764414531
2019-03-28,0,752963724,0,116797,985767,753949491
2019-03-29,0,739661362,0,116797,985767,740647129
2019-04-01,0,721874097,0,116797,985767,722859864
2019-04-02,0,718589898,0,116797,985767,719575665
2019-04-03,0,711398033,0,116797,985767,712383800
2019-04-04,0,707674766,0,116797,985767,708660533
2019-04-08,0,704591440,0,116797,985767,705577207
2019-04-09,0,702129360,0,116797,985767,703115127
2019-04-10,0,699496665,0,116797,985767,700482432
2019-04-11,0,694164653,0,116797,985767,695150420
2019-04-12,0,684392115,0,116797,1083876,685475991
2019-04-15,0,681642465,0,116797,1192497,682834962
2019-04-16,149264036,747723266,150600,267397,3002868,750726134
2019-04-17,306948843,860757643,257000,365297,4511418,865269061
2019-04-18,199772312,883291584,159100,347397,4196556,887488140
2019-04-19,286985334,964229636,177000,367297,4488369,968718005
2019-04-22,177434639,960445340,100900,305097,3859477,964304817
2019-04-23,192492047,1010726752,133100,327297,3799918,1014526670
2019-04-24,116353957,1019600507,107021,322318,3848477,1023448984
2019-04-25,130927099,1020856607,57000,220597,2470686,1023327293
2019-04-26,76330598,1016594991,241100,406697,4359792,1020954783
2019-04-29,55271629,1017120388,63400,281097,2929031,1020049419
2019-04-30,34810872,1004395554,157100,375897,3943160,1008338714
2019-05-06,64922847,997036888,123500,287697,2715860,999752748
2019-05-07,49666272,1000319957,107100,309797,2949267,1003269224
2019-05-08,35207979,999347835,152000,354697,3355434,1002703269
2019-05-09,29925588,1000322240,72100,300697,2805503,1003127743
2019-05-10,46257862,996587512,7000,204697,1991702,998579214
2019-05-13,27426990,999843278,44500,217296,2053447,1001896725
2019-05-14,23689500,1007769054,111900,298096,2781236,1010550290
2019-05-15,40700703,1011103238,105300,291297,2787712,1013890950
2019-05-16,47816805,998061095,93500,281900,2694964,1000756059
2019-05-17,31707117,985421479,14000,224900,2033096,987454575
2019-05-20,19390746,980188329,301500,514500,4697385,984885714
2019-05-21,28441469,990923433,11400,307900,2829601,993753034
2019-05-22,23908094,991406354,31100,309700,2787300,994193654
2019-05-23,18505902,986035069,162500,401900,3568872,989603941
2019-05-24,48147635,972847229,218900,501000,4774530,977621759
2019-05-27,51615880,981612996,109400,443100,4160709,985773705
2019-05-28,30764572,975265911,101000,399600,3712284,978978195
2019-05-29,27919982,982913937,108600,359700,3312837,986226774
2019-05-30,46611520,991842304,160300,396600,3743904,995586208
2019-05-31,16797758,979433943,8900,264100,2461412,981895355
2019-06-03,26826642,983007261,217800,464100,4330053,987337314
2019-06-04,23579126,977033106,12700,284100,2554059,979587165
2019-06-05,11658724,978406886,96100,343200,3088800,981495686
2019-06-06,13938574,973341398,10500,264300,2320554,975661952
2019-06-10,11960722,970704245,18800,256300,2275944,972980189
2019-06-11,26284896,975608661,244800,442800,4064904,979673565
2019-06-12,14228946,974598117,9500,258400,2338520,976936637
2019-06-13,11090135,971733257,201400,450300,4097730,975830987
2019-06-14,17909280,974036709,9500,253400,2300872,976337581
2019-06-17,8533227,973109176,93800,337700,3066316,976175492
2019-06-18,16957458,966395272,143700,472700,4372475,970767747
2019-06-19,28800553,972293612,9500,365200,3392708,975686320
2019-06-20,30156628,978991634,89400,402700,3797461,982789095
2019-06-21,38330631,972988171,12300,325600,3148552,976136723
2019-06-24,41159627,965127811,267400,576100,5858937,970986748
2019-06-25,47262380,973550927,9400,353100,3488628,977039555
2019-06-26,71692128,989529555,261900,599900,6142976,995672531
2019-06-27,39951128,997612422,9400,392400,3994632,1001607054
2019-06-28,27394684,991420412,56100,409100,4025544,995445956
2019-07-01,37850420,989160141,140900,491100,4915911,994076052
2019-07-02,39663487,975141537,120900,524100,5282928,980424465
2019-07-03,29832816,979144835,36400,403600,3983532,983128367
2019-07-04,14390627,972584153,181500,551200,5451368,978035521
2019-07-05,14822908,969663215,39800,414500,4120130,973783345
2019-07-08,25581762,964101713,9400,356600,3373436,967475149
2019-07-09,8960901,961008371,169400,514100,4878809,965887180
2019-07-10,9899558,964358377,7000,356600,3334210,967692587
2019-07-11,11304245,966245486,9306,346506,3222506,969467992
2019-07-12,3817789,960036364,9400,346506,3239831,963276195
2019-07-15,10714933,952073073,40700,374006,3493216,955566289
2019-07-16,7168949,952796028,3300,344006,3219896,956015924
2019-07-17,15224603,949725632,288000,621606,5886609,955612241
2019-07-18,9242421,948525791,9300,354306,3270244,951796035
2019-07-19,8238439,944716268,74100,291206,2699480,947415748
2019-07-22,13235532,943921514,9300,291106,2631598,946553112
2019-07-23,10810052,933993632,93900,366206,3354447,937348079
2019-07-24,11078424,935672855,7000,256106,2353614,938026469
2019-07-25,7114672,936744068,13200,231906,2135854,938879922
2019-07-26,2897941,932801891,5900,234606,2163067,934964958
2019-07-29,6218642,935646360,3300,229606,2096303,937742663
2019-07-30,12338057,934501496,6400,229692,2108573,936610069
2019-07-31,13717949,932126661,51800,214656,1938344,934065005
2019-08-01,15789739,937113569,180900,336256,3063292,940176861
2019-08-02,15935880,922513124,125200,329956,3101586,925614710
2019-08-05,10140958,924212325,29300,283456,2627637,926839962
2019-08-06,25798529,916512066,64000,338156,3043404,919555470
2019-08-07,8451956,910062485,18600,268956,2396398,912458883
2019-08-08,8662082,907517548,9100,253856,2269473,909787021
2019-08-09,8236619,907678391,15300,215356,1916668,909595059
2019-08-12,5378563,904910302,4500,199656,1782928,906693230
2019-08-13,10449694,901529223,22800,219556,1896964,903426187
2019-08-14,9898682,904220426,136135,336391,2916510,907136936
2019-08-15,15302851,909815081,90310,307401,2662093,912477174
2019-08-16,15105499,913115519,5500,195791,1717087,914832606
2019-08-19,13162939,911706747,138400,244991,2204919,913911666
2019-08-20,7372311,910740247,2300,170291,1517293,912257540
2019-08-21,12899569,905280839,265500,426791,3913673,909194512
2019-08-22,14080203,908236158,16000,231491,2101938,910338096
2019-08-23,9061365,906303513,11600,203891,1859486,908162999
2019-08-26,17458851,910914203,178000,364291,3293191,914207394
2019-08-27,17197443,915502670,9200,284191,2586138,918088808
2019-08-28,36716202,907595694,289932,447823,4218492,911814186
2019-08-29,30053547,900231606,95500,372291,3451138,903682744
2019-08-30,22479723,907741671,43800,322243,2935634,910677305
2019-09-02,30019160,888939358,168900,394743,3643478,892582836
2019-09-03,45226747,894223732,99500,258543,2316545,896540277
2019-09-04,18134596,894040519,37700,196843,1736155,895776674
2019-09-05,22577182,879199621,10400,198043,1750700,880950321
2019-09-06,13959602,858671386,221400,347043,3099094,861770480
2019-09-09,23405664,864450543,15800,152743,1382324,865832867
2019-09-10,14433674,864129184,97900,239143,2140330,866269514
2019-09-11,11267100,860220762,44300,231243,2053438,862274200
2019-09-12,16985533,843251815,8400,161543,1426425,844678240
2019-09-16,11889041,841570972,10100,162243,1442340,843013312
2019-09-17,12738429,835898639,0,162243,1400157,837298796
2019-09-18,7247281,832109141,94900,244543,2105515,834214656
2019-09-19,6937544,828868598,1400,204243,1764660,830633258
2019-09-20,6392198,829246911,116200,267443,2324080,831570991
2019-09-23,9179388,828921126,113000,266743,2277985,831199111
2019-09-24,14370211,830366746,239000,444843,3803408,834170154
2019-09-25,6241912,829235109,600,269843,2280173,831515282
2019-09-26,13667542,823124804,34400,252543,2060751,825185555
2019-09-27,5847425,818253899,5500,187643,1529290,819783189
2019-09-30,21177854,815876107,29100,207343,1720947,817597054
2019-10-08,6406001,813765076,700,175543,1430675,815195751
2019-10-09,10277492,816571949,2800,174843,1402241,817974190
2019-10-10,9656111,817863640,0,174843,1407486,819271126
2019-10-11,6733381,813905111,6600,175043,1400344,815305455
2019-10-14,13921426,814416332,125500,291743,2371871,816788203
2019-10-15,3698554,809830533,32900,204643,1635098,811465631
2019-10-16,3879231,807273482,200,173243,1382479,808655961
2019-10-17,5372311,808357136,10200,183443,1460206,809817342
2019-10-18,8974959,797919034,9100,160443,1248247,799167281
2019-10-21,8995256,796358790,9500,162370,1248625,797607415
2019-10-22,3089394,793122459,58000,215270,1698480,794820939
2019-10-23,8372386,789216312,81300,222870,1796332,791012644
2019-10-24,22930464,806742703,37950,246320,1997655,808740358
2019-10-25,19006682,814111597,10400,182220,1485093,815596690
2019-10-28,19926806,829502130,58900,179220,1476773,830978903
2019-10-29,16990630,840229319,2400,131620,1084549,841313868
2019-10-30,28582610,863028155,64600,152620,1271325,864299480
2019-10-31,21204637,880048713,3600,114220,944599,880993312
2019-11-01,7592281,878916146,53900,154320,1302461,880218607
2019-11-04,18204548,884244066,3000,114520,968839,885212905
2019-11-05,35074196,910970186,13600,114320,982009,911952195
2019-11-06,38450748,939939286,40000,124320,1080341,941019627
2019-11-07,23618925,950834274,177100,247720,2207185,953041459
2019-11-08,18045812,958578793,64377,198197,1765935,960344728
2019-11-11,56664169,994803301,228600,377364,3407597,998210898
2019-11-12,63314138,1048010477,25500,280264,2522376,1050532853
2019-11-13,37939379,1066612159,223546,439010,4082793,1070694952
2019-11-14,39456904,1089966949,2300,235911,2189254,1092156203
2019-11-15,23049283,1098777119,76100,251211,2343799,1101120918
2019-11-18,9504839,1097944447,800,178811,1693340,1099637787
2019-11-19,23839535,1112112289,3800,181811,1716296,1113828585
2019-11-20,32864446,1136991879,14000,195411,1846634,1138838513
2019-11-21,6705607,1127547135,800,195011,1856504,1129403639
2019-11-22,47633942,1148679872,188900,320164,3150414,1151830286
2019-11-25,32015088,1171002852,17500,195864,1909674,1172912526
2019-11-26,29264489,1179290621,18400,193364,1935574,1181226195
2019-11-27,38511940,1198618294,1300,186864,1879852,1200498146
2019-11-28,45939663,1224710832,224200,406964,4220217,1228931049
2019-11-29,46696406,1242997401,2500,210564,2213028,1245210429
2019-12-02,80150391,1281938049,304800,514264,5795755,1287733804
2019-12-03,52324976,1261643972,31100,354464,4164952,1265808924
2019-12-04,42395889,1268758746,70900,422864,4846021,1273604767
2019-12-05,87773909,1290602032,61000,350534,3771746,1294373778
2019-12-06,88959356,1311513663,102400,378134,3834279,1315347942
2019-12-09,44787275,1315610251,10800,278864,2802583,1318412834
2019-12-10,35424683,1314955390,120000,388864,3888640,1318844030
2019-12-11,38481533,1307495118,90255,319119,3242249,1310737367
2019-12-12,26129321,1303534473,21400,250564,2465550,1306000023
2019-12-13,14150912,1296911255,25100,233164,2292002,1299203257
2019-12-16,21936398,1297045673,5000,180664,1763281,1298808954
2019-12-17,25497175,1300515248,70000,248664,2444367,1302959615
2019-12-18,23812508,1305354104,0,178664,1756267,1307110371
2019-12-19,19467865,1302913313,0,178664,1759840,1304673153
2019-12-20,58895299,1311313695,293400,404564,4284333,1315598028
2019-12-23,39615993,1305462073,52800,234364,2381138,1307843211
2019-12-24,23407863,1295397496,61400,262964,2713788,1298111284
2019-12-25,28344638,1301720537,0,241564,2466368,1304186905
2019-12-26,17417615,1300448278,10000,251564,2576015,1303024293
2019-12-27,20479882,1298968242,60000,288264,2928762,1301897004
2019-12-30,22680971,1293821567,14000,223264,2228175,1296049742
2019-12-31,15646415,1295228581,0,218264,2176092,1297404673
2020-01-02,22876510,1297924724,36300,227564,2309775,1300234499
2020-01-03,20353174,1294158146,3300,199864,2066594,1296224740
2020-01-06,18356437,1293003251,1000,195564,1998664,1295001915
2020-01-07,19676503,1291262690,160000,295564,3062043,1294324733
2020-01-08,18252039,1285007729,50000,160564,1642570,1286650299
2020-01-09,20633903,1289348548,11000,157564,1627636,1290976184
2020-01-10,9775777,1291446648,25000,170564,1748281,1293194929
2020-01-13,13527284,1290111098,169000,338064,3492201,1293603299
2020-01-14,19772150,1293007176,0,216464,2227415,1295234591
2020-01-15,18451703,1288723160,5900,215364,2157947,1290881107
2020-01-16,14500485,1287800865,10600,184664,1879880,1289680745
2020-01-17,9707903,1281609147,0,139364,1428481,1283037628
2020-01-20,13039579,1283978378,49500,183864,1873574,1285851952
2020-01-21,10196461,1284503818,100,151164,1499547,1286003365
2020-01-22,15360916,1283971625,0,140664,1386947,1285358572
2020-01-23,13188016,1278954017,1000,128064,1239660,1280193677
2020-02-03,2919592,1276245091,0,125464,1092791,1277337882
2020-02-04,22016012,1274770178,0,123964,1022703,1275792881
2020-02-05,20542971,1272092352,7000,130964,1162960,1273255312
2020-02-06,13747446,1270897983,0,130964,1148554,1272046537
2020-02-07,19225897,1264505083,0,130964,1113194,1265618277
2020-02-10,21115132,1265076779,138900,269864,2447666,1267524445
2020-02-11,16903877,1272026479,41500,308500,2742565,1274769044
2020-02-12,23236390,1275067017,6300,136100,1282062,1276349079
2020-02-13,30506129,1269395807,300799,376899,3784066,1273179873
2020-02-14,29195461,1271262435,35300,159500,1626900,1272889335
2020-02-17,61590226,1297435775,205100,301700,3164833,1300600608
2020-02-18,0,1288497726,0,162200,1701478,1290199204
2020-02-19,58624022,1270007092,191623,253823,2550921,1272558013
2020-02-20,45114833,1262937489,96300,185000,1818550,1264756039
2020-02-21,58481601,1256487499,254500,323600,3349260,1259836759
2020-02-24,52443110,1270396685,40000,116800,1171504,1271568189
2020-02-25,54660067,1262218978,351502,415402,4183098,1266402076
2020-02-26,43408236,1274053902,0,264202,2560117,1276614019
2020-02-27,23739101,1282192798,188600,390900,3768276,1285961074
2020-02-28,22459733,1277643658,54200,205500,1849500,1279493158
2020-03-02,18972148,1280090772,90000,273700,2542673,1282633445
2020-03-03,24844429,1276592704,109400,275900,2579665,1279172369
2020-03-04,30445333,1274689925,90000,176500,1669690,1276359615
2020-03-05,32270512,1271533278,49992,226492,2165264,1273698542
2020-03-06,29808491,1279249498,40000,236292,2242411,1281491909
2020-03-09,24898594,1281216781,11400,207692,1887920,1283104701
2020-03-10,20144413,1281685707,144200,280492,2608576,1284294283
2020-03-11,21270096,1281179109,3000,141792,1307322,1282486431
2020-03-12,20437821,1270053156,287100,425892,3990608,1274043764
2020-03-13,31592184,1252738651,39600,200000,1882000,1254620651
2020-03-16,22649977,1256035549,50000,237900,2122068,1258157617
2020-03-17,13737717,1257375090,25000,210000,1822800,1259197890
2020-03-18,10072296,1254152282,189500,319400,2750034,1256902316
2020-03-19,12591880,1252065996,42600,170100,1450953,1253516949
2020-03-20,8396941,1253847262,91100,233900,2027913,1255875175
2020-03-23,9721467,1255865253,14700,206500,1701560,1257566813
2020-03-24,13542349,1257638331,258300,384800,3282344,1260920675
2020-03-25,21193247,1260128087,65400,250400,2198512,1262326599
2020-03-26,8220963,1252027121,0,250400,2196008,1254223129
2020-03-27,8374726,1252378765,41000,264900,2315226,1254693991
2020-03-30,6827562,1248292143,83500,305500,2679235,1250971378
2020-03-31,7732442,1248502738,81600,337100,2939512,1251442250
2020-04-01,7565988,1247429621,112399,369499,3207251,1250636872
2020-04-02,6713364,1247754397,0,306700,2652955,1250407352
2020-04-03,6551877,1243365063,2500,287800,2449178,1245814241
2020-04-07,14320100,1245691004,148100,293500,2612150,1248303154
2020-04-08,53805920,1249525909,173000,271500,2657985,1252183894
2020-04-09,26000379,1255428534,141600,313600,3101504,1258530038
2020-04-10,26428028,1248648563,154900,297500,3028550,1251677113
2020-04-13,13831129,1230084681,146100,344100,3633696,1233718377
2020-04-14,11687654,1219346968,99500,278600,2908584,1222255552
2020-04-15,13962072,1211951846,130000,246200,2562942,1214514788
2020-04-16,6837501,1201267007,50000,216200,2244156,1203511163
2020-04-17,6323130,1197320005,49500,264900,2696682,1200016687
2020-04-20,9099878,1200204517,90000,297800,3016714,1203221231
2020-04-21,14488402,1207320937,55200,249800,2458032,1209778969
2020-04-22,10510512,1203439339,70000,249800,2490506,1205929845
2020-04-23,5485902,1198882128,30000,224800,2241256,1201123384
2020-04-24,8262118,1197343641,800,181400,1763208,1199106849
2020-04-27,11985825,1204491988,25000,186600,1808154,1206300142
2020-04-28,9052070,1197002139,0,158400,1547568,1198549707
2020-04-29,11261951,1192438366,102300,221700,2228085,1194666451
2020-04-30,28920881,1211445763,0,150700,1502479,1212948242
2020-05-06,13508877,1212384188,96800,212200,2204758,1214588946
2020-05-07,14779313,1216738228,0,147200,1513216,1218251444
2020-05-08,22759755,1224630367,102200,199400,2073760,1226704127
2020-05-11,14098752,1204440722,80800,210300,2195532,1206636254
2020-05-12,9529932,1207162857,50000,218400,2238600,1209401457
2020-05-13,6265332,1208210466,0,168400,1710944,1209921410
2020-05-14,5575818,1206967485,0,168400,1684000,1208651485
2020-05-15,9237494,1210559350,0,139300,1404144,1211963494
2020-05-18,16667833,1220036574,0,99399,1001942,1221038516
2020-05-19,16469092,1225367071,72114,138113,1430851,1226797922
2020-05-20,26685403,1213433001,195100,252113,2659792,1216092793
2020-05-21,15881960,1205329765,0,172113,1750389,1207080154
2020-05-22,8120164,1206264604,101100,236413,2364130,1208628734
2020-05-25,8817069,1199979547,79800,206713,2116741,1202096288
2020-05-26,24747224,1090506691,169300,256013,2772621,1093279312
2020-05-27,25833876,1034222048,150000,326013,3445957,1037668005
2020-05-28,32186080,1035208647,42600,203013,2050431,1037259078
2020-05-29,22116200,1045537834,0,203013,2044341,1047582175
2020-06-01,28146821,964235456,90000,243013,2551637,966787093
2020-06-02,18183913,917967610,14300,117313,1245864,919213474
2020-06-03,42012902,843457802,296669,413982,4446167,847903969
2020-06-04,20784359,796618288,1000,237513,2560390,799178678
2020-06-05,18974276,796678882,1800,199313,2146601,798825483
2020-06-08,28063535,751805785,236900,400813,4465057,756270842
2020-06-09,13284186,741264168,0,230813,2566641,743830809
2020-06-10,26168595,731985592,108700,169113,1946491,733932083
2020-06-11,14717006,710288195,62400,131013,1511890,711800085
2020-06-12,27911336,688490826,168000,197413,2254456,690745282
2020-06-15,18122566,660491193,0,82913,955987,661447180
2020-06-16,21326872,658733924,21240,80153,928172,659662096
2020-06-17,41197601,682128440,65000,112653,1302269,683430709
2020-06-18,20129170,674404857,150100,220653,2508825,676913682
2020-06-19,15284441,675095014,109600,330253,3748372,678843386
2020-06-22,13704798,675083634,28000,321153,3577644,678661278
2020-06-23,19557149,677647646,174700,493953,5477939,683125585
2020-06-24,18839497,676619548,125800,619753,6711925,683331473
2020-06-29,22774322,680249716,63300,656153,7014276,687263992
2020-06-30,19575494,680276562,77200,682453,7329545,687606107
2020-07-01,24128343,682500146,215900,877053,9437090,691937236
2020-07-02,41597209,702355851,160300,968753,10772533,713128384
2020-07-03,103031519,752556122,94100,880253,10765494,763321616
2020-07-06,52785800,722654997,162900,914053,11754722,734409719
2020-07-07,73544029,731670133,172000,936453,12098973,743769106
2020-07-08,29267683,723448405,77700,801000,10396980,733845385
2020-07-09,50967112,695012062,78900,805400,10494362,705506424
2020-07-10,82433906,724946514,286100,1055300,13866642,738813156
2020-07-13,81483379,736257749,169941,965140,13791851,750049600
2020-07-14,114974229,740731257,261400,1116294,16643943,757375200
2020-07-15,68271356,734093684,201476,1113070,15059837,749153521
2020-07-16,51168113,722705836,87800,989870,13521624,736227460
2020-07-17,34475538,717055117,140800,1045370,14394746,731449863
2020-07-20,50376413,724738193,121599,1131369,16280401,741018594
2020-07-21,121388708,766175209,80700,1083816,16018800,782194009
2020-07-22,72557376,774459819,186491,1220607,18199250,792659069
2020-07-23,48376997,768892825,140200,1319807,19480351,788373176
2020-07-24,59907061,749444403,217300,1412921,19611343,769055746
2020-07-27,36162564,727672989,72500,1335021,18650244,746323233
2020-07-28,30124607,730210391,138500,1391221,19031903,749242294
2020-07-29,34695952,724596595,133900,1351421,19338835,743935430
2020-07-30,59332045,721791460,169400,1476921,20337202,742128662
2020-07-31,33863514,728348907,79700,1388221,18740985,747089892
2020-08-03,44272512,731561470,85700,1411421,19689323,751250793
2020-08-04,23805873,730475625,120100,1431921,19602998,750078623
2020-08-05,17456186,724227783,167400,1593221,21874924,746102707
2020-08-06,25983259,728965829,293498,1858219,25550511,754516340
2020-08-07,57825812,762062761,151100,1997919,27551303,789614064
2020-08-10,52754279,766737948,25300,1936719,27540145,794278093
2020-08-11,38031254,768110185,168734,2077453,28710401,796820586
2020-08-12,29706473,755154008,26800,1946453,26160329,781314337
2020-08-13,17459348,749563480,45900,1917053,25861046,775424526
2020-08-14,12880422,739785550,15600,1844253,25063398,764848948
2020-08-17,28806230,745123680,37100,1850553,25648664,770772344
2020-08-18,20218568,732600660,95500,1901435,26791219,759391879
2020-08-19,21169941,733368784,46900,1905935,26263784,759632568
2020-08-20,8597129,710189042,18100,1827735,25058247,735247289
2020-08-21,14315536,704507317,69200,1829835,25233425,729740742
2020-08-24,16152141,708219881,131500,1914935,26426102,734645983
2020-08-25,24790712,715156156,25600,1830235,25531778,740687934
2020-08-26,29800365,722916901,64100,1875035,26381742,749298643
2020-08-27,35688959,731913183,101200,1838810,26552417,758465600
2020-08-28,24503145,721397721,38379,1755889,25232126,746629847
2020-08-31,35972009,715875498,91500,1768189,24949148,740824646
2020-09-01,43885410,727711001,74000,1811430,26483107,754194108
2020-09-02,70739098,714771798,154900,1938130,28955663,743727461
2020-09-03,60509995,722508269,27600,1963030,29347299,751855568
2020-09-04,74835657,737854527,64599,1953229,29630485,767485012
2020-09-07,67132050,737262349,60600,1973429,29344889,766607238
2020-09-08,25272315,723665108,2400,1854929,27601342,751266450
2020-09-09,42071352,707925358,59800,1726753,24899779,732825137
2020-09-10,23867437,695884000,21400,1516829,21356953,717240953
2020-09-11,13358657,693048061,66100,1499029,21226252,714274313
2020-09-14,12873737,682046277,25900,1455194,20327682,702373959
2020-09-15,17653955,680669030,104900,1520194,21693169,702362199
2020-09-16,14609894,674172053,10400,1514994,21482615,695654668
2020-09-17,32040775,674796415,113000,1472394,21600019,696396434
2020-09-18,63218997,690477246,146021,1564415,21401197,711878443
2020-09-21,29013145,681001239,136100,1681415,22379635,703380874
2020-09-22,27193985,679364538,31600,1634615,21282686,700647224
2020-09-23,17413132,676535304,215200,1848815,23794249,700329553
2020-09-24,28968943,680570528,69600,1812981,22444706,703015234
2020-09-25,8475719,677349943,65300,1842581,22645321,699995264
2020-09-28,21598850,678394470,37700,1836460,22606824,701001294
2020-09-29,16128254,678737734,38300,1751060,21380443,700118177
2020-09-30,23940560,679005027,136700,1671760,20194861,699199888
2020-10-09,28233159,688390602,16200,1540863,18798530,707189132
2020-10-12,35878831,703964575,202200,1719707,21823080,725787655
2020-10-13,45618380,724874191,198300,1917707,24585003,749459194
2020-10-14,48074883,737306041,58600,1931707,23373653,760679694
2020-10-15,25271348,732335234,32200,1905107,23280409,755615643
2020-10-16,27549696,702137537,71400,1919207,22569873,724707410
2020-10-19,13386984,701637224,88200,1809207,21258182,722895406
2020-10-20,15623893,702455662,7500,1774901,21636043,724091705
2020-10-21,12454377,698378583,198000,1904801,23143331,721521914
2020-10-22,21269682,706077972,74800,1970301,24077080,730155052
2020-10-23,25069590,714749848,78700,1996301,24035465,738785313
2020-10-26,13980822,713188338,47800,1948901,23406300,736594638
2020-10-27,7893548,715311144,2900,1911701,22921296,738232440
2020-10-28,23644809,720899752,182100,2086501,25538774,746438526
2020-10-29,42886433,730010775,65300,2065101,25855064,755865839
2020-10-30,59852851,734842796,74900,2051101,25372120,760214916
2020-11-02,51047036,736199245,79600,2100901,26786487,762985732
2020-11-03,52470399,756283134,49400,2067201,25591949,781875083
2020-11-04,34792742,746831684,59900,2082601,26282424,773114108
2020-11-05,107418146,765239011,49900,2058301,27601817,792840828
2020-11-06,91541504,790501850,214400,2253701,29207964,819709814
2020-11-09,54848485,790021162,37300,2226001,28938013,818959175
2020-11-10,37198925,792147179,90600,2284779,28673976,820821155
2020-11-11,20931468,780198387,36000,2252679,27617844,807816231
2020-11-12,18519243,774552005,81400,2328179,28822857,803374862
2020-11-13,12872592,768210228,25600,2265779,28050345,796260573
2020-11-16,14667489,762399423,23000,2227979,27337303,789736726
2020-11-17,35561062,756907213,119533,2332235,29432806,786340019
2020-11-18,44901195,770633330,9900,1949868,25114299,795747629
2020-11-19,50296504,782733547,96100,1999668,25275803,808009350
2020-11-20,61210270,775240222,32200,1868768,24480861,799721083
2020-11-23,56580309,780686601,100630,1894498,24855814,805542415
2020-11-24,46446860,797402902,80500,1800800,23266337,820669239
2020-11-25,91129048,813516449,52800,1769300,23283989,836800438
2020-11-26,41996031,819279841,71000,1764000,22067640,841347481
2020-11-27,48909954,802955769,43000,1746500,22739430,825695199
2020-11-30,50428092,817210821,58500,1601066,20541676,837752497
2020-12-01,57754707,821862555,62300,1397903,17977032,839839587
2020-12-02,54203406,832709406,4900,1202395,15017915,847727321
2020-12-03,30218073,827836453,23800,755648,9407818,837244271
2020-12-04,16305835,823612919,8500,520000,6411600,830024519
2020-12-07,26049417,819879026,16300,421400,5124224,825003250
2020-12-08,18565296,817078703,24400,299800,3678546,820757249
2020-12-09,17220357,805653027,5600,272900,3247510,808900537
2020-12-10,12100232,805310589,0,260000,3065400,808375989
2020-12-11,19459964,809739541,53500,285700,3299835,813039376
2020-12-14,18414757,811881477,32500,267900,3161220,815042697
2020-12-15,26432436,812909833,20000,225300,2708106,815617939
2020-12-16,14791917,804038747,10100,212900,2484543,806523290
2020-12-17,21378528,804233412,2500,174900,2046330,806279742
2020-12-18,40580673,804154931,20600,181700,2182217,806337148
2020-12-21,46753358,818298630,10300,155900,1914452,820213082
2020-12-22,28509220,807172157,23500,148400,1777832,808949989
2020-12-23,64616636,823824816,74900,196100,2443406,826268222
2020-12-24,34797281,825778396,120600,251195,3057043,828835439
2020-12-25,21064703,822524250,62000,224395,2699472,825223722
2020-12-28,41915974,837415984,22500,201595,2419140,839835124
2020-12-29,23733596,830519881,22600,190109,2199561,832719442
2020-12-30,25650139,825537027,54700,219709,2546427,828083454
2020-12-31,30504840,827281660,35700,174209,2034761,829316421
2021-01-04,37929178,819155083,31800,169209,1962824,821117907
2021-01-05,35126374,822397862,10500,136309,1526661,823924523
2021-01-06,18475248,818997684,58700,180809,2008788,821006472
2021-01-07,22425776,820206237,77500,196609,2200055,822406292
2021-01-08,21405907,814145461,98800,218709,2517341,816662802
2021-01-11,27270767,821803494,52800,167209,1876085,823679579
2021-01-12,13074476,818300651,61000,216909,2427212,820727863
2021-01-13,42199351,829811136,46900,169909,1957352,831768488
2021-01-14,24149677,834587513,57600,168009,1903542,836491055
2021-01-15,17098332,814847347,111335,229844,2620222,817467569
2021-01-18,14117367,802693144,2300,122100,1385835,804078979
2021-01-19,14505752,789469504,20900,139100,1542619,791012123
2021-01-20,29461122,803856067,0,118100,1339254,805195321
2021-01-21,15618406,788740815,1900,117400,1327794,790068609
2021-01-22,10450756,780337621,135700,249000,2763900,783101521
2021-01-25,21818087,779055378,132015,250315,2688383,781743761
2021-01-26,10600849,782369608,60500,232686,2492067,784861675
2021-01-27,22288604,786656289,170900,276300,3089034,789745323
2021-01-28,20437967,790664103,127200,244200,2720388,793384491
2021-01-29,10216527,784657822,91000,251900,2740672,787398494
2021-02-01,17225338,783675768,93700,235400,2502302,786178070
2021-02-02,17367717,784357683,140000,264400,2950704,787308387
2021-02-03,63415750,808491894,159500,278400,3279552,811771446
2021-02-04,29919320,803715366,135100,249200,2768612,806483978
2021-02-05,14463650,795832770,162700,279200,2990232,798823002
2021-02-08,11000956,793194856,67300,259700,2789178,795984034
2021-02-09,29665926,804025743,122800,281200,3070704,807096447
2021-02-10,17459692,794867696,127000,285800,3255262,798122958
2021-02-18,31541711,809827378,148300,291700,3360384,813187762
2021-02-19,21593976,813165429,34000,303100,3515960,816681389
2021-02-22,45908801,811074458,180400,321500,3739045,814813503
2021-02-23,27986945,811626815,42000,289812,3387902,815014717
2021-02-24,22457447,816282870,105900,290412,3331026,819613896
2021-02-25,21941031,821571595,52400,280296,3156133,824727728
2021-02-26,10907846,819657888,150300,304900,3405733,823063621
2021-03-01,11985405,821180599,26100,232800,2639952,823820551
2021-03-02,58835810,823129360,171800,284800,3297984,826427344
2021-03-03,26295181,827445799,40300,202500,2369250,829815049
2021-03-04,23690223,828797790,93500,253700,2927698,831725488
2021-03-05,34763551,841834177,141100,254000,2966720,844800897
2021-03-08,46414896,860834397,179800,284700,3302520,864136917
2021-03-09,24336075,858354185,147400,285000,3206250,861560435
2021-03-10,15362993,850177091,154200,308500,3418180,853595271
2021-03-11,13757197,848807928,133300,356300,3979871,852787799
2021-03-12,13200788,845062190,125900,369300,4114002,849176192
2021-03-15,17488745,843811468,141900,380300,4259360,848070828
2021-03-16,9783574,840907176,24900,371900,4131809,845038985
2021-03-17,11453026,833553521,38000,342000,3744900,837298421
2021-03-18,9152495,832989836,8500,342100,3718627,836708463
2021-03-19,9974348,826329214,20700,352700,3851484,830180698
2021-03-22,10794480,826081181,18300,351700,3865183,829946364
2021-03-23,6939938,823908677,8700,344000,3725520,827634197
2021-03-24,2859374,814335288,8100,341500,3701860,818037148
2021-03-25,10650769,816757501,19400,341500,3705275,820462776
2021-03-26,7101934,815209807,1300,341500,3732595,818942402
2021-03-29,6599471,813284528,20500,301900,3293729,816578257
2021-03-30,16009034,819422142,23500,303400,3355604,822777746
2021-03-31,13144122,818281170,5800,269000,2937480,821218650
2021-04-01,12341374,822147690,0,266500,2910180,825057870
2021-04-02,10095790,820523929,1600,264300,2867655,823391584
2021-04-06,12963737,825108050,6900,260300,2829461,827937511
2021-04-07,11671700,827336211,5100,221500,2387770,829723981
2021-04-08,9184348,831657054,300,219200,2367360,834024414
2021-04-09,6580159,827142907,13300,218500,2351060,829493967
2021-04-12,8265546,828136894,9600,220700,2348248,830485142
2021-04-13,51211377,847405057,138300,341800,3817906,851222963
2021-04-14,17076163,855808197,3900,339300,3776409,859584606
2021-04-15,13624976,843468319,3000,212700,2322684,845791003
2021-04-16,28911804,852621919,16200,223800,2502084,855124003
2021-04-19,47529758,863989452,6700,228200,2644838,866634290
2021-04-20,36281589,876074269,600,220300,2480578,878554847
2021-04-21,15462763,877460140,2500,222300,2474199,879934339
2021-04-22,13570935,883818610,100,222200,2488640,886307250
2021-04-23,12777609,882556608,4400,226500,2509620,885066228
2021-04-26,16296257,880475407,100,226600,2490334,882965741
2021-04-27,8183127,879657497,0,226600,2465408,882122905
2021-04-28,7717965,878663117,0,117400,1283182,879946299
2021-04-29,13816041,881556683,900,118300,1315496,882872179
2021-04-30,12693598,871553815,0,118300,1308398,872862213
2021-05-06,12443915,871249603,0,109500,1217640,872467243
2021-05-07,15967429,870445680,5800,114000,1243740,871689420
2021-05-10,13825184,870467143,0,114000,1257420,871724563
2021-05-11,15302354,870403440,100,91100,994812,871398252
2021-05-12,16911040,871274471,200,91300,1017082,872291553
2021-05-13,14548808,875086467,4500,93300,1023501,876109968
2021-05-14,13252532,867422334,1200,94500,1061235,868483569
2021-05-17,21780455,871616635,2500,97000,1093190,872709825
2021-05-18,15772844,871937116,3000,100000,1129000,873066116
2021-05-19,56038145,891210014,100700,200700,2304036,893514050
2021-05-20,26372568,897602551,0,147600,1657548,899260099
2021-05-21,20836516,902186900,0,147600,1636884,903823784
2021-05-24,14820802,904496779,1700,145400,1593584,906090363
2021-05-25,15796654,907361710,700,145900,1607818,908969528
2021-05-26,14396645,905312663,1000,96900,1073652,906386315
2021-05-27,16606740,904352683,0,89800,989596,905342279
2021-05-28,15815640,908193536,9500,90800,999708,909193244
2021-05-31,15333364,912576186,54400,141900,1562319,914138505
2021-06-01,16939997,913750391,0,141700,1567202,915317593
2021-06-02,19881357,910557551,10900,152600,1701490,912259041
2021-06-03,27100633,920019649,0,150900,1658391,921678040
2021-06-04,8092870,914565032,16200,161300,1772687,916337719
2021-06-07,11472494,909177072,6000,167200,1835856,911012928
2021-06-08,11124797,905113240,600,167700,1839669,906952909
2021-06-09,22508208,907186820,48400,155000,1722050,908908870
2021-06-10,10612139,898512306,3900,103700,1151070,899663376
2021-06-11,17711249,900817135,7100,110800,1214368,902031503
2021-06-15,9473225,902673471,500,109600,1195736,903869207
2021-06-16,12115359,896430355,8500,116200,1243340,897673695
2021-06-17,4818693,884707669,40800,154000,1647800,886355469
2021-06-18,8356040,881724179,36000,190000,2055800,883779979
2021-06-21,14035327,882140895,159500,348500,3725465,885866360
2021-06-22,10479106,873946512,100,348300,3761640,877708152
2021-06-23,16874243,875015185,191500,539700,5888127,880903312
2021-06-24,17964706,873376934,3200,535500,5863725,879240659
2021-06-25,8988725,873188786,162500,697400,7636530,880825316
2021-06-28,18178806,877418958,0,697200,7718004,885136962
2021-06-29,15074953,877093941,0,661100,7146491,884240432
2021-06-30,8733850,877505944,38300,691400,7480948,884986892
2021-07-01,6461201,867945801,6400,689700,7434966,875380767
2021-07-02,7098467,862987798,51700,732800,7855616,870843414
2021-07-05,10062188,863522538,14900,734200,7892650,871415188
2021-07-06,9290644,864051880,4700,725500,7762850,871814730
2021-07-07,6924623,855340188,31400,750200,8057148,863397336
2021-07-08,13313840,856450228,17400,708800,7598336,864048564
2021-07-09,20421429,860819791,100,708800,7725920,868545711
2021-07-12,7721875,852736999,7495,695895,7592214,860329213
2021-07-13,15314946,861656948,34500,689995,7562345,869219293
2021-07-14,124786468,943837806,56500,735895,8874893,952712699
2021-07-15,84269760,894806192,167800,903695,9886423,904692615
2021-07-16,36738264,878042386,17000,919995,10009546,888051932
2021-07-19,28073991,882635088,7500,824395,8804539,891439627
2021-07-20,16205882,884086039,70500,877395,9396900,893482939
2021-07-21,35064280,892211433,108900,983395,10669836,902881269
2021-07-22,28817389,889039265,200,979095,10623181,899662446
2021-07-23,48818057,903636001,10000,980795,10769129,914405130
2021-07-26,48220770,918242175,300,958095,10299521,928541696
2021-07-27,42207350,919942729,16000,973895,10440154,930382883
2021-07-28,21083279,913013291,129700,1032395,10623345,923636636
2021-07-29,15929805,906080363,17400,1026795,10637596,916717959
2021-07-30,57572818,901645430,65600,1085695,11964359,913609789
2021-08-02,62546408,920557973,91100,1116895,12587407,933145380
2021-08-03,116869219,976741501,49800,856995,9983992,986725493
2021-08-04,118411931,994168521,125700,936695,11118570,1005287091
2021-08-05,29794856,955304908,105800,738200,8651704,963956612
2021-08-06,37570355,934188561,78200,670400,7877200,942065761
2021-08-09,40268741,896050345,28800,609600,6955536,903005881
2021-08-10,33799746,895667090,21000,482200,5419928,901087018
2021-08-11,32041235,893293013,131200,572200,6683296,899976309
2021-08-12,51570482,899117665,112900,593200,6993828,906111493
2021-08-13,44783594,905538896,77900,602087,6911959,912450855
2021-08-16,25543370,903307423,92500,460087,5286400,908593823
2021-08-17,39585843,910372844,115200,482687,5357826,915730670
2021-08-18,26168685,909615292,37900,438587,4890245,914505537
2021-08-19,25810744,910461306,126900,470487,5227111,915688417
2021-08-20,26419055,917220098,66100,486887,5321675,922541773
2021-08-23,25004675,913620822,73900,521087,5851807,919472629
2021-08-24,24909866,914101738,91400,525087,5844218,919945956
2021-08-25,16603064,913349039,89800,570587,6384869,919733908
2021-08-26,25632227,910356757,84000,584887,6422059,916778816
2021-08-27,26148848,906562195,56500,607487,6809929,913372124
2021-08-30,30039010,911242590,49100,635887,7083781,918326371
2021-08-31,30713278,922527072,203500,784287,8768329,931295401
2021-09-01,39278619,922859832,107711,836598,9553950,932413782
2021-09-02,57007633,949850722,153900,978598,11312593,961163315
2021-09-03,30903394,932828430,32800,977787,11322773,944151203
2021-09-06,54009116,941651661,128400,1014187,11926839,953578500
2021-09-07,91633132,963529732,78900,1038487,12555308,976085040
2021-09-08,61365246,952888112,16100,653787,7681997,960570109
2021-09-09,49329734,960017300,21500,590587,7004362,967021662
2021-09-10,34917042,952940893,2400,572087,6647651,959588544
2021-09-13,251534835,984869784,210600,751287,9098086,993967870
2021-09-14,143163245,980359362,52700,631187,7340705,987700067
2021-09-15,59760616,989811076,94600,678287,7800301,997611377
2021-09-16,45302711,970212449,62200,642387,7188311,977400760
2021-09-17,28164780,961649002,63200,619587,6883612,968532614
2021-09-22,25956644,963857350,33200,607587,6774595,970631945
2021-09-23,30872646,952362617,55400,651587,7226100,959588717
2021-09-24,15410885,940730734,14000,665387,7292642,948023376
2021-09-27,20392676,935654656,96400,701487,7723372,943378028
2021-09-28,16515844,936017198,15200,628987,6868538,942885736
2021-09-29,25083390,939899292,62807,622494,6648236,946547528
2021-09-30,7939320,922451049,48900,655194,7043335,929494384
2021-10-08,13693405,918497374,4700,618994,6771795,925269169
2021-10-11,11527711,923252661,152800,771594,8387227,931639888
2021-10-12,13150421,918313109,93600,865194,9344096,927657205
2021-10-13,24142247,923947390,297664,1017758,11185160,935132550
2021-10-14,10510167,919942803,5114,896272,9787290,929730093
2021-10-15,10272829,909150721,23910,893882,9868457,919019178
2021-10-18,14116256,915487194,55100,938982,10328802,925815996
2021-10-19,15663463,913220046,24100,910882,9974159,923194205
2021-10-20,16672285,910203668,19600,881282,9738165,919941833
2021-10-21,12702836,903356004,500,869882,9455618,912811622
2021-10-22,7709476,894808027,11000,795682,8609279,903417306
2021-10-25,5761568,891801062,0,725894,7904985,899706047
2021-10-26,7090214,888294430,79200,721494,7857069,896151499
2021-10-27,7694479,884197580,54600,774294,8408833,892606413
2021-10-28,13144676,877819477,56600,830894,8549899,886369376
2021-10-29,8260030,867515872,203700,997294,10381831,877897703
2021-11-01,18008839,878954477,4200,989694,10371993,889326470
2021-11-02,16623623,881895255,15200,999394,10523619,892418874
2021-11-03,13864186,877365583,6800,991994,10366337,887731920
2021-11-04,11169413,868008574,30400,978494,10323112,878331686
2021-11-05,22600149,871919672,5900,822894,8780279,880699951
2021-11-08,13461056,875623588,18300,841194,9000776,884624364
2021-11-09,8558027,873065136,38900,880094,9381802,882446938
2021-11-10,5134090,873661123,9600,871494,9255266,882916389
2021-11-11,6165361,867530731,19800,890994,9453446,876984177
2021-11-12,7264666,860919354,14200,881094,9383652,870303006
2021-11-15,8611775,855878837,0,837894,8957087,864835924
2021-11-16,10793893,859956680,45800,883494,9285522,869242202
2021-11-17,4664010,853279412,69000,808894,8574276,861853688
2021-11-18,11173216,845958908,192900,955887,9941225,855900133
2021-11-19,7673130,837460867,97600,1031887,10834814,848295681
2021-11-22,13065609,832816616,46100,1055687,11169168,843985784
2021-11-23,17268199,840610000,1200,969587,10287318,850897318
2021-11-24,8018736,838211391,0,959087,10032050,848243441
2021-11-25,5365256,834060067,0,956987,9971805,844031872
2021-11-26,10266423,834578688,9300,963987,9996545,844575233
2021-11-29,6789708,833164515,94200,1056887,10822523,843987038
2021-11-30,6000678,829950982,21200,1076587,11131910,841082892
2021-12-01,3801558,826423580,97600,1173087,12141450,838565030
2021-12-02,36564944,841494353,37500,958687,10142908,851637261
2021-12-03,16776297,831197986,30900,989587,10469830,841667816
2021-12-06,11149572,831777013,38000,884087,9335959,841112972
2021-12-07,12812305,836593808,31700,914687,9704829,846298637
2021-12-08,17422003,835995818,147600,1043087,11056722,847052540
2021-12-09,20902330,838592030,12300,1043887,11075641,849667671
2021-12-10,11638730,835155100,0,1043487,11040092,846195192
2021-12-13,16048846,830030056,0,1039687,11020682,841050738
2021-12-14,16257691,838008542,10900,1040387,10913660,848922202
2021-12-15,8703445,836364763,51500,1059187,11026137,847390900
2021-12-16,6553750,837499434,25700,1045787,10949390,848448824
2021-12-17,15564494,824774633,72200,1108087,11457620,836232253
2021-12-20,17812335,830430736,102600,1190287,12212345,842643081
2021-12-21,11166655,828727529,17800,1126387,11624314,840351843
2021-12-22,12503194,828602894,42900,1080887,11262843,839865737
2021-12-23,9636576,832304843,55800,1136687,11764710,844069553
2021-12-24,10738577,829462625,50200,1177887,12085121,841547746
2021-12-27,6754807,830865912,53900,1195087,12321347,843187259
2021-12-28,11370541,826691767,64500,1259587,12986342,839678109
2021-12-29,4724457,826571468,44500,1267787,13096240,839667708
2021-12-30,7192479,826349918,1000,1258400,12936352,839286270
2021-12-31,8472343,825178066,3400,1252400,12887196,838065262
2022-01-04,11431867,822009068,15500,1101200,11397420,833406488
2022-01-05,11972021,820885097,1900,1086500,11201815,832086912
2022-01-06,4900081,817240255,18400,1084900,11185319,828425574
2022-01-07,13928221,817696221,14100,1095200,11258656,828954877
2022-01-10,6491781,810231313,9600,982000,10114600,820345913
2022-01-11,5056482,802475422,6700,988600,10152922,812628344
2022-01-12,8696574,803486365,36300,1024900,10546221,814032586
2022-01-13,7121602,802191807,400,1023000,10495980,812687787
2022-01-14,5680254,792179060,2000,1022400,10438704,802617764
2022-01-17,8101868,793076423,135900,1094400,11184768,804261191
2022-01-18,3519159,783976368,3700,1090100,11097218,795073586
2022-01-19,4846036,781445938,38300,1088700,11039418,792485356
2022-01-20,7779462,780350578,58100,1085400,10875708,791226286
2022-01-21,19575628,783697000,55000,1140400,11244344,794941344
2022-01-24,2917722,783338705,22100,1008400,9902488,793241193
2022-01-25,11799199,780648518,193400,1149200,10905908,791554426
2022-01-26,3758570,780602206,1700,1128800,10768752,791370958
2022-01-27,8380483,771602259,6400,1123500,10324965,781927224
2022-01-28,10822428,767384870,21600,1126300,10564694,777949564
2022-02-07,4755543,767140761,17900,1045283,9951094,777091855
2022-02-08,1962087,764574891,27700,957100,9216873,773791764
2022-02-09,3807550,759244010,14400,928400,9051900,768295910
2022-02-10,3881529,758560078,400,913300,8959473,767519551
2022-02-11,3453179,756943486,1000,914300,8886996,765830482
2022-02-14,2198390,754368722,24400,925300,8984663,763353385
2022-02-15,2067020,754221755,0,923200,8973504,763195259
2022-02-16,3816348,755598204,0,833400,8125650,763723854
2022-02-17,2794082,755738141,100,770900,7446894,763185035
2022-02-18,1696617,749975447,10100,643600,6223612,756199059
2022-02-21,2418546,749034078,7100,646700,6266523,755300601
2022-02-22,3680654,747638532,0,636300,6095754,753734286
2022-02-23,3074469,745398415,0,624100,6016324,751414739
2022-02-24,9940456,743766201,0,621300,5815368,749581569
2022-02-25,5752828,739650823,100,621300,5796729,745447552
2022-02-28,4121600,737187808,100,621400,5772806,742960614
2022-03-01,6023442,739626888,100,621500,5804810,745431698
2022-03-02,3985248,737367439,0,621400,5760378,743127817
2022-03-03,4106980,735438179,100,597000,5552100,740990279
2022-03-04,8334533,734810776,400,577400,5335176,740145952
2022-03-07,10627373,738708606,100,462800,4165200,742873806
2022-03-08,10795537,737676460,100,462900,4027230,741703690
2022-03-09,10809763,730631224,100,463000,3907720,734538944
2022-03-10,4116573,727653549,0,463000,3944760,731598309
2022-03-11,1607551,723474912,0,334700,2875073,726349985
2022-03-14,2963988,723276634,6900,341600,2855776,726132410
2022-03-15,7427721,713691198,153300,479400,3734526,717425724
2022-03-16,3774248,709158030,30100,426100,3472715,712630745
2022-03-17,10740323,711436947,43000,439100,3591838,715028785
2022-03-18,4425290,705521130,0,424100,3503066,709024196
2022-03-21,5838630,706701986,1300,370400,3040984,709742970
2022-03-22,3695598,706122456,0,370400,3055800,709178256
2022-03-23,3848836,705084096,0,360200,3011272,708095368
2022-03-24,5062147,706203698,51000,407200,3355328,709559026
2022-03-25,2440265,704524550,78000,485200,3978640,708503190
2022-03-28,2576303,702442393,0,388900,3216203,705658596
2022-03-29,1047313,701275475,0,387000,3192750,704468225
2022-03-30,4513669,702096430,1800,388800,3246480,705342910
2022-03-31,18753627,710668995,112500,432800,3739392,714408387
2022-04-01,6883675,709206423,119100,535500,4653495,713859918
2022-04-06,6003710,710239720,0,527000,4627060,714866780
2022-04-07,2999402,710692374,122100,641100,5513460,716205834
2022-04-08,3963151,709739152,7400,622732,5330586,715069738
2022-04-11,6712064,710759361,100,485332,4057376,714816737
2022-04-12,3983518,709344096,6900,489832,4124385,713468481
2022-04-13,7160400,709158121,38300,476532,4050522,713208643
2022-04-14,5291237,707112809,4800,443032,3827796,710940605
2022-04-15,4696058,707997133,170100,590732,5068481,713065614
2022-04-18,7818536,710266179,6000,527932,4603567,714869746
2022-04-19,6304742,708666507,0,416232,3587920,712254427
2022-04-20,2407100,703472696,6400,418332,3555822,707028518
2022-04-21,2716885,698985694,43500,458132,3807077,702792771
2022-04-22,2368307,697055579,60000,502932,4179365,701234944
2022-04-25,8297612,690385132,35400,475832,3692456,694077588
2022-04-26,4653693,682811052,228336,695068,5268615,688079667
2022-04-27,4965535,681045843,25500,632468,4863679,685909522
2022-04-28,4333516,679215161,7500,632068,4847962,684063123
2022-04-29,3289006,668745198,18200,503968,4087180,672832378
2022-05-05,5383914,671591796,31900,468168,3792161,675383957
2022-05-06,5765669,674010912,232546,677114,5328887,679339799
2022-05-09,3287835,675304184,31900,709014,5509039,680813223
2022-05-10,6486486,674938432,209700,841714,6472781,681411213
2022-05-11,6959800,673944121,3300,794614,6213881,680158002
2022-05-12,3917722,674167163,59900,673514,5260144,679427307
2022-05-13,3608084,670095146,58000,648014,5261874,675357020
2022-05-16,4130491,670905931,142100,747614,5958484,676864415
2022-05-17,12574441,675701322,178097,923111,7514124,683215446
2022-05-18,10825460,674558385,24200,897111,7428079,681986464
2022-05-19,8112330,674117121,82341,931252,7738704,681855825
2022-05-20,9111411,669644148,61800,836455,7051316,676695464
2022-05-23,13314332,676897967,47800,579114,4957216,681855183
2022-05-24,13014159,674196374,286000,795214,6695702,680892076
2022-05-25,23036708,688779085,166000,859914,7515648,696294733
2022-05-26,11678790,681404059,142300,705396,6129892,687533951
