日期,融资买入额(元),融资余额(元),融券卖出量,融券余量,融券余额(元),融资融券余额(元)
2017-07-12,59643806,875326356,17800,74300,1861958,877188314
2017-07-13,108459579,848677329,38900,96700,2481322,851158651
2017-07-14,76103709,857900389,400,63500,1637665,859538054
2017-07-17,96105170,837953512,16900,66200,1638450,839591962
2017-07-18,70205608,859821463,6900,55600,1370540,861192003
2017-07-19,130379005,863975713,82300,111900,2900448,866876161
2017-07-20,75194437,850313227,300,98500,2569865,852883092
2017-07-21,111972847,811369393,36700,92200,2489400,813858793
2017-07-24,104332105,827909622,5000,62500,1673125,829582747
2017-07-25,85547990,839634340,3900,66400,1756280,841390620
2017-07-26,92099070,858383128,21900,74700,1942200,860325328
2017-07-27,76324208,857598332,17700,72600,1882518,859480850
2017-07-28,44816516,833842522,4900,55000,1426700,835269222
2017-07-31,174945312,891994698,4400,57500,1491550,893486248
2017-08-01,127345862,880519064,7300,61700,1580137,882099201
2017-08-02,52638591,871140954,3100,63800,1620520,872761474
2017-08-03,139814682,897153461,50500,108000,2814480,899967941
2017-08-04,76818365,877672783,1000,50200,1272068,878944851
2017-08-07,59067460,890002479,8600,54800,1411648,891414127
2017-08-08,37292957,883237448,2100,36300,932547,884169995
2017-08-09,45150065,890089255,10100,44800,1160768,891250023
2017-08-10,61881571,895822684,3600,38300,988140,896810824
2017-08-11,56036585,892779956,5000,40400,1001920,893781876
2017-08-14,52866922,918789735,7300,35100,881712,919671447
2017-08-15,64655881,951364839,0,27800,688884,952053723
2017-08-16,38108743,956765598,2700,30500,759450,957525048
2017-08-17,44736750,961950102,4100,33900,848178,962798280
2017-08-18,48913006,950949515,2900,33100,835113,951784628
2017-08-21,57893307,974073423,3200,33400,844686,974918109
2017-08-22,44258268,994390679,0,31100,776567,995167246
2017-08-23,66509672,967175429,51700,82800,2130444,969305873
2017-08-24,54928757,973457410,2400,33500,852240,974309650
2017-08-25,79805332,975431632,500,31200,795912,976227544
2017-08-28,102834593,1021632204,6500,37300,958610,1022590814
2017-08-29,78627291,1037732334,2800,36500,925640,1038657974
2017-08-30,58008119,1036991267,2100,34600,877456,1037868723
2017-08-31,63543530,1037440780,9000,39900,1006677,1038447457
2017-09-01,45515124,1032948153,900,38400,969600,1033917753
2017-09-04,103124511,1030603316,10800,48000,1246080,1031849396
2017-09-05,51588925,1019254229,2300,39700,1023466,1020277695
2017-09-06,82137457,1036895561,2500,41500,1075680,1037971241
2017-09-07,73346148,1033430442,1800,41600,1054976,1034485418
2017-09-08,38911914,1028328458,1600,39200,994112,1029322570
2017-09-11,96390270,1035138261,13400,46400,1142368,1036280629
2017-09-12,121993418,1067339875,16400,46500,1116465,1068456340
2017-09-13,52870245,1074249488,1300,31500,757890,1075007378
2017-09-14,31213128,1019373537,45000,68900,1697007,1021070544
2017-09-15,23063707,1011750956,300,24400,597312,1012348268
2017-09-18,24048442,1004404231,2100,26500,654020,1005058251
2017-09-19,36464974,1013622393,900,26000,630240,1014252633
2017-09-20,44457194,1025221545,36600,61700,1510416,1026731961
2017-09-21,43312097,1034189033,0,41100,997497,1035186530
2017-09-22,28525223,1036938175,0,25100,604910,1037543085
2017-09-25,23999764,1036627132,0,25100,604408,1037231540
2017-09-26,37329445,1029577736,4300,29400,700896,1030278632
2017-09-27,31430406,1025660867,14400,38300,929158,1026590025
2017-09-28,27815427,1024653882,0,33500,810365,1025464247
2017-09-29,19440568,994356378,0,7600,185440,994541818
2017-10-09,44484468,995491337,0,5900,147264,995638601
2017-10-10,31565547,1000611862,0,5700,142215,1000754077
2017-10-11,44884124,1001239691,200,5900,147500,1001387191
2017-10-12,46353973,1000310452,0,5700,141075,1000451527
2017-10-13,50465344,1005204823,800,6500,163345,1005368168
2017-10-16,53955764,1003816112,0,6500,164515,1003980627
2017-10-17,56988207,1008713467,400,6900,173949,1008887416
2017-10-18,37776796,996968747,28300,34000,849320,997818067
2017-10-19,125129961,999404383,46000,80000,2081600,1001485983
2017-10-20,90092217,1025669554,0,15300,394893,1026064447
2017-10-23,92533365,1052930549,0,15300,395046,1053325595
2017-10-24,56917782,1053632598,0,15300,392598,1054025196
2017-10-25,109729647,1051625222,10200,25500,668610,1052293832
2017-10-26,161292619,1053070432,5200,18500,476190,1053546622
2017-10-27,113410638,1071005441,4300,13900,353199,1071358640
2017-10-30,71417345,1049197795,19900,25700,651495,1049849290
2017-10-31,102162318,1081278912,30200,34000,870060,1082148972
2017-11-01,103081561,1096682817,1000,25000,649000,1097331817
2017-11-02,80913578,1089027071,51300,75500,1952430,1090979501
2017-11-03,96034051,1072707995,0,36300,902418,1073610413
2017-11-06,81340238,1101120015,1700,38000,947720,1102067735
2017-11-07,59595629,1100783387,500,36800,921472,1101704859
2017-11-08,59833267,1099910080,3000,7300,180164,1100090244
2017-11-09,46104532,1099128093,2000,8800,218152,1099346245
2017-11-10,206263503,1150567338,83200,89900,2328410,1152895748
2017-11-13,337852220,1256940162,47000,70400,1876160,1258816322
2017-11-14,200179961,1263264829,60500,83900,2255232,1265520061
2017-11-15,143051622,1257392871,11800,92700,2466747,1259859618
2017-11-16,174592002,1241499000,49200,83700,2251530,1243750530
2017-11-17,169564015,1179385242,12600,47700,1245447,1180630689
2017-11-20,208918786,1213540886,34600,70100,1892700,1215433586
2017-11-21,329699131,1317322856,71750,90550,2508235,1319831091
2017-11-22,188874062,1297248383,8100,20100,554760,1297803143
2017-11-23,178618678,1274493678,25900,36500,954840,1275448518
2017-11-24,98604124,1276130636,11600,28500,741000,1276871636
2017-11-27,84740791,1289979988,44900,65100,1634661,1291614649
2017-11-28,59658181,1267960613,24700,89800,2290798,1270251411
2017-11-29,52389128,1241432425,5000,79700,2041914,1243474339
2017-11-30,46467491,1219510471,8500,83200,2116608,1221627079
2017-12-01,56243705,1215488273,2000,76700,1958151,1217446424
2017-12-04,54980883,1216229535,19400,89400,2277018,1218506553
2017-12-05,144497650,1210206197,24000,51200,1233920,1211440117
2017-12-06,79942724,1220663353,14300,43200,1040256,1221703609
2017-12-07,43761441,1210587941,8200,35700,838950,1211426891
2017-12-08,33743053,1198933746,0,32100,765585,1199699331
2017-12-11,50523136,1192404819,20000,52100,1260820,1193665639
2017-12-12,46052798,1181217657,7500,39600,935748,1182153405
2017-12-13,28712933,1151306660,11600,46500,1113210,1152419870
2017-12-14,23771946,1143035345,30100,62900,1505826,1144541171
2017-12-15,30932413,1139482880,3600,52500,1233225,1140716105
2017-12-18,24345577,1142956266,8900,53600,1259600,1144215866
2017-12-19,42817007,1140948095,18400,61200,1470636,1142418731
2017-12-20,66963634,1150585741,3000,46300,1106570,1151692311
2017-12-21,71751045,1164843175,6000,47900,1148163,1165991338
2017-12-22,52231617,1163627471,27700,69600,1689192,1165316663
2017-12-25,55702925,1156934705,0,42800,1018640,1157953345
2017-12-26,42530025,1161493236,9200,50200,1216848,1162710084
2017-12-27,63400855,1187032854,300,42300,1007586,1188040440
2017-12-28,27202870,1171522969,0,39700,951609,1172474578
2017-12-29,51028612,1182899010,0,38900,933600,1183832610
2018-01-02,105123316,1220322053,3300,42200,1018708,1221340761
2018-01-03,95117845,1195392048,5000,43600,1072996,1196465044
2018-01-04,123169814,1236701511,18100,56700,1383480,1238084991
2018-01-05,75374774,1218643579,1600,40200,988920,1219632499
2018-01-08,117998993,1241474942,9200,42200,1054156,1242529098
2018-01-09,102621955,1248917269,41000,73500,1844850,1250762119
2018-01-10,59173869,1237842705,24700,57400,1430408,1239273113
2018-01-11,47627479,1222242705,3600,38400,959232,1223201937
2018-01-12,54815780,1203119175,12400,47000,1154320,1204273495
2018-01-15,57378685,1181914280,13200,46300,1103792,1183018072
2018-01-16,98328326,1169750303,56000,100700,2552745,1172303048
2018-01-17,103932204,1167798662,1200,46300,1182039,1168980701
2018-01-18,68993156,1171972144,1200,34300,874993,1172847137
2018-01-19,82471603,1155816894,8400,41900,1075154,1156892048
2018-01-22,68121121,1156980644,2800,44200,1140360,1158121004
2018-01-23,48260457,1138465985,0,43400,1109738,1139575723
2018-01-24,64031989,1126421174,2600,38400,992640,1127413814
2018-01-25,39509612,1106650683,18100,56500,1449225,1108099908
2018-01-26,103511505,1082460424,75700,113700,3009639,1085470063
2018-01-29,78861895,1077078143,0,50800,1340104,1078418247
2018-01-30,92947104,1083910916,29200,80000,2112800,1086023716
2018-01-31,67498363,1082318325,8100,58600,1529460,1083847785
2018-02-01,68064654,1077935677,8600,55400,1399404,1079335081
2018-02-02,54675674,1078887694,8300,50400,1282176,1080169870
2018-02-05,43888440,1065087326,0,42100,1080286,1066167612
2018-02-06,70518523,1060353423,10600,52500,1269450,1061622873
2018-02-07,64649280,1063506663,14100,56000,1359120,1064865783
2018-02-08,64184236,1078962302,12000,62900,1508342,1080470644
2018-02-09,66468447,1055348467,3600,46400,1036576,1056385043
2018-02-12,29409117,1048113880,0,46400,1059312,1049173192
2018-02-13,41838883,1049467695,34500,72300,1644102,1051111797
2018-02-14,11128233,1027381307,0,40400,920716,1028302023
2018-02-22,32510998,1008059471,0,40400,945360,1009004831
2018-02-23,29531243,985101871,400,40700,961334,986063205
2018-02-26,60879472,999262508,4200,44300,1062757,1000325265
2018-02-27,23679718,978008559,29000,69300,1641717,979650276
2018-02-28,52865177,1001969918,0,60500,1438690,1003408608
2018-03-01,40287763,1011251866,6300,66800,1587836,1012839702
2018-03-02,20407672,999396844,0,60300,1418256,1000815100
2018-03-05,20709849,987376054,6000,66300,1569984,988946038
2018-03-06,41502317,985585853,0,59900,1434006,987019859
2018-03-07,33781553,993477041,32314,91914,2160898,995637939
2018-03-08,24473511,987060790,21300,89514,2142965,989203755
2018-03-09,44680091,994713044,5000,81514,1959596,996672640
2018-03-12,66023762,981825444,34200,115714,2839621,984665065
2018-03-13,29685956,978286278,1400,78514,1907890,980194168
2018-03-14,33623625,966704605,3600,80514,1939582,968644187
2018-03-15,30157587,972623201,0,78514,1871773,974494974
2018-03-16,39633256,981269508,3800,74614,1752682,983022190
2018-03-19,22074868,986326875,13100,71000,1661400,987988275
2018-03-20,22211237,977069544,17908,55608,1314573,978384117
2018-03-21,19429002,969427412,1500,40707,954579,970381991
2018-03-22,9684234,965758706,5000,44107,1038720,966797426
2018-03-23,38596550,945204859,7153,45660,1014565,946219424
2018-03-26,43839215,965392207,5799,44301,982596,966374803
2018-03-27,27258545,967818519,6200,41201,917958,968736477
2018-03-28,31193763,969929830,13400,48401,1060466,970990296
2018-03-29,34245902,973945747,12900,54701,1230225,975175972
2018-03-30,28801943,958838629,24600,69601,1569503,960408132
2018-04-02,27348147,962535456,8000,73801,1638382,964173838
2018-04-03,16222052,957514153,3000,41001,910632,958424785
2018-04-04,48308047,965458051,54600,93001,2143673,967601724
2018-04-09,24485540,964107740,5000,45601,1051559,965159299
2018-04-10,19809400,960792250,1000,44201,1024579,961816829
2018-04-11,51832434,982200526,6141,46042,1072318,983272844
2018-04-12,25506049,975343039,500,40642,936798,976279837
2018-04-13,23432862,978819916,6700,46842,1089545,979909461
2018-04-16,36116145,987594859,6900,43342,1005534,988600393
2018-04-17,42082480,976698232,20400,58752,1363634,978061866
2018-04-18,33818708,964476752,19700,57752,1338691,965815443
2018-04-19,37136764,978557806,5000,58552,1347282,979905088
2018-04-20,18969265,963264424,5000,45052,1014121,964278545
2018-04-23,23740156,967172477,2100,42152,955586,968128063
2018-04-24,34969713,960927254,9700,49752,1161709,962088963
2018-04-25,53718612,993253915,200,42743,977105,994231020
2018-04-26,13987848,981820590,5000,46543,1063042,982883632
2018-04-27,37979218,964022327,2185,41001,937693,964960020
2018-05-02,25116029,966694510,37200,76001,1717623,968412133
2018-05-03,23649864,969111052,3200,72001,1632983,970744035
2018-05-04,34178285,986592721,5600,76401,1715966,988308687
2018-05-07,32843625,981087167,0,69801,1589369,982676536
2018-05-08,48833343,983723365,12208,81009,1895611,985618976
2018-05-09,47161178,982171966,2800,72109,1675813,983847779
2018-05-10,52934132,996020225,700,58209,1360926,997381151
2018-05-11,28796421,975851931,4954,62463,1470379,977322310
2018-05-14,36696790,981773314,1500,59763,1402040,983175354
2018-05-15,42563252,985359980,5000,64063,1517012,986876992
2018-05-16,23228478,974873755,4300,64163,1505906,976379661
2018-05-17,25072574,984125711,5673,69036,1626488,985752199
2018-05-18,30272800,979742942,600,62621,1469089,981212031
2018-05-21,49512786,985411821,6213,65334,1554296,986966117
2018-05-22,27796785,986777271,1600,63552,1508089,988285360
2018-05-23,31569778,984066260,1500,62299,1452813,985519073
2018-05-24,30295181,1000045741,30000,90899,2111584,1002157325
2018-05-25,26482014,1001110391,2600,88399,2049089,1003159480
2018-05-28,23765834,1001967265,4000,89299,2064593,1004031858
2018-05-29,35266363,1014769030,9300,94599,2164425,1016933455
2018-05-30,31550041,1006579519,5000,93799,2080462,1008659981
2018-05-31,27746242,1008741190,4200,89999,2033977,1010775167
2018-06-01,18592461,995285041,9000,92299,2079496,997364537
2018-06-04,19601340,992077239,4500,87800,2009742,994086981
2018-06-05,18169107,988925449,0,83300,1912568,990838017
2018-06-06,27114173,995242004,2600,85900,1961097,997203101
2018-06-07,28330523,1007493526,0,83800,1900584,1009394110
2018-06-08,30670852,1001176599,43000,126100,2839772,1004016371
2018-06-11,14714863,1003125810,2900,125800,2817920,1005943730
2018-06-12,55698894,1004047770,32400,155300,3616937,1007664707
2018-06-13,38311051,1010637975,300,123700,2857470,1013495445
2018-06-14,26929026,1004311212,2500,78900,1841526,1006152738
2018-06-15,22349567,1001057229,3000,78100,1800205,1002857434
2018-06-19,43790930,987654346,8500,84100,1876271,989530617
2018-06-20,25922541,987454157,17824,96624,2176939,989631096
2018-06-21,17537157,977588190,2000,96124,2156061,979744251
2018-06-22,18934808,975294845,3300,92974,2098423,977393268
2018-06-25,14808659,968470127,1000,92574,2073658,970543785
2018-06-26,25651737,980044478,4211,39885,897413,980941891
2018-06-27,17212657,981316751,20000,55685,1240105,982556856
2018-06-28,31680625,985712262,40600,95385,2069855,987782117
2018-06-29,28104251,985521277,32400,81837,1809416,987330693
2018-07-02,23468767,988032647,23200,57190,1241023,989273670
2018-07-03,19809306,982193794,18500,50900,1106057,983299851
2018-07-04,7508378,973712618,7400,51200,1099776,974812394
2018-07-05,20494549,952176049,49000,99600,2062716,954238765
2018-07-06,20530405,948745830,48000,114500,2406790,951152620
2018-07-09,16716563,951793476,9900,78200,1680518,953473994
2018-07-10,22165348,954457235,11000,88300,1916110,956373345
2018-07-11,17494907,952307320,13600,101600,2171192,954478512
2018-07-12,22625495,951366869,0,97100,2111925,953478794
2018-07-13,8664666,943281596,2200,98800,2159768,945441364
2018-07-16,11590462,939594661,1200,100000,2200000,941794661
2018-07-17,24483193,930063413,61800,160000,3497600,933561013
2018-07-18,11703553,911663157,1800,101100,2089737,913752894
2018-07-19,10763907,904209820,1100,102200,2116562,906326382
2018-07-20,17291872,902110766,0,84900,1774410,903885176
2018-07-23,19499665,899911732,1300,85400,1811334,901723066
2018-07-24,16038091,878093143,2300,87700,1889058,879982201
2018-07-25,14926442,868697524,400,88100,1900317,870597841
2018-07-26,11247351,867090806,300,86700,1855380,868946186
2018-07-27,8656932,866932678,2300,88000,1890240,868822918
2018-07-30,13165653,865904987,1100,87500,1876875,867781862
2018-07-31,13033457,869297181,0,87500,1872500,871169681
2018-08-01,14539578,863590664,3000,88900,1868678,865459342
2018-08-02,31063268,871775332,1500,83200,1700608,873475940
2018-08-03,29191271,881745933,10700,92300,1846000,883591933
2018-08-06,21654220,870363395,10500,53600,1048952,871412347
2018-08-07,17943301,863697381,600,39300,785607,864482988
2018-08-08,6007111,857159317,13000,46800,921960,858081277
2018-08-09,15310849,854714014,6600,41600,835328,855549342
2018-08-10,10338224,849048621,5200,44500,892225,849940846
2018-08-13,11464959,851328650,400,39900,798000,852126650
2018-08-14,8420399,855817746,0,39900,793212,856610958
2018-08-15,13205465,849372001,28900,64600,1250010,850622011
2018-08-16,8066499,841727548,4700,56000,1082480,842810028
2018-08-17,12641187,848095356,11589,67389,1280391,849375747
2018-08-20,18508903,834775919,47900,114100,2164477,836940396
2018-08-21,11867624,835893059,17500,117000,2238210,838131269
2018-08-22,12641937,841966757,18400,128500,2422225,844388982
2018-08-23,12082467,836575881,12600,122900,2342474,838918355
2018-08-24,29522029,849314552,3200,125500,2350615,851665167
2018-08-27,24251205,845761075,0,116400,2248848,848009923
2018-08-28,23061392,849269690,0,116400,2231388,851501078
2018-08-29,13856619,849150300,0,116400,2216256,851366556
2018-08-30,11941325,839549701,5200,121600,2318912,841868613
2018-08-31,13594961,834148730,4400,120800,2312112,836460842
2018-09-03,22283041,843555221,19800,137800,2608554,846163775
2018-09-04,21762403,851057676,6500,123400,2360642,853418318
2018-09-05,20636577,851980290,2400,106500,2003265,853983555
2018-09-06,13217206,856304248,16500,122200,2288806,858593054
2018-09-07,6142639,849245441,0,119600,2249676,851495117
2018-09-10,5397167,846443624,12900,90900,1696194,848139818
2018-09-11,8597473,826224635,6900,97800,1822992,828047627
2018-09-12,7853425,825342840,3600,79600,1478968,826821808
2018-09-13,9398831,827753946,3300,81100,1527113,829281059
2018-09-14,7678065,821662688,14300,85700,1609446,823272134
2018-09-17,8711583,822822271,21500,101100,1877427,824699698
2018-09-18,13307302,819120489,23600,120900,2264457,821384946
2018-09-19,20621641,819008749,43500,138000,2604060,821612809
2018-09-20,9799240,815756324,6500,119100,2224788,817981112
2018-09-21,23143713,810397437,35400,148400,2852248,813249685
2018-09-25,15175219,807934660,5400,127500,2435250,810369910
2018-09-26,22531137,808148887,6000,126700,2444043,810592930
2018-09-27,19626283,814397776,18976,137176,2631036,817028812
2018-09-28,26615294,805002814,14600,138376,2705251,807708065
2018-10-08,24509530,809717548,7200,137076,2604444,812321992
2018-10-09,17600235,811385988,4500,133970,2529354,813915342
2018-10-10,26527851,821439862,40700,169270,3160271,824600133
2018-10-11,26701177,814365877,29800,160970,2773513,817139390
2018-10-12,16086594,807723964,25100,150470,2622692,810346656
2018-10-15,12537333,805639194,19300,156170,2661137,808300331
2018-10-16,13766400,800478743,34300,177270,2963954,803442697
2018-10-17,10230516,797843488,22500,178423,3004643,800848131
2018-10-18,10526747,795036919,13600,148423,2454916,797491835
2018-10-19,17992775,792863051,50623,185446,3137746,796000797
2018-10-22,21774367,785066444,10000,180546,3199275,788265719
2018-10-23,12436442,779899627,4700,175256,3051207,782950834
2018-10-24,3704929,767865812,16100,184056,3233864,771099676
2018-10-25,9567555,764420511,20800,188756,3301342,767721853
2018-10-26,7153167,755912537,13300,143556,2522279,758434816
2018-10-29,7850647,754243299,13400,142991,2453726,756697025
2018-10-30,7304413,748850984,14262,106853,1863516,750714500
2018-10-31,11809164,745764505,13600,105253,1872451,747636956
2018-11-01,10630785,738438156,21700,113353,2043755,740481911
2018-11-02,21910212,745667578,59600,166553,3059579,748727157
2018-11-05,13582200,743259670,6800,162533,2961351,746221021
2018-11-06,4461488,737674761,25700,178133,3231333,740906094
2018-11-07,4803634,737352816,12997,182330,3292880,740645696
2018-11-08,3940780,734293089,19300,155030,2819996,737113085
2018-11-09,7068560,736291284,17000,152730,2749140,739040424
2018-11-12,7613322,727710743,42500,182830,3360415,731071158
2018-11-13,10494561,710191076,16600,174830,3271069,713462145
2018-11-14,6584010,703251040,2900,177730,3312887,706563927
2018-11-15,7718676,703514745,12100,188430,3544368,707059113
2018-11-16,11612137,699015857,3500,187930,3600739,702616596
2018-11-19,9667612,698509439,15000,188930,3627456,702136895
2018-11-20,10840436,699685301,25200,204465,3843942,703529243
2018-11-21,3979584,699877095,5900,205965,3863903,703740998
2018-11-22,3989548,699373531,3000,208965,3941080,703314611
2018-11-23,9806387,701742371,0,186265,3414237,705156608
2018-11-26,2664184,701109227,1400,187565,3421186,704530413
2018-11-27,4929377,702172000,30500,211065,3849826,706021826
2018-11-28,4471899,700362827,6000,182965,3381193,703744020
2018-11-29,4005939,699291478,5500,183365,3359247,702650725
2018-11-30,9696979,701424300,4000,158365,2848986,704273286
2018-12-03,12063485,700054737,23500,180365,3396273,703451010
2018-12-04,6103104,694379939,16300,196665,3742535,698122474
2018-12-05,5375765,690602332,200,181165,3422207,694024539
2018-12-06,4779120,689824126,6000,173565,3221366,693045492
2018-12-07,4121416,690692097,1300,164265,3032332,693724429
2018-12-10,1615994,688417729,500,163465,3015929,691433658
2018-12-11,3284287,689079015,4700,168165,3137959,692216974
2018-12-12,6970209,690924136,600,168765,3144092,694068228
2018-12-13,7116986,685612899,600,151265,2858909,688471808
2018-12-14,5717730,683820730,1700,148165,2748461,686569191
2018-12-17,5607533,684816653,19100,167265,3107784,687924437
2018-12-18,7535704,684926926,31600,190465,3514079,688441005
2018-12-19,3265249,683805170,5000,164865,3012084,686817254
2018-12-20,3952035,684737509,20800,180365,3324127,688061636
2018-12-21,4645425,684283375,15700,167765,3058356,687341731
2018-12-24,3260012,685376734,2000,145065,2645986,688022720
2018-12-25,8547261,687005962,14400,140765,2529547,689535509
2018-12-26,5335226,683734764,0,134265,2367092,686101856
2018-12-27,12068633,689344163,23900,156465,2736573,692080736
2018-12-28,2509467,684067004,800,144765,2556550,686623554
2019-01-02,5025979,686080940,500,145265,2523253,688604193
2019-01-03,2642919,685855554,5200,150465,2625614,688481168
2019-01-04,9998317,690354872,20400,139965,2471782,692826654
2019-01-07,8750327,689993548,0,138165,2435849,692429397
2019-01-08,5641682,692760761,1300,133465,2340976,695101737
2019-01-09,15077384,695815987,9900,142065,2506027,698322014
2019-01-10,7150413,697169585,0,132165,2311566,699481151
2019-01-11,5675852,695741159,0,122265,2146973,697888132
2019-01-14,3560925,692675452,14400,136665,2410771,695086223
2019-01-15,6259067,688853962,22400,159065,2858398,691712360
2019-01-16,12444737,691890545,0,157165,2832113,694722658
2019-01-17,7308244,693062653,38600,194765,3503822,696566475
2019-01-18,13031802,698102594,4600,144665,2609757,700712351
2019-01-21,8377193,691331425,16800,158565,2914425,694245850
2019-01-22,9496319,692749851,10800,165265,2991297,695741148
2019-01-23,2874551,690227188,11800,156565,2843220,693070408
2019-01-24,8446830,685116610,19500,175365,3210933,688327543
2019-01-25,8247628,675622100,800,171265,3182104,678804204
2019-01-28,8466288,671831042,6900,177365,3306084,675137126
2019-01-29,10000867,667506001,10000,159465,3005915,670511916
2019-01-30,5914578,658936010,1600,153300,2874375,661810385
2019-01-31,10935826,653013036,1600,141300,2673396,655686432
2019-02-01,6480088,632962468,300,136600,2633648,635596116
2019-02-11,8984907,626547504,3800,139600,2702656,629250160
2019-02-12,15320573,628803496,3800,117200,2293604,631097100
2019-02-13,14994770,627467938,24906,142106,2792383,630260321
2019-02-14,12872327,627431117,14520,155826,3061981,630493098
2019-02-15,10346484,625323482,18200,148726,2873386,628196868
2019-02-18,27077432,637985085,6500,150726,2982868,640967953
2019-02-19,20853111,643706945,33300,158226,3082242,646789187
2019-02-20,7675238,636211514,30200,170226,3334727,639546241
2019-02-21,12425128,625367413,47300,193126,3808445,629175858
2019-02-22,21636776,632040406,2900,166926,3343528,635383934
2019-02-25,24492483,612681339,49000,194726,4048354,616729693
2019-02-26,31068989,607604686,22300,190326,4000653,611605339
2019-02-27,12413626,596675538,19700,189126,3924365,600599903
2019-02-28,13857691,591496700,27100,191826,3991899,595488599
2019-03-01,34078606,610230081,24700,190026,4038053,614268134
2019-03-04,24699342,580008131,27500,198726,4258698,584266829
2019-03-05,25250762,576874707,10380,192106,4184069,581058776
2019-03-06,27794126,573283515,21700,195106,4292332,577575847
2019-03-07,31823723,571924839,18631,190537,4098451,576023290
2019-03-08,28692564,578881951,19900,189937,3996274,582878225
2019-03-11,23996486,569910750,22765,192702,4229809,574140559
2019-03-12,30712234,562539728,19319,192421,4306382,566846110
2019-03-13,17633717,553404919,25500,199221,4412745,557817664
2019-03-14,16885330,548933508,18700,199121,4432433,553365941
2019-03-15,18231033,542342768,13100,195121,4337540,546680308
2019-03-18,20777607,534777255,19000,203421,4727504,539504759
2019-03-19,29611043,536879951,18700,201421,4624626,541504577
2019-03-20,33794591,528299902,19300,201021,4744096,533043998
2019-03-21,43522029,526697070,21700,203941,4947609,531644679
2019-03-22,43035430,523992695,18700,201841,4981436,528974131
2019-03-25,68016835,557269270,4600,200641,4751179,562020449
2019-03-26,22293246,555571045,19900,197241,4615439,560186484
2019-03-27,36312144,566171790,19000,195841,4537636,570709426
2019-03-28,96462143,613420119,27100,188641,4319879,617739998
2019-03-29,87474735,623269287,19600,180340,4164051,627433338
2019-04-01,66624164,634726507,25000,182040,4281581,639008088
2019-04-02,72993737,629588841,27600,188005,4557241,634146082
2019-04-03,57209884,648353452,20900,181905,4362082,652715534
2019-04-04,80096289,653324157,20700,174705,4295996,657620153
2019-04-08,85258232,671708324,34400,190405,4642074,676350398
2019-04-09,51333852,675688374,18518,189173,4583662,680272036
2019-04-10,95805528,645960976,30200,201373,5175286,651136262
2019-04-11,54132671,606635269,18700,185073,4602766,611238035
2019-04-12,44587474,620839629,20580,176053,4401325,625240954
2019-04-15,53244351,625580215,25700,182353,4498648,630078863
2019-04-16,69781976,645623638,22900,178753,4470612,650094250
2019-04-17,74827913,646933672,21400,180953,4594396,651528068
2019-04-18,74432987,659282849,20000,173253,4246430,663529279
2019-04-19,32039636,656782855,23500,177853,4410754,661193609
2019-04-22,55317087,663200417,21000,178153,4314865,667515282
2019-04-23,129445122,724214158,23800,175773,3923253,728137411
2019-04-24,41405119,713285108,20999,168072,3731198,717016306
2019-04-25,54801204,732018666,26400,160272,3423410,735442076
2019-04-26,59681957,757708959,22800,158372,3316310,761025269
2019-04-29,51683417,785466152,20200,145672,2986276,788452428
2019-04-30,19825627,771962546,34187,150259,3087822,775050368
2019-05-06,46062074,783094571,22100,150959,2896903,785991474
2019-05-07,22083517,777677943,26900,151859,2968843,780646786
2019-05-08,19886498,774294731,28200,145959,2840362,777135093
2019-05-09,16430266,765514668,22232,132691,2531744,768046412
2019-05-10,33289757,768986600,24500,123191,2413312,771399912
2019-05-13,22492058,768960309,23900,122691,2366709,771327018
2019-05-14,39582876,774444994,27400,112865,2134277,776579271
2019-05-15,23115162,772805566,25970,120082,2316382,775121948
2019-05-16,31351542,781241113,7000,112400,2198544,783439657
2019-05-17,28967485,776936306,31900,133000,2513700,779450006
2019-05-20,18958184,781436949,37700,138100,2611471,784048420
2019-05-21,14496471,779615144,26100,143900,2754246,782369390
2019-05-22,12445650,778306823,6400,125200,2395076,780701899
2019-05-23,9677144,775493593,26170,135770,2549761,778043354
2019-05-24,15349465,772943070,38200,160100,3061112,776004182
2019-05-27,28848791,775731750,22125,133225,2593891,778325641
2019-05-28,26967922,781680845,16700,126925,2471230,784152075
2019-05-29,12714042,778869554,43500,151625,3000659,781870213
2019-05-30,17920442,774299001,4000,124725,2477039,776776040
2019-05-31,12913430,767047140,38900,155225,3051724,770098864
2019-06-03,8971013,760856447,14591,149316,2895237,763751684
2019-06-04,10198349,761089649,4300,151616,2918608,764008257
2019-06-05,20939943,767795047,1100,147416,2862819,770657866
2019-06-06,10404819,748193783,9117,151033,2874158,751067941
2019-06-10,7918806,748770745,1400,149133,2855897,751626642
2019-06-11,26671012,750300746,13400,152033,3008733,753309479
2019-06-12,9782568,737943952,0,150133,2960623,740904575
2019-06-13,15036094,744381674,11500,152633,3016028,747397702
2019-06-14,17126276,751309737,1800,151533,2936710,754246447
2019-06-17,7815036,751154067,3500,150533,2920340,754074407
2019-06-18,4551474,746216650,2800,153033,2964249,749180899
2019-06-19,25553107,729860333,4600,152033,3046741,732907074
2019-06-20,20737187,717953246,22900,159833,3239815,721193061
2019-06-21,19204379,712983836,5300,146733,2986017,715969853
2019-06-24,18479062,723932013,17300,159933,3246640,727178653
2019-06-25,23507799,721337705,22300,138133,2802719,724140424
2019-06-26,22223468,718011192,0,119533,2236462,720247654
2019-06-27,12419413,717123296,4000,120033,2249418,719372714
2019-06-28,15760153,718900731,11700,119533,2218532,721119263
2019-07-01,25716294,719808124,17000,135833,2564527,722372651
2019-07-02,20126537,724517738,13100,124133,2343631,726861369
2019-07-03,12211047,718329203,9200,127933,2398744,720727947
2019-07-04,10487862,716106793,24100,143433,2677894,718784687
2019-07-05,6926540,711091799,24700,141033,2640138,713731937
2019-07-08,19904255,711663377,9900,145133,2637067,714300444
2019-07-09,7659694,709684537,30700,175833,3198402,712882939
2019-07-10,4178224,706135772,0,142833,2590991,708726763
2019-07-11,4382709,705541288,2300,145133,2622553,708163841
2019-07-12,4944235,698789895,7100,147833,2687604,701477499
2019-07-15,11500295,697904383,13000,151433,2796968,700701351
2019-07-16,13101939,693313174,24229,175662,3284879,696598053
2019-07-17,7887550,687701631,20700,174833,3278119,690979750
2019-07-18,5871557,685832681,21400,191333,3539661,689372342
2019-07-19,8218166,680512472,10800,171633,3182076,683694548
2019-07-22,10039198,677005673,16800,151782,2759397,679765070
2019-07-23,5372752,676208366,0,151782,2777611,678985977
2019-07-24,11562842,680003190,0,151782,2777611,682780801
2019-07-25,4859160,678322627,22200,169782,3123989,681446616
2019-07-26,4901835,675916737,5900,173482,3172986,679089723
2019-07-29,6414949,677572801,500,172182,3130269,680703070
2019-07-30,8256767,677432248,2000,170082,3109099,680541347
2019-07-31,4729242,675957342,500,150582,2739087,678696429
2019-08-01,9466646,677761572,25500,171082,3072633,680834205
2019-08-02,15817566,678922371,12100,150182,2644705,681567076
2019-08-05,13142518,683651680,28900,165182,2836175,686487855
2019-08-06,14331986,679945554,23400,136381,2285746,682231300
2019-08-07,9397220,678257180,6200,138381,2298508,680555688
2019-08-08,15952538,690492597,7800,144881,2409371,692901968
2019-08-09,12490885,691638228,600,142181,2334612,693972840
2019-08-12,6437369,691776926,5900,126381,2099188,693876114
2019-08-13,3385893,687830862,4400,130281,2157453,689988315
2019-08-14,9675639,691648240,1800,125981,2091285,693739525
2019-08-15,9024430,689734209,31000,152181,2562728,692296937
2019-08-16,8682857,685773193,15017,134998,2277416,688050609
2019-08-19,8724470,679287764,500,121998,2111785,681399549
2019-08-20,6670225,674791090,13200,130798,2256265,677047355
2019-08-21,18351575,681320217,21800,151498,2595161,683915378
2019-08-22,7495445,676860583,0,151498,2613340,679473923
2019-08-23,4323700,672357125,0,129698,2224321,674581446
2019-08-26,10530668,675364486,0,115598,1972102,677336588
2019-08-27,21376140,663171762,35600,150298,2610676,665782438
2019-08-28,11962270,664218734,5200,131598,2291121,666509855
2019-08-29,10673578,668078263,2600,126798,2166978,670245241
2019-08-30,11381718,663919923,13000,127698,2159373,666079296
2019-09-02,6820578,664431401,5900,131798,2266925,666698326
2019-09-03,4669315,659677795,5200,130698,2246698,661924493
2019-09-04,11053830,659052185,0,128798,2225630,661277815
2019-09-05,31487429,664686507,25600,152198,2637592,667324099
2019-09-06,19248716,663806761,1800,137398,2396221,666202982
2019-09-09,28180802,672373198,0,127598,2245725,674618923
2019-09-10,25766389,674480152,0,127598,2227861,676708013
2019-09-11,32444567,654839082,24200,151798,2638249,657477331
2019-09-12,22763619,660839467,5900,156598,2724805,663564272
2019-09-16,19615173,663646727,9300,154898,2690578,666337305
2019-09-17,39594287,679656815,8500,113398,1915292,681572107
2019-09-18,13957935,686354738,20000,132898,2245976,688600714
2019-09-19,7982662,684217536,0,113298,1918135,686135671
2019-09-20,9891978,680243245,27200,139381,2362508,682605753
2019-09-23,16436182,683617515,30600,162381,2719882,686337397
2019-09-24,13247480,684836955,800,144981,2432781,687269736
2019-09-25,13847643,676408932,7500,151681,2514871,678923803
2019-09-26,10098838,673603279,3800,121581,2006087,675609366
2019-09-27,11434943,674842969,0,121581,2006087,676849056
2019-09-30,6688405,672265268,200,118281,1937443,674202711
2019-10-08,6506161,671349035,600,118881,1965103,673314138
2019-10-09,5460642,670096860,400,105281,1751876,671848736
2019-10-10,9508522,672705894,0,105281,1761351,674467245
2019-10-11,9797882,666889835,13000,113581,1897939,668787774
2019-10-14,25567891,669976691,36600,135381,2306892,672283583
2019-10-15,6095827,668664339,700,125581,2105993,670770332
2019-10-16,9966450,670912740,21300,146681,2458374,673371114
2019-10-17,3106990,660118809,14200,130181,2203964,662322773
2019-10-18,8355461,652194509,6200,120381,2011567,654206076
2019-10-21,11660866,653996403,1800,110317,1831262,655827665
2019-10-22,5934754,648193413,8200,110217,1822989,650016402
2019-10-23,5942038,642068997,20700,126517,2091326,644160323
2019-10-24,9966388,646025096,6200,108617,1797611,647822707
2019-10-25,6692833,639306234,700,102517,1694606,641000840
2019-10-28,14097520,638336762,0,102517,1695631,640032393
2019-10-29,10095430,637807894,1900,104417,1714527,639522421
2019-10-30,32735493,642825950,3900,106517,1790551,644616501
2019-10-31,6945426,635887800,5600,112117,1881323,637769123
2019-11-01,23715108,629725805,33600,145717,2536933,632262738
2019-11-04,43438200,607540128,25100,132517,2401208,609941336
2019-11-05,20903095,588769418,48700,148317,2699369,591468787
2019-11-06,15353018,569006933,8700,126817,2275097,571282030
2019-11-07,21910535,572688389,6000,112217,2013173,574701562
2019-11-08,12129292,566094437,13300,108117,1933132,568027569
2019-11-11,24075032,562636820,60000,152700,2646291,565283111
2019-11-12,21694900,577642906,45700,195600,3403440,581046346
2019-11-13,24197983,579621315,1900,195000,3365700,582987015
2019-11-14,10999541,577127342,25900,217500,3754050,580881392
2019-11-15,32259473,597026151,2600,196300,3386175,600412326
2019-11-18,14461298,594970853,0,180900,3125952,598096805
2019-11-19,16617586,590729534,28200,206700,3677193,594406727
2019-11-20,18561733,590900685,27800,209900,3744616,594645301
2019-11-21,9832901,582962962,1800,191200,3409096,586372058
2019-11-22,8460117,571252218,28500,159200,2859232,574111450
2019-11-25,36298098,576950889,7800,165000,3082200,580033089
2019-11-26,14898356,566649287,11900,163500,3008400,569657687
2019-11-27,6395439,548751398,1800,155700,2896020,551647418
2019-11-28,6829137,542899268,9800,164400,3038112,545937380
2019-11-29,13314659,539930066,10300,173400,3225240,543155306
2019-12-02,13247887,524568385,4800,177200,3327816,527896201
2019-12-03,6700566,522341554,1500,176600,3318314,525659868
2019-12-04,12486465,523778699,9900,185800,3530200,527308899
2019-12-05,17875167,533392738,600,160500,3059130,536451868
2019-12-06,8059472,532136007,44500,204500,3875275,536011282
2019-12-09,6727201,530745270,9700,200200,3789786,534535056
2019-12-10,12259314,532892854,4300,189200,3532364,536425218
2019-12-11,8468081,535017208,1000,172700,3212220,538229428
2019-12-12,9774343,537604305,2600,174400,3266512,540870817
2019-12-13,8119973,532612202,17900,188400,3587136,536199338
2019-12-16,21482231,538672986,500,168800,3198760,541871746
2019-12-17,19797295,536843951,3300,171200,3251088,540095039
2019-12-18,20644722,541780880,13400,175800,3282186,545063066
2019-12-19,11811632,537794269,11000,173600,3284512,541078781
2019-12-20,11342516,540944969,170100,339900,6417312,547362281
2019-12-23,23550810,543471949,600,340500,6394590,549866539
2019-12-24,11730666,538812684,32300,371700,7043715,545856399
2019-12-25,12210129,540080483,700,365000,6851050,546931533
2019-12-26,12345597,540610831,9500,372100,6991759,547602590
2019-12-27,15117093,537924607,36100,405100,7632084,545556691
2019-12-30,14170630,541519530,13700,412400,7761368,549280898
2019-12-31,12089372,532713472,14700,423900,8075295,540788767
2020-01-02,34488774,527168903,1800,418000,8318200,535487103
2020-01-03,16100944,522789108,2900,418500,8277930,531067038
2020-01-06,23485413,525609554,900,419000,8178880,533788434
2020-01-07,14965613,519381500,1800,404000,8039600,527421100
2020-01-08,28358915,522996652,10900,410000,8142600,531139252
2020-01-09,22459363,522941846,5500,413900,8273860,531215706
2020-01-10,9814055,520949894,0,377900,7535326,528485220
2020-01-13,10964573,515970538,0,360700,7322210,523292748
2020-01-14,10839239,515305451,1000,361600,7297088,522602539
2020-01-15,13308071,515246320,400,190300,3806000,519052320
2020-01-16,10235387,506925243,7500,197000,3979400,510904643
2020-01-17,13543267,510407765,3800,198000,3960000,514367765
2020-01-20,10937742,501514442,200,195600,3880704,505395146
2020-01-21,17743434,512027236,4900,199100,3862540,515889776
2020-01-22,9258247,510569401,400,141800,2726814,513296215
2020-01-23,33636999,519364642,1239,118139,2159581,521524223
2020-02-03,35159674,524624249,0,114239,1879232,526503481
2020-02-04,17999981,526314386,0,114239,1935209,528249595
2020-02-05,17604953,516262984,0,114239,1962626,518225610
2020-02-06,12712730,514021484,0,114239,1984331,516005815
2020-02-07,13511014,515140917,0,114239,1996898,517137815
2020-02-10,12275017,513485428,1900,115139,2055231,515540659
2020-02-11,6932039,510633492,15800,125800,2255594,512889086
2020-02-12,10645565,510872355,0,123600,2224800,513097155
2020-02-13,8353982,504191988,2500,126100,2228187,506420175
2020-02-14,14959328,506732524,3766,126566,2226296,508958820
2020-02-17,38590053,488369285,34400,159966,3095342,491464627
2020-02-18,36490956,469669164,24100,139466,2775373,472444537
2020-02-19,28048883,474576161,40800,171966,3332701,477908862
2020-02-20,23708121,471448379,900,158566,3122165,474570544
2020-02-21,27804205,477584074,3300,151466,3017203,480601277
2020-02-24,26508673,477854354,5500,144066,2889964,480744318
2020-02-25,31479144,471937524,21600,160166,3195312,475132836
2020-02-26,26016406,467144430,12300,166166,3226944,470371374
2020-02-27,32559387,456983497,29300,194766,3908954,460892451
2020-02-28,32284827,461565649,4900,158166,3103217,464668866
2020-03-02,29570022,448796850,25100,176166,3641351,452438201
2020-03-03,26191051,438849597,13700,186566,3865648,442715245
2020-03-04,17017985,432636666,2900,158366,3314600,435951266
2020-03-05,16887213,423259833,24200,180566,3784663,427044496
2020-03-06,13760475,422833848,16800,187166,3844390,426678238
2020-03-09,23444142,417198395,20800,196966,3915684,421114079
2020-03-10,15810873,412363376,10200,177266,3582546,415945922
2020-03-11,14714484,413506159,34100,206166,4170738,417676897
2020-03-12,10553931,413955148,62200,238366,4745867,418701015
2020-03-13,17070078,403484944,31800,232166,4599208,408084152
2020-03-16,11053337,397117967,46000,243066,4713050,401831017
2020-03-17,21050094,409080284,8300,187966,3560076,412640360
2020-03-18,11408276,409611679,57465,236431,4385795,413997474
2020-03-19,13057423,411005221,21200,200766,3704133,414709354
2020-03-20,4967986,407726327,6600,200566,3728522,411454849
2020-03-23,7115843,404340718,9300,198766,3567850,407908568
2020-03-24,13228776,404482230,67200,260966,4921819,409404049
2020-03-25,15058122,395099122,18100,259866,5088175,400187297
2020-03-26,9046234,392560795,43000,297166,5756105,398316900
2020-03-27,8399337,394360164,31400,307566,5911419,400271583
2020-03-30,6363820,393347479,23900,305366,5829437,399176916
2020-03-31,9545125,394785170,30900,307266,5838054,400623224
2020-04-01,8402178,396581695,22600,317366,5988696,402570391
2020-04-02,9668462,396034292,27200,333966,6455563,402489855
2020-04-03,4597278,391506273,3900,323166,6117532,397623805
2020-04-07,7648429,390026404,7000,322266,6235847,396262251
2020-04-08,6738433,387995179,62900,365366,7084447,395079626
2020-04-09,9751135,390813946,29300,391066,7567127,398381073
2020-04-10,6121984,388692881,5600,393066,7519353,396212234
2020-04-13,4520785,390587485,25300,416366,7952591,398540076
2020-04-14,6002454,389873811,10100,425766,8195996,398069807
2020-04-15,5232735,390247818,7300,424866,8068205,398316023
2020-04-16,4390756,389013976,13400,399266,7673893,396687869
2020-04-17,4119987,386875112,16500,395466,7588993,394464105
2020-04-20,8613335,385962653,38200,425566,8255980,394218633
2020-04-21,21399148,377839933,18900,415666,8429706,386269639
2020-04-22,8230047,372394197,56100,467966,9434195,381828392
2020-04-23,11727639,368574566,25400,486966,9973064,378547630
2020-04-24,10182314,366145894,17300,497566,10170249,376316143
2020-04-27,7549291,366952426,29100,512366,10211454,377163880
2020-04-28,6120392,364065997,53900,528166,10462968,374528965
2020-04-29,12562601,363393322,33300,540066,10887731,374281053
2020-04-30,19233177,370657563,10500,495666,10012453,380670016
2020-05-06,17086858,363188518,36600,510266,10776818,373965336
2020-05-07,9808885,362251581,22500,516766,10903763,373155344
2020-05-08,9960350,364322678,12000,524866,11048429,375371107
2020-05-11,10391041,359651806,44800,554266,11661757,371313563
2020-05-12,8229315,360144708,28700,569300,12103318,372248026
2020-05-13,5808451,358848228,85400,643200,13687296,372535524
2020-05-14,9321068,357417063,38600,665600,14110720,371527783
2020-05-15,15372013,363164301,99900,754400,15631168,378795469
2020-05-18,6435712,360572181,28100,768600,16017624,376589805
2020-05-19,11745870,360396690,69400,820800,17540496,377937186
2020-05-20,11333457,360764821,57700,869100,18355392,379120213
2020-05-21,10044939,357457881,16900,867600,18566640,376024521
2020-05-22,16583438,358571133,92100,910200,18386040,376957173
2020-05-25,6199834,360600736,15900,898100,18051810,378652546
2020-05-26,12777424,367400210,35900,870500,17453525,384853735
2020-05-27,8042427,367546002,54500,902600,17961740,385507742
2020-05-28,7285886,367167088,23700,864300,17190927,384358015
2020-05-29,10574398,372153139,29500,868399,17081408,389234547
2020-06-01,21164968,380136355,20800,846999,16923040,397059395
2020-06-02,21422220,388613026,54600,863799,17379636,405992662
2020-06-03,14735461,382347103,20100,867100,17662827,400009930
2020-06-04,49742229,388727962,35400,890300,19951623,408679585
2020-06-05,150302372,463983070,155700,955700,22812559,486795629
2020-06-08,137550856,521019886,238790,1169190,26365235,547385121
2020-06-09,57036684,509898213,36800,1095890,24536977,534435190
2020-06-10,56768899,513739196,9600,1065790,23372775,537111971
2020-06-11,64240715,532173007,47300,1046190,22597704,554770711
2020-06-12,62675070,556810955,29300,1047390,22780733,579591688
2020-06-15,41306600,560863992,40100,1025990,21986966,582850958
2020-06-16,26710974,557635644,106800,1104690,24015961,581651605
2020-06-17,26721017,557981438,96900,1191340,26149914,584131352
2020-06-18,31774554,550855270,50500,1124940,24861174,575716444
2020-06-19,21637052,542011175,212505,1201345,26333483,568344658
2020-06-22,39468097,524504639,22800,1136445,24444933,548949572
2020-06-23,25515210,500495226,91596,1138751,24608410,525103636
2020-06-24,19328331,488147410,73747,1128598,23012113,511159523
2020-06-29,25213924,481589654,93600,1171598,24193499,505783153
2020-06-30,20284480,481372246,73200,1208398,24989670,506361916
2020-07-01,28579096,485868826,116200,1318498,27385204,513254030
2020-07-02,39275553,482849048,110000,1396098,29681044,512530092
2020-07-03,43327798,486191936,30500,1305402,27805063,513996999
2020-07-06,50907645,471780948,65700,1306127,29413980,501194928
2020-07-07,38246367,456363262,52500,1264527,28553020,484916282
2020-07-08,34914749,464843005,35634,1217661,27811377,492654382
2020-07-09,56049319,477383829,70900,1135861,26215672,503599501
2020-07-10,37450467,474993218,47615,1144276,25917852,500911070
2020-07-13,45627163,475936233,96000,1038076,24394788,500331021
2020-07-14,43805936,483224553,113715,1051095,24732266,507956819
2020-07-15,33587219,483711403,70100,1032695,23163348,506874751
2020-07-16,37950626,489913076,58500,940546,20710823,510623899
2020-07-17,21137091,492156582,39300,908946,20278585,512435167
2020-07-20,35253503,498393312,128110,1029356,23829593,522222905
2020-07-21,37357632,502192185,78500,1058056,24472835,526665020
2020-07-22,41131354,512304028,94200,1111356,25727893,538031921
2020-07-23,45233262,511787483,181300,1280256,28933785,540721268
2020-07-24,35646531,502613035,34153,1267409,26894418,529507453
2020-07-27,12740988,492858835,77800,1290709,27646987,520505822
2020-07-28,12682548,486515413,78400,1308709,28569117,515084530
2020-07-29,25712269,495940749,39600,1248273,27661731,523602480
2020-07-30,15151151,494408717,36300,1242373,27406749,521815466
2020-07-31,17392875,494668468,145300,1369373,30180979,524849447
2020-08-03,46208758,509778572,43300,1313773,29954025,539732597
2020-08-04,51618498,533875377,43700,1344673,30927479,564802856
2020-08-05,32102852,547493995,327300,1639856,37503507,584997502
2020-08-06,26423029,545805481,30000,1635656,37652802,583458283
2020-08-07,14988255,542470155,17700,1637354,37135189,579605344
2020-08-10,79781975,588706377,45420,1607685,37571599,626277976
2020-08-11,80506262,551014522,67300,1597285,37376469,588390991
2020-08-12,41637471,560561502,20000,1566885,35991349,596552851
2020-08-13,24014569,562674017,51580,1567265,35545570,598219587
2020-08-14,29119929,569823425,2900,1487965,34148798,603972223
2020-08-17,66416834,575946479,45800,1392228,33998208,609944687
2020-08-18,38180187,568330708,111500,1483028,36126562,604457270
2020-08-19,31836575,578479804,131400,1613828,39216021,617695825
2020-08-20,34203122,570066882,40000,1564628,36706173,606773055
2020-08-21,28651760,575375940,43400,1565522,37071561,612447501
2020-08-24,37412528,584490348,91554,1516988,36073974,620564322
2020-08-25,63013070,587685757,84100,1495950,36082313,623768070
2020-08-26,45764925,555592113,50000,1495250,37470965,593063078
2020-08-27,43147811,563681874,188300,1633850,40519480,604201354
2020-08-28,65902955,585860161,101400,1648350,42197760,628057921
2020-08-31,68215460,606538493,112600,1728050,43063006,649601499
2020-09-01,36381729,607780634,67549,1784499,45254895,653035529
2020-09-02,35121180,604911576,68300,1834299,46316052,651227628
2020-09-03,33271489,610872067,47000,1849735,46705811,657577878
2020-09-04,34459226,608438030,21400,1804565,44338164,652776194
2020-09-07,29517556,602491599,17174,1779710,42410490,644902089
2020-09-08,18323009,588764553,37400,1770074,43437616,632202169
2020-09-09,42230595,600830134,55900,1794003,41800269,642630403
2020-09-10,15570053,600650576,31800,1791503,41240399,641890975
2020-09-11,9239118,592436540,21000,1732603,40525585,632962125
2020-09-14,17241038,594827945,23900,1710403,40218851,635046796
2020-09-15,12751763,593777415,97433,1788177,42504968,636282383
2020-09-16,11743997,588576510,6100,1788077,42681399,631257909
2020-09-17,20214830,592969614,23300,1690577,40489322,633458936
2020-09-18,31565505,588359075,37900,1621377,40177722,628536797
2020-09-21,37227174,581851806,84579,1660256,42137296,623989102
2020-09-22,24486500,570729853,133900,1741256,43792590,614522443
2020-09-23,13601935,572750670,25800,1742556,43929837,616680507
2020-09-24,26008782,577733744,62000,1769556,44468942,622202686
2020-09-25,13382285,565611884,19100,1759856,44313174,609925058
2020-09-28,11724589,559812925,16600,1692923,42272287,602085212
2020-09-29,22813490,530136231,55043,1649766,42860920,572997151
2020-09-30,51149004,544634989,154596,1767762,44370827,589005816
2020-10-09,43905169,561376823,35600,1703862,43687022,605063845
2020-10-12,59879309,588878038,34900,1710762,44514028,633392066
2020-10-13,65342211,596053162,104900,1780962,47498258,643551420
2020-10-14,76142974,621481462,48700,1760962,45239116,666720578
2020-10-15,19423178,617159450,60700,1818562,46555187,663714637
2020-10-16,13805069,606750565,32900,1677262,42434729,649185294
2020-10-19,27265542,618153942,15200,1653919,41959926,660113868
2020-10-20,27079550,626991638,10300,1662919,42670502,669662140
2020-10-21,20483929,622099325,148920,1793439,45104992,667204317
2020-10-22,26899399,622857578,9000,1740649,42663306,665520884
2020-10-23,17686676,609839712,37000,1604577,39665143,649504855
2020-10-26,42589454,616840226,196656,1723133,44284519,661124745
2020-10-27,22607753,608965655,19108,1675128,42665511,651631166
2020-10-28,43908036,614206768,101600,1770228,46167546,660374314
2020-10-29,86692720,634971504,58300,1794528,47572937,682544441
2020-10-30,39461247,602219327,76100,1838728,47236924,649456251
2020-11-02,60716106,616747982,127800,1781372,47491377,664239359
2020-11-03,46365200,625693728,377900,2086772,55257723,680951451
2020-11-04,33088100,617449124,65000,2139272,56476782,673925906
2020-11-05,57381036,619893592,37600,2100472,56754754,676648346
2020-11-06,45285464,616182675,20600,2067572,54956063,671138738
2020-11-09,54419353,624952852,108641,2130556,57162817,682115669
2020-11-10,36990167,627258474,81500,2141956,55819373,683077847
2020-11-11,31429484,634408384,37000,2085856,53961097,688369481
2020-11-12,33199969,631019314,49100,2110556,55085512,686104826
2020-11-13,26614557,629885814,15600,2054093,53961024,683846838
2020-11-16,41224891,649820176,53400,2087493,54170445,703990621
2020-11-17,46719201,653831245,24900,2079193,55077824,708909069
2020-11-18,41592381,661866850,169096,2093452,54618164,716485014
2020-11-19,23286005,658967309,34600,2007652,52058415,711025724
2020-11-20,40694891,655905301,50900,2013352,53273293,709178594
2020-11-23,47143618,662190402,19700,1923199,51060934,713251336
2020-11-24,49288254,665008478,54900,1868499,50468158,715476636
2020-11-25,76123021,667626852,91300,1903399,51201433,718828285
2020-11-26,48592076,670786233,62373,1906127,49921467,720707700
2020-11-27,20997900,662034256,35300,1899727,50000814,712035070
2020-11-30,50234608,685401886,17900,1795727,46509329,731911215
2020-12-01,43340904,700084550,3500,1632085,42646380,742730930
2020-12-02,20799743,694161197,2100,1429563,37025681,731186878
2020-12-03,16677463,690908053,66123,1225886,31640117,722548170
2020-12-04,14996328,687517278,37600,1157625,29762538,717279816
2020-12-07,47869025,692981889,23429,1126454,27879737,720861626
2020-12-08,19314487,692586244,49600,1051041,26055307,718641551
2020-12-09,22677517,689350823,8200,1013511,24567506,713918329
2020-12-10,24009579,696804363,34500,1007511,23938462,720742825
2020-12-11,20543877,693264922,57400,1002111,23770073,717034995
2020-12-14,18792327,692942838,15700,981111,23566287,716509125
2020-12-15,19435740,698559915,12900,960611,22728056,721287971
2020-12-16,11331743,697832870,111200,1070911,25348464,723181334
2020-12-17,14069131,693633271,111900,1138111,26973231,720606502
2020-12-18,11296656,690529023,76600,1210011,28749862,719278885
2020-12-21,25940046,696734683,36300,1224311,29432435,726167118
2020-12-22,26052126,698873785,71400,1281511,29666980,728540765
2020-12-23,17740297,692023686,51999,1327510,30944259,722967945
2020-12-24,27163062,696767408,74000,1364910,31051703,727819111
2020-12-25,8217495,688814773,67800,1423810,32633725,721448498
2020-12-28,20041685,672986433,152900,1556810,36304810,709291243
2020-12-29,17864913,672273036,120367,1645877,37657666,709930702
2020-12-30,11958300,669788231,49200,1675977,38396633,708184864
2020-12-31,20059234,661706177,210500,1831977,42483547,704189724
2021-01-04,38350901,671133797,167000,1964677,44794636,715928433
2021-01-05,32275458,666636715,83300,1965977,45689305,712326020
2021-01-06,53660533,679652088,45900,1962377,45978493,725630581
2021-01-07,30123454,678430299,96600,1971377,44888255,723318554
2021-01-08,28919847,676275730,105400,1904777,44857499,721133229
2021-01-11,39860399,688281669,98900,1874777,44432215,732713884
2021-01-12,36896866,693153411,65138,1852409,44717152,737870563
2021-01-13,63422678,701366069,62200,1879642,46878271,748244340
2021-01-14,41936100,694825741,37270,1836982,44969320,739795061
2021-01-15,31461273,694183829,47600,1790782,43444372,737628201
2021-01-18,31983957,701647927,43800,1811482,44000898,745648825
2021-01-19,31751485,705246769,39800,1778020,42050173,747296942
2021-01-20,16770814,707305022,46200,1683089,40091181,747396203
2021-01-21,23572103,702262906,72300,1722689,40707141,742970047
2021-01-22,37956892,697697114,41427,1729316,39428405,737125519
2021-01-25,30425935,704312091,21900,1701816,38035588,742347679
2021-01-26,16189335,705373690,95395,1768211,39590245,744963935
2021-01-27,9894777,700235606,29700,1791911,40264240,740499846
2021-01-28,14589511,698583775,29200,1774811,39312064,737895839
2021-01-29,30206280,698254468,173400,1893311,43337890,741592358
2021-02-01,20297673,702631923,95100,1929011,44290093,746922016
2021-02-02,36101634,706443549,88276,1985587,46581872,753025421
2021-02-03,174260886,735950271,436500,2347487,60588640,796538911
2021-02-04,74715490,700549183,118100,2000687,51077539,751626722
2021-02-05,119072385,732482678,114100,2027687,47103169,779585847
2021-02-08,67547353,735892654,121400,2083887,49804898,785697552
2021-02-09,47053970,741422834,11600,1997440,47838689,789261523
2021-02-10,48090781,735855746,68900,1855440,43955373,779811119
2021-02-18,96092225,767182909,233000,2021840,50182069,817364978
2021-02-19,67907024,794452360,148100,2142140,53939085,848391445
2021-02-22,80015488,776531081,13100,2122140,51865101,828396182
2021-02-23,39543681,781259480,150700,2067440,49804630,831064110
2021-02-24,49386703,787155477,65500,2126340,49968990,837124467
2021-02-25,32316706,793203002,9300,2101040,49374440,842577442
2021-02-26,28489168,798401688,76900,2159940,49721819,848123507
2021-03-01,37757946,803912503,61500,2180140,51407701,855320204
2021-03-02,33283307,807953348,66800,2217140,51592848,859546196
2021-03-03,56281075,818208927,51000,2209740,53254735,871463662
2021-03-04,30750811,801100536,31100,2048240,48727630,849828166
2021-03-05,72186931,825708165,86100,2080240,51132299,876840464
2021-03-08,33905516,795946396,28500,2053340,50019362,845965758
2021-03-09,38464487,802669570,130800,2147740,50772574,853442144
2021-03-10,26292396,798705649,45500,2109740,50739247,849444896
2021-03-11,35353000,806631262,50400,2124340,50984160,857615422
2021-03-12,32717969,816096779,52100,2150940,50977278,867074057
2021-03-15,43253574,827358574,76600,2186440,50878459,878237033
2021-03-16,22237912,819913728,40200,2137240,49840437,869754165
2021-03-17,22720886,821072978,43200,2062054,48107719,869180697
2021-03-18,21603516,819455999,56500,2023954,47684357,867140356
2021-03-19,25484264,809411834,103098,2060852,47605682,857017516
2021-03-22,20149193,808002337,58700,2030854,47461058,855463395
2021-03-23,29958479,793613061,132300,2081654,48981318,842594379
2021-03-24,17015262,782002695,514000,2555254,59562971,841565666
2021-03-25,13211940,785308419,55600,2532054,58642371,843950790
2021-03-26,19107043,777686176,85800,2582454,60145354,837831530
2021-03-29,15549515,775539695,29500,2591754,60387868,835927563
2021-03-30,31683476,776853732,26500,2533854,60280387,837134119
2021-03-31,23017423,772157723,86000,2550554,60397119,832554842
2021-04-01,25426183,766801187,40700,2551454,61132838,827934025
2021-04-02,21052588,764344679,33600,2557154,60860265,825204944
2021-04-06,34180201,783106353,36500,2581711,60954196,844060549
2021-04-07,103180816,834976804,70500,2644511,64288063,899264867
2021-04-08,40877854,829628930,45500,2566811,62219498,891848428
2021-04-09,58013797,790817232,111979,2412490,60529374,851346606
2021-04-12,50474057,804757154,58600,2369990,58301755,863058909
2021-04-13,31011716,804669049,81455,2386945,58408545,863077594
2021-04-14,26037976,809185630,486200,2847745,69769753,878955383
2021-04-15,26982668,817487737,41100,2800745,67890058,885377795
2021-04-16,36243114,822829236,305300,3041145,75237927,898067163
2021-04-19,56618153,831536015,45800,3055045,77414840,908950855
2021-04-20,123439840,890853752,132000,3113545,75596872,966450624
2021-04-21,50736719,910411439,29400,3031406,72541545,982952984
2021-04-22,30859545,915509057,21900,3038106,72458829,987967886
2021-04-23,37665943,921743358,60800,3079806,72929806,994673164
2021-04-26,29769359,932153497,40900,3088806,73328254,1005481751
2021-04-27,29055598,918096819,85100,3164106,76096750,994193569
2021-04-28,27509576,900658158,35000,3072416,75151296,975809454
2021-04-29,18865464,887951463,128600,3190516,77720969,965672432
2021-04-30,18028956,861767606,25200,3146916,76721813,938489419
2021-05-06,41012700,878329294,40800,3176216,77594957,955924251
2021-05-07,41607306,882033756,68300,3239716,77040447,959074203
2021-05-10,20824649,867182135,17600,3231759,76366465,943548600
2021-05-11,20178429,861465872,29300,3238859,76599015,938064887
2021-05-12,12785832,862412513,5500,3200659,76047658,938460171
2021-05-13,16171877,861671987,23600,3166559,74414137,936086124
2021-05-14,23653741,855548409,34800,3191059,76042935,931591344
2021-05-17,27342582,859812953,19500,3161959,76171593,935984546
2021-05-18,14319007,863464629,47600,3190859,76293438,939758067
2021-05-19,13442971,852745627,7000,3185159,76125300,928870927
2021-05-20,16111192,851881457,21900,3189659,75371642,927253099
2021-05-21,12605087,852074924,37474,3225433,76442763,928517687
2021-05-24,21427896,862393045,12700,3143259,73866587,936259632
2021-05-25,36098346,874716825,13700,3115559,74025682,948742507
2021-05-26,30510753,878685575,23600,3063159,72351815,951037390
2021-05-27,20595907,870311933,13400,3040894,72282051,942593984
2021-05-28,38831289,876496744,3800,3027214,72471503,948968247
2021-05-31,43982746,897779865,25300,3031714,72943039,970722904
2021-06-01,40555203,899451641,140300,3111014,74104353,973555994
2021-06-02,69535746,922390959,42000,2937564,71500308,993891267
2021-06-03,25364723,914803153,10000,2875264,70070183,984873336
2021-06-04,37672097,902187937,19200,2648364,65441074,967629011
2021-06-07,25507972,895725116,38300,2103864,51986479,947711595
2021-06-08,28020572,883661197,38200,1408064,34539810,918201007
2021-06-09,39801726,874915015,9800,1012444,22810363,897725378
2021-06-10,26497442,880257138,10900,1006644,22538760,902795898
2021-06-11,20100464,877598691,2800,487344,10775175,888373866
2021-06-15,28970366,867860198,33700,517344,11216018,879076216
2021-06-16,12101960,856510479,117400,620844,13503357,870013836
2021-06-17,8485345,855107278,104100,719444,15554379,870661657
2021-06-18,12902346,845682525,50300,739544,15966755,861649280
2021-06-21,11444483,843490084,101300,837344,18203858,861693942
2021-06-22,9402942,840861299,109500,926444,20150157,861011456
2021-06-23,41685702,842354896,88101,1011345,21369720,863724616
2021-06-24,15261856,844255618,129300,1091645,22946378,867201996
2021-06-25,20789519,843903791,49800,1114145,23296772,867200563
2021-06-28,28699688,847123002,64700,1173145,24776822,871899824
2021-06-29,22536995,847058636,103600,1254345,25889682,872948318
2021-06-30,13704281,848813789,47500,1283345,26732076,875545865
2021-07-01,14767160,840954499,10300,1281145,26468456,867422955
2021-07-02,13715713,836520773,9700,1257145,25758900,862279673
2021-07-05,10181999,839198140,200,1244027,25577196,864775336
2021-07-06,10947797,838799562,30800,1247727,25540972,864340534
2021-07-07,14747757,838446680,75188,1227215,25538344,863985024
2021-07-08,11491250,833274165,70000,1288215,26653169,859927334
2021-07-09,13174004,821101229,48400,1324015,27618953,848720182
2021-07-12,22306673,822405932,23900,1324315,27678183,850084115
2021-07-13,16292432,822700215,11000,1329315,27543407,850243622
2021-07-14,9163982,814866759,3900,1324915,27187257,842054016
2021-07-15,22498634,796966707,8600,1327815,26941366,823908073
2021-07-16,9072539,790562845,37100,1340415,27210425,817773270
2021-07-19,9756483,792667688,22100,1361815,27413337,820081025
2021-07-20,5617049,788797876,12700,1359915,27647071,816444947
2021-07-21,16344939,793559770,14700,1361815,27508662,821068432
2021-07-22,39173668,796144638,42600,1396515,29243024,825387662
2021-07-23,21499336,787498489,13300,1383615,29083588,816582077
2021-07-26,18073139,788058411,17200,1396333,29029763,817088174
2021-07-27,23717388,786799310,6200,1399633,29154355,815953665
2021-07-28,18539885,789332170,12400,1397633,28385926,817718096
2021-07-29,16515303,793787336,3200,1399333,28434447,822221783
2021-07-30,16142526,793003663,30700,1424333,28771526,821775189
2021-08-02,24228264,790527504,14700,1394333,29002127,819529631
2021-08-03,14121549,773711900,40800,1235632,25528157,799240057
2021-08-04,35931991,783509454,56300,1257232,26276148,809785602
2021-08-05,21113767,785807900,63900,1308832,27459295,813267195
2021-08-06,27664456,790621203,19800,1298832,27600180,818221383
2021-08-09,96175379,838710276,75700,1353332,29583837,868294113
2021-08-10,43583515,839959543,45200,1357832,29763678,869723221
2021-08-11,42683552,850268022,56400,1380932,30463360,880731382
2021-08-12,45775579,840465088,33500,1370932,30407271,870872359
2021-08-13,35820766,839205043,14400,1353132,30025999,869231042
2021-08-16,78160968,864860579,78906,1405838,31940639,896801218
2021-08-17,68515228,869019690,158200,1517038,33541710,902561400
2021-08-18,35764855,830833907,6700,1506738,33705728,864539635
2021-08-19,31550679,816706908,34000,1519638,33325660,850032568
2021-08-20,34712422,812549573,15900,1476238,32506761,845056334
2021-08-23,29144541,806266682,16800,1452827,32398043,838664725
2021-08-24,53756423,812380211,47000,1487027,32714594,845094805
2021-08-25,69651702,826329870,13300,1299838,29558316,855888186
2021-08-26,53059767,827778615,105100,1399038,31380421,859159036
2021-08-27,71212592,818388744,27265,1399757,32894290,851283034
2021-08-30,58027809,821674308,173600,1548257,36337592,858011900
2021-08-31,47589817,828456756,21500,1537357,35605188,864061944
2021-09-01,45865173,823296132,6800,1508157,34476469,857772601
2021-09-02,59023854,846026889,34500,1537957,35326872,881353761
2021-09-03,43932923,841616734,22000,1391857,31539480,873156214
2021-09-06,49519817,848950659,15700,1382657,31649019,880599678
2021-09-07,46950688,856220719,30600,1389857,31994508,888215227
2021-09-08,33826628,835112851,85400,1462457,33490265,868603116
2021-09-09,35387645,827232719,25100,1459470,33290510,860523229
2021-09-10,59528063,834045722,61500,1434657,33111883,867157605
2021-09-13,44989915,840209109,126100,1529157,34727156,874936265
2021-09-14,59469282,854488269,105973,1554230,34099807,888588076
2021-09-15,26713903,842888946,28000,1527130,33780115,876669061
2021-09-16,39891931,847637592,148600,1662130,35951873,883589465
2021-09-17,34234109,853490633,23200,1669530,35677855,889168488
2021-09-22,22385419,859829595,102800,1755030,37399689,897229284
2021-09-23,18432343,865710112,22900,1764130,37893512,903603624
2021-09-24,12827196,851680896,17300,1707457,35976121,887657017
2021-09-27,13509105,845277581,8400,1704757,35799897,881077478
2021-09-28,7895830,844411125,2800,1694357,35801764,880212889
2021-09-29,14223456,832033548,34000,1718857,35683471,867717019
2021-09-30,11163223,824753587,21800,1650757,34137653,858891240
2021-10-08,10313990,825368332,32912,1669869,35000455,860368787
2021-10-11,17728041,829739145,3900,1672769,34877234,864616379
2021-10-12,17283417,831235344,4100,1614862,33104672,864340016
2021-10-13,17341354,838674889,388500,1959308,40283372,878958261
2021-10-14,13681779,845468225,59900,2011708,41340600,886808825
2021-10-15,8984565,837555859,28900,2013208,41391556,878947415
2021-10-18,10200873,835142850,9000,2015602,41541557,876684407
2021-10-19,25816041,836481707,34200,2025002,42444042,878925749
2021-10-20,21146232,834230809,31400,2031102,42125055,876355864
2021-10-21,18283010,827671263,15600,1976797,41651114,869322377
2021-10-22,18657876,828400119,6700,1963897,41340032,869740151
2021-10-25,18627140,830335062,46200,2004797,42341312,872676374
2021-10-26,83406075,866495315,54000,2025597,39904261,906399576
2021-10-27,29837139,870337034,26200,2048197,39284418,909621452
2021-10-28,15955449,864444927,10100,2053497,39550353,903995280
2021-10-29,6656618,846606655,8100,2038797,39613825,886220480
2021-11-01,10323203,840778902,22700,2059297,40176885,880955787
2021-11-02,10341539,836786394,2600,2040197,39232988,876019382
2021-11-03,36447876,829682736,53800,2077497,42567913,872250649
2021-11-04,162422659,914828896,24800,2014997,44833683,959662579
2021-11-05,108366952,789598412,283900,2236938,52321980,841920392
2021-11-08,127746371,789056695,29500,2150738,49144364,838201059
2021-11-09,57018323,802639559,46900,2097538,47760941,850400500
2021-11-10,47673228,810667305,116400,2024438,45387900,856055205
2021-11-11,42943028,818439882,144400,2096338,46475814,864915696
2021-11-12,61805755,853667160,25900,2077538,46079792,899746952
2021-11-15,48510594,858485951,30100,2059438,45266447,903752398
2021-11-16,60844848,864317787,46700,2020938,42864096,907181883
2021-11-17,63754720,888018073,77400,2097738,46527828,934545901
2021-11-18,55962530,873598867,24007,1936845,42242589,915841456
2021-11-19,72249770,889854480,10200,1823245,40567201,930421681
2021-11-22,78839052,935312595,36000,1827445,40240339,975552934
2021-11-23,43881244,928033299,13000,1606545,35488579,963521878
2021-11-24,26464468,909837301,1500,1552245,33978643,943815944
2021-11-25,55786955,911341452,18900,1518545,32208340,943549792
2021-11-26,25227613,896127973,16900,1447345,30249510,926377483
2021-11-29,24843131,900039327,15000,1351945,27971742,928011069
2021-11-30,25137470,892914240,81100,1357245,28529290,921443530
2021-12-01,50679555,918674151,139800,1392952,29739526,948413677
2021-12-02,42368296,907083734,21800,1236816,26752330,933836064
2021-12-03,30559414,882618598,14000,1134716,24362353,906980951
2021-12-06,32806260,878069046,22700,1057944,22216824,900285870
2021-12-07,25060435,880616182,7200,961244,20330310,900946492
2021-12-08,27840008,890166814,11500,950144,20295075,910461889
2021-12-09,37692508,878126860,12000,887144,19215539,897342399
2021-12-10,31150521,888909723,51600,908644,19354117,908263840
2021-12-13,23087374,872354431,11600,864244,18563961,890918392
2021-12-14,30244162,864605111,66200,917144,19278367,883883478
2021-12-15,14554424,861575298,43900,903544,18974424,880549722
2021-12-16,33314047,857271974,25900,823144,17623513,874895487
2021-12-17,32919178,856537432,102900,856444,18225128,874762560
2021-12-20,42175679,868956750,130500,972744,20933451,889890201
2021-12-21,29775163,872221031,102400,1050644,22683404,894904435
2021-12-22,32631821,877753662,90700,1113244,24023805,901777467
2021-12-23,90031318,902179444,195600,1191344,26709933,928889377
2021-12-24,75876875,903031171,133700,1311444,28209161,931240332
