日期,融资买入额(元),融资余额(元),融券卖出量,融券余量,融券余额(元),融资融券余额(元)
2017-07-12,9581498,892242568,0,64800,490536,892733104
2017-07-13,10397370,885810719,16300,81100,616360,886427079
2017-07-14,12632195,891117696,0,74800,566236,891683932
2017-07-17,12220011,883523564,37200,84200,597820,884121384
2017-07-18,6488014,879281234,0,5000,35900,879317134
2017-07-19,11058351,874438996,293200,298200,2188788,876627784
2017-07-20,16804115,876628424,35000,112000,824320,877452744
2017-07-21,64230919,885259553,476400,558400,4467200,889726753
2017-07-24,0,877233531,0,180000,1440000,878673531
2017-07-25,0,875859977,0,180000,1440000,877299977
2017-07-26,0,870670194,0,138000,1104000,871774194
2017-07-27,0,863751355,0,138000,1104000,864855355
2017-07-28,0,863032171,0,138000,1104000,864136171
2017-07-31,0,857192158,0,138000,1104000,858296158
2017-08-01,0,854057070,0,138000,1104000,855161070
2017-08-02,0,848730319,0,138000,1104000,849834319
2017-08-03,0,846849693,0,138000,1104000,847953693
2017-08-04,0,844437128,0,138000,1104000,845541128
2017-08-07,0,843738952,0,138000,1104000,844842952
2017-08-08,0,842707965,0,138000,1104000,843811965
2017-08-09,0,840750169,0,138000,1104000,841854169
2017-08-10,0,838591616,0,138000,1104000,839695616
2017-08-11,0,834385648,0,138000,1104000,835489648
2017-08-14,0,833225133,0,138000,1104000,834329133
2017-08-15,0,832008540,0,138000,1104000,833112540
2017-08-16,0,826542192,0,138000,1104000,827646192
2017-08-17,0,823663319,0,138000,1104000,824767319
2017-08-18,0,820492318,0,138000,1104000,821596318
2017-08-21,0,818393539,0,138000,1104000,819497539
2017-08-22,0,817584279,0,138000,1104000,818688279
2017-08-23,0,800730910,0,138000,1104000,801834910
2017-08-24,0,799057182,0,138000,1104000,800161182
2017-08-25,0,795286219,0,138000,1104000,796390219
2017-08-28,0,792696173,0,138000,1104000,793800173
2017-08-29,0,790742330,0,138000,1104000,791846330
2017-08-30,0,789979793,0,138000,1104000,791083793
2017-08-31,0,787002560,0,128100,1024800,788027360
2017-09-01,0,786036182,0,128100,1024800,787060982
2017-09-04,0,784971231,0,128100,1024800,785996031
2017-09-05,0,783195120,0,128100,1024800,784219920
2017-09-06,0,782242894,0,128100,1024800,783267694
2017-09-07,0,780623952,0,128100,1024800,781648752
2017-09-08,0,774363158,0,128100,1024800,775387958
2017-09-11,0,773987847,0,128100,1024800,775012647
2017-09-12,0,773023007,0,128100,1024800,774047807
2017-09-13,0,770758780,0,128100,1024800,771783580
2017-09-14,0,768450469,0,128100,1024800,769475269
2017-09-15,0,764990367,0,128100,1024800,766015167
2017-09-18,0,762127195,0,128100,1024800,763151995
2017-09-19,0,758754828,0,128100,1024800,759779628
2017-09-20,0,757381679,0,128100,1024800,758406479
2017-09-21,0,756397499,0,128100,1024800,757422299
2017-09-22,0,755035257,0,128100,1024800,756060057
2017-09-25,0,754148470,0,128100,1024800,755173270
2017-09-26,0,753395271,0,128100,1024800,754420071
2017-09-27,0,752279568,0,128100,1024800,753304368
2017-09-28,0,751517755,0,128100,1024800,752542555
2017-09-29,0,749117414,0,128100,1024800,750142214
2017-10-09,0,747302043,0,128100,1024800,748326843
2017-10-10,0,744598032,0,128100,1024800,745622832
2017-10-11,0,743595228,0,128100,1024800,744620028
2017-10-12,0,741393589,0,128100,1024800,742418389
2017-10-13,0,741002019,0,128100,1024800,742026819
2017-10-16,0,740336487,0,128100,1024800,741361287
2017-10-17,0,738139431,0,128100,1024800,739164231
2017-10-18,0,734762590,0,128100,1024800,735787390
2017-10-19,0,734425457,0,128100,1024800,735450257
2017-10-20,0,733824738,0,128100,1024800,734849538
2017-10-23,0,732177589,0,128100,1024800,733202389
2017-10-24,0,729201058,0,128100,1024800,730225858
2017-10-25,0,728933671,0,128100,1024800,729958471
2017-10-26,0,727382224,0,128100,1024800,728407024
2017-10-27,0,726662618,0,128100,1024800,727687418
2017-10-30,0,726070577,0,128100,1024800,727095377
2017-10-31,0,725303045,0,128100,1024800,726327845
2017-11-01,0,724570710,0,128100,1024800,725595510
2017-11-02,0,720940796,0,128100,1024800,721965596
2017-11-03,0,719972688,0,128100,1024800,720997488
2017-11-06,0,719047729,0,128100,1024800,720072529
2017-11-07,0,718501279,0,128100,1024800,719526079
2017-11-08,0,717918014,0,128100,1024800,718942814
2017-11-09,0,717152190,0,128100,1024800,718176990
2017-11-10,0,716077626,0,128100,1024800,717102426
2017-11-13,0,703286070,0,128100,1024800,704310870
2017-11-14,0,702486490,0,128100,1024800,703511290
2017-11-15,0,697188874,0,128100,1024800,698213674
2017-11-16,0,696570466,0,128100,1024800,697595266
2017-11-17,0,695949471,0,128100,1024800,696974271
2017-11-20,0,694327452,0,128100,1024800,695352252
2017-11-21,0,689935883,0,128100,1024800,690960683
2017-11-22,0,689454872,0,128100,1024800,690479672
2017-11-23,0,688269923,0,128100,1024800,689294723
2017-11-24,0,685379697,0,128100,1024800,686404497
2017-11-27,0,684375866,0,128100,1024800,685400666
2017-11-28,0,684033594,0,128100,1024800,685058394
2017-11-29,0,683102902,0,128100,1024800,684127702
2017-11-30,0,682547758,0,128100,1024800,683572558
2017-12-01,0,682061547,0,128100,1024800,683086347
2017-12-04,0,681295975,0,128100,1024800,682320775
2017-12-05,0,678686846,0,128100,1024800,679711646
2017-12-06,0,677737959,0,128100,1024800,678762759
2017-12-07,0,677091823,0,128100,1024800,678116623
2017-12-08,0,676359032,0,128100,1024800,677383832
2017-12-11,0,675250030,0,128100,1024800,676274830
2017-12-12,0,674698734,0,128100,1024800,675723534
2017-12-13,0,674408535,0,128100,1024800,675433335
2017-12-14,0,673020928,0,128100,1024800,674045728
2017-12-15,0,672756365,0,128100,1024800,673781165
2017-12-18,0,672335605,0,128100,1024800,673360405
2017-12-19,0,671894926,0,128100,1024800,672919726
2017-12-20,0,671021220,0,128100,1024800,672046020
2017-12-21,0,670823883,0,128100,1024800,671848683
2017-12-22,0,667536444,0,128100,1024800,668561244
2017-12-25,0,666887653,0,128100,1024800,667912453
2017-12-26,0,666657297,0,128100,1024800,667682097
2017-12-27,0,666289429,0,128100,1024800,667314229
2017-12-28,0,665599901,0,128100,1024800,666624701
2017-12-29,0,665256636,0,128100,1024800,666281436
2018-01-02,0,664706965,0,128100,1024800,665731765
2018-01-03,0,663038472,0,128100,1024800,664063272
2018-01-04,0,661770045,0,128100,1024800,662794845
2018-01-05,0,661469614,0,128100,1024800,662494414
2018-01-08,0,659523796,0,128100,1024800,660548596
2018-01-09,0,659012136,0,128100,1024800,660036936
2018-01-10,0,656881824,0,128100,1024800,657906624
2018-01-11,0,656649281,0,128100,1024800,657674081
2018-01-12,0,656375062,0,128100,1024800,657399862
2018-01-15,0,656038628,0,128100,1024800,657063428
2018-01-16,0,655367787,0,128100,1024800,656392587
2018-01-17,0,654859225,0,128100,1024800,655884025
2018-01-18,0,654174903,0,128100,1024800,655199703
2018-01-19,0,653859107,0,128100,1024800,654883907
2018-01-22,0,652973806,0,128100,1024800,653998606
2018-01-23,0,652311073,0,128100,1024800,653335873
2018-01-24,0,652086805,0,128100,1024800,653111605
2018-01-25,0,649900672,0,128100,1024800,650925472
2018-01-26,0,649816602,0,128100,1024800,650841402
2018-01-29,0,649778766,0,128100,1024800,650803566
2018-01-30,0,649574370,0,128100,1024800,650599170
2018-01-31,0,649073279,0,128100,1024800,650098079
2018-02-01,0,645978972,0,128100,1024800,647003772
2018-02-02,0,645415336,0,128100,1024800,646440136
2018-02-05,0,645002427,0,128100,1024800,646027227
2018-02-06,0,643840398,0,128100,1024800,644865198
2018-02-07,0,642796748,0,128100,1024800,643821548
2018-02-08,0,642669907,0,128100,1024800,643694707
2018-02-09,0,642049614,0,128100,1024800,643074414
2018-02-12,0,641537678,0,128100,1024800,642562478
2018-02-13,0,641479869,0,128100,1024800,642504669
2018-02-14,0,640588280,0,118900,951200,641539480
2018-02-22,0,640493739,0,104200,833600,641327339
2018-02-23,0,640192017,0,104200,833600,641025617
2018-02-26,0,640089962,0,104200,833600,640923562
2018-02-27,0,637443094,0,104200,833600,638276694
2018-02-28,0,631645596,0,104200,833600,632479196
2018-03-01,0,629351938,0,104200,833600,630185538
2018-03-02,0,628423361,0,104200,833600,629256961
2018-03-05,0,628060827,0,104200,833600,628894427
2018-03-06,0,627513636,0,104200,833600,628347236
2018-03-07,0,626821718,0,104200,833600,627655318
2018-03-08,0,626757827,0,104200,833600,627591427
2018-03-09,0,626682287,0,104200,833600,627515887
2018-03-12,0,626258605,0,104200,833600,627092205
2018-03-13,0,626211599,0,104200,833600,627045199
2018-03-14,0,626203069,0,104200,833600,627036669
2018-03-15,0,625692138,0,104200,833600,626525738
2018-03-16,0,625665399,0,104200,833600,626498999
2018-03-19,0,624755286,0,104200,833600,625588886
2018-03-20,0,624498918,0,104200,833600,625332518
2018-03-21,0,624432642,0,104200,833600,625266242
2018-03-22,0,624290572,0,104200,833600,625124172
2018-03-23,0,623239611,0,104200,833600,624073211
2018-03-26,0,623166893,0,104200,833600,624000493
2018-03-27,0,622613007,0,104200,833600,623446607
2018-03-28,0,622494503,0,104200,833600,623328103
2018-03-29,0,622454170,0,104200,833600,623287770
2018-03-30,0,622176955,0,104200,833600,623010555
2018-04-02,0,621995005,0,104200,833600,622828605
2018-04-03,0,621829919,0,104200,833600,622663519
2018-04-04,0,621392944,0,104200,833600,622226544
2018-04-09,0,621024382,0,104200,833600,621857982
2018-04-10,0,620913554,0,104200,833600,621747154
2018-04-11,0,620129920,0,104200,833600,620963520
2018-04-12,0,619742770,0,104200,833600,620576370
2018-04-13,0,619671958,0,104200,833600,620505558
2018-04-16,0,619336743,0,104200,833600,620170343
2018-04-17,64359075,654954525,488511,494411,3559759,658514284
2018-04-18,27166795,659033645,99600,141504,976377,660010022
2018-04-19,21553471,667723486,30000,164904,1127943,668851429
2018-04-20,11348616,670405592,38800,74700,510201,670915793
2018-04-23,14694389,669078238,2000,37900,249382,669327620
2018-04-24,14198224,670840607,0,35900,239812,671080419
2018-04-25,6366538,672026577,20700,55800,369396,672395973
2018-04-26,6177700,667117848,8900,44600,293022,667410870
2018-04-27,5684508,661730006,2600,46500,314340,662044346
2018-05-02,8595751,658797403,55000,98900,687355,659484758
2018-05-03,4598843,651925867,14500,59400,418176,652344043
2018-05-04,2967094,647617968,0,55900,394095,648012063
2018-05-07,8849187,649997162,25500,71400,501942,650499104
2018-05-08,6994606,648215084,3600,53300,376298,648591382
2018-05-09,8447254,651105547,0,46200,319704,651425251
2018-05-10,15259226,651632703,341277,387477,2766586,654399289
2018-05-11,6125215,650767272,0,56200,396772,651164044
2018-05-14,6451133,652656889,1000,57200,399828,653056717
2018-05-15,3949423,654066085,20000,75200,524896,654590981
2018-05-16,4408544,652901286,176400,230600,1611894,654513180
2018-05-17,3917599,652597305,0,66700,463565,653060870
2018-05-18,6418459,652573141,374600,388800,2744928,655318069
2018-05-21,6070130,651875961,0,114200,806252,652682213
2018-05-22,6540416,652738644,0,113900,798439,653537083
2018-05-23,8574382,638922678,80200,194100,1329585,640252263
2018-05-24,2844632,638375939,10900,45000,305550,638681489
2018-05-25,6039459,637316334,0,5500,36740,637353074
2018-05-28,5563401,639601073,0,5500,36410,639637483
2018-05-29,1743413,637667853,0,5500,36520,637704373
2018-05-30,12890390,632641249,193900,199400,1226310,633867559
2018-05-31,1668054,625731312,0,19900,126564,625857876
2018-06-01,4398119,620471566,13400,21900,143007,620614573
2018-06-04,2167554,617089800,0,3500,23100,617112900
2018-06-05,1729767,616598351,10000,13500,90045,616688396
2018-06-06,798394,611964576,145083,158583,1062506,613027082
2018-06-07,2103078,610458632,0,20500,137965,610596597
2018-06-08,3158295,607991720,69000,69500,462175,608453895
2018-06-11,4341459,609017003,47100,87600,583416,609600419
2018-06-12,18856462,619426735,502900,504100,3453085,622879820
2018-06-13,6582894,614714216,60600,63100,436021,615150237
2018-06-14,7368446,612596106,139369,140569,950246,613546352
2018-06-15,7579777,613787360,40000,91172,610852,614398212
2018-06-19,7826116,608817082,170700,210700,1310554,610127636
2018-06-20,3151733,598053423,1200,80000,497600,598551023
2018-06-21,3187733,593449064,40000,120000,733200,594182264
2018-06-22,2872558,591562542,3900,83900,522697,592085239
2018-06-25,1971614,589370900,0,80000,493600,589864500
2018-06-26,5465539,591200114,16500,95300,576565,591776679
2018-06-27,2809149,590848289,53000,93000,553350,591401639
2018-06-28,6600136,586418014,146800,199800,1130868,587548882
2018-06-29,2045266,581202904,72000,86800,501704,581704608
2018-07-02,2503379,572072687,6500,59600,337932,572410619
2018-07-03,3134080,572195352,47300,50400,286776,572482128
2018-07-04,2453903,571457884,251600,274600,1548744,573006628
2018-07-05,5964688,573875301,18100,122970,670187,574545488
2018-07-06,13106614,580859371,255726,305596,1720505,582579876
2018-07-09,5933644,583462316,0,140296,799687,584262003
2018-07-10,5378519,581768621,7600,92626,532600,582301221
2018-07-11,2716710,580232350,5300,60326,339032,580571382
2018-07-12,7888538,580080492,87300,137926,804109,580884601
2018-07-13,2630392,578856111,0,25400,148336,579004447
2018-07-16,2372882,576730566,900,26300,152803,576883369
2018-07-17,5461198,576545544,426800,453100,2627980,579173524
2018-07-18,1772157,575756144,0,169300,983633,576739777
2018-07-19,5436438,578499058,0,25400,144780,578643838
2018-07-20,1858140,569590914,0,25400,147320,569738234
2018-07-23,5034337,568897919,30000,54400,319872,569217791
2018-07-24,11176047,569965312,44000,46000,278300,570243612
2018-07-25,7156826,571437209,1000,3000,18090,571455299
2018-07-26,7026519,572000839,0,2000,12140,572012979
2018-07-27,4648451,568036148,192504,194504,1190364,569226512
2018-07-30,6602623,570795939,30500,32500,197925,570993864
2018-07-31,3074028,567869140,35000,38600,237776,568106916
2018-08-01,5319985,568123824,43600,45600,269496,568393320
2018-08-02,2056441,565986832,7500,15500,90675,566077507
2018-08-03,980007,562647857,0,8000,47120,562694977
2018-08-06,2572363,562894568,40800,42800,242676,563137244
2018-08-07,1488633,562232901,0,38800,226980,562459881
2018-08-08,712942,561687611,8900,15100,87731,561775342
2018-08-09,4007302,563003351,10000,19100,112117,563115468
2018-08-10,4226041,563061972,58000,77100,461829,563523801
2018-08-13,2327007,561270132,3500,73100,434945,561705077
2018-08-14,2525144,562523748,0,52100,304785,562828533
2018-08-15,1258371,561375007,55000,107100,617967,561992974
2018-08-16,5349886,565030134,12300,59000,332170,565362304
2018-08-17,2778640,564560562,2500,54200,299726,564860288
2018-08-20,5788399,564546497,33300,38270,211633,564758130
2018-08-21,4322290,563775416,246100,251070,1398460,565173876
2018-08-22,2921500,563891581,5800,10770,59558,563951139
2018-08-23,3943781,566144535,29200,39970,221434,566365969
2018-08-24,4045960,566167911,0,4970,27385,566195296
2018-08-27,2286934,564816521,15600,18570,104735,564921256
2018-08-28,1799857,563730910,0,12970,73281,563804191
2018-08-29,4734296,564394094,0,12970,73281,564467375
2018-08-30,1211270,562650384,5400,18370,103791,562754175
2018-08-31,3084019,561957969,19000,21970,121055,562079024
2018-09-03,1515467,557597146,40700,56670,323019,557920165
2018-09-04,6580475,550680488,159500,202170,1140239,551820727
2018-09-05,2208507,550156643,0,53670,299479,550456122
2018-09-06,5581728,554380645,15600,69270,380292,554760937
2018-09-07,860182,552558982,1900,71170,391435,552950417
2018-09-10,1737920,549918593,3900,73170,396581,550315174
2018-09-11,826751,548577392,36100,105370,573213,549150605
2018-09-12,1355642,549080367,3900,74870,405047,549485414
2018-09-13,2186032,549790122,2100,75270,408716,550198838
2018-09-14,4789545,550156096,28900,103370,561299,550717395
2018-09-17,984167,548995548,15500,114370,622173,549617721
2018-09-18,3176721,547741321,0,89870,492488,548233809
2018-09-19,6156892,546636038,31100,105070,590493,547226531
2018-09-20,4919407,546013554,52500,149470,840021,546853575
2018-09-21,7629964,531039870,332377,413747,2556956,533596826
2018-09-25,26324656,546292182,152000,277047,1676134,547968316
2018-09-26,17602002,550163723,1000,133147,785567,550949290
2018-09-27,13845773,552503144,12188,138235,794851,553297995
2018-09-28,7156347,549712465,22400,156435,902630,550615095
2018-10-08,10017624,552696077,76700,206620,1140542,553836619
2018-10-09,2487133,551846515,60700,146673,815502,552662017
2018-10-10,4290710,553568230,24517,127390,704467,554272697
2018-10-11,9213371,541213218,71200,172590,859498,542072716
2018-10-12,7228808,528897854,117300,196959,961160,529859014
2018-10-15,1862167,524394514,26600,108259,523974,524918488
2018-10-16,2615093,514233483,25500,119690,555362,514788845
2018-10-17,2288369,509334073,53300,142431,669426,510003499
2018-10-18,0,508096939,0,142431,669426,508766365
2018-10-19,0,505550758,0,142431,669426,506220184
2018-10-22,0,504040273,0,142431,669426,504709699
2018-10-23,0,503260294,0,142431,669426,503929720
2018-10-24,0,502327949,0,142431,669426,502997375
2018-10-25,0,501779795,0,142431,669426,502449221
2018-10-26,21115108,507763859,442300,531731,2749049,510512908
2018-10-29,15936153,506412808,48864,138295,680411,507093219
2018-10-30,15265097,512699872,72100,161573,799786,513499658
2018-10-31,10655121,509035206,24500,113973,568725,509603931
2018-11-01,16333959,511198745,25100,112573,557236,511755981
2018-11-02,15589242,509707710,18500,105973,535164,510242874
2018-11-05,19366755,515479102,21800,109273,548550,516027652
2018-11-06,12205563,518045064,67100,154573,772865,518817929
2018-11-07,10146025,521439165,33000,120473,597546,522036711
2018-11-08,8402351,523149389,31220,118893,583765,523733154
2018-11-09,5656026,521503436,46150,133843,646462,522149898
2018-11-12,8815510,523453796,18100,128943,639557,524093353
2018-11-13,11454609,514611707,36400,151943,773390,515385097
2018-11-14,12891314,511576620,37200,168743,853840,512430460
2018-11-15,9984083,514093161,15400,148543,764996,514858157
2018-11-16,25198955,513551698,9700,150343,795314,514347012
2018-11-19,25413523,515159520,372500,489064,2704524,517864044
2018-11-20,11917446,511610705,18300,147464,781559,512392264
2018-11-21,12219844,508951992,62500,180264,960807,509912799
2018-11-22,10797098,510781432,500,135464,713895,511495327
2018-11-23,9168825,511188944,83003,190767,971004,512159948
2018-11-26,3429463,507570829,11425,149692,760435,508331264
2018-11-27,8607218,511966273,0,146692,745195,512711468
2018-11-28,4971705,511753676,4900,132592,678871,512432547
2018-11-29,4968380,510198362,1100,124792,627704,510826066
2018-11-30,3628739,510047747,0,124592,630436,510678183
2018-12-03,10939133,512329427,0,124592,652862,512982289
2018-12-04,0,511307017,0,124592,652862,511959879
2018-12-05,36552231,510435157,562400,660492,3645916,514081073
2018-12-06,22134758,517319569,26900,117892,633080,517952649
2018-12-07,10422687,516712127,10500,128392,688181,517400308
2018-12-10,5215651,511674243,98500,209392,1088838,512763081
2018-12-11,7326300,512738499,0,122192,646396,513384895
2018-12-12,7960743,515042447,4300,124792,660150,515702597
2018-12-13,10704845,514772601,38600,155292,830812,515603413
2018-12-14,7408472,512936234,0,115292,599518,513535752
2018-12-17,8129099,515878700,10100,125392,659562,516538262
2018-12-18,12718840,515840273,93500,183811,941112,516781385
2018-12-19,5239357,507958717,41000,149811,767032,508725749
2018-12-20,7275873,509841023,22000,146811,750204,510591227
2018-12-21,4930775,507919878,60100,167211,832711,508752589
2018-12-24,2849973,505621825,32100,174311,878527,506500352
2018-12-25,3582123,503236979,0,112211,556567,503793546
2018-12-26,4818495,505317119,0,110211,545544,505862663
2018-12-27,5228290,506051715,0,110211,536728,506588443
2018-12-28,2988722,506177433,0,97611,476342,506653775
2019-01-02,4647392,507198570,3000,100611,488969,507687539
2019-01-03,2443172,504802403,1100,101711,494315,505296718
2019-01-04,6066571,503730017,31400,133111,664224,504394241
2019-01-07,9881858,507368481,400,133511,670225,508038706
2019-01-08,5648697,506520340,0,131511,657555,507177895
2019-01-09,8309884,506980831,8700,135811,684487,507665318
2019-01-10,3786400,507283963,1000,134811,672707,507956670
2019-01-11,4093903,506424568,0,123811,620293,507044861
2019-01-14,5042171,504212903,35000,158811,794055,505006958
2019-01-15,7952479,507433041,4600,128411,649760,508082801
2019-01-16,4292644,506861322,0,128411,648476,507509798
2019-01-17,6054322,507501008,5000,130411,646839,508147847
2019-01-18,3403233,503514758,2000,127411,638329,504153087
2019-01-21,9554375,507364703,9500,135111,676906,508041609
2019-01-22,9463954,498957575,30200,165311,834821,499792396
2019-01-23,7282455,501034091,4500,117111,583213,501617304
2019-01-24,6420533,503616889,2800,109711,541972,504158861
2019-01-25,4634530,500851838,22400,132111,655271,501507109
2019-01-28,2701383,499814855,0,107711,531015,500345870
2019-01-29,7842468,498906917,13300,86181,421425,499328342
2019-01-30,7668804,499126089,47400,119281,590441,499716530
2019-01-31,14365865,500582663,3400,65800,324394,500907057
2019-02-01,6096325,492762688,0,65800,330974,493093662
2019-02-11,16504856,502577075,0,65800,335580,502912655
2019-02-12,16995222,504258024,0,17700,90624,504348648
2019-02-13,19807811,501114560,16800,34500,179400,501293960
2019-02-14,15553663,503715235,24400,55200,286488,504001723
2019-02-15,14670237,505496864,19000,73700,381029,505877893
2019-02-18,12940926,502100099,23700,97400,515246,502615345
2019-02-19,28251446,501622735,40000,98000,524300,502147035
2019-02-20,14500346,504366742,45400,112400,604712,504971454
2019-02-21,17121022,507481352,34200,115794,612550,508093902
2019-02-22,12983695,503282001,31794,98388,531295,503813296
2019-02-25,41772323,509330223,41100,108688,617348,509947571
2019-02-26,44306913,501632774,31800,98588,564909,502197683
2019-02-27,26197378,503215822,56900,124688,719450,503935272
2019-02-28,18086897,502159053,30800,99488,578025,502737078
2019-03-01,16570383,502263911,31000,99688,577194,502841105
2019-03-04,32870199,496891841,55800,124488,740704,497632545
2019-03-05,50941175,513197614,32000,102988,643675,513841289
2019-03-06,57261163,536123317,31800,102788,635230,536758547
2019-03-07,46291605,539665323,32000,102988,635436,540300759
2019-03-08,31610344,538243945,31800,76888,443644,538687589
2019-03-11,22433519,541767924,32000,77088,458674,542226598
2019-03-12,18534164,536034347,41300,86388,522647,536556994
2019-03-13,37212775,549071782,41961,96549,583156,549654938
2019-03-14,14571401,550048002,32200,86249,503694,550551696
2019-03-15,16897984,548193350,32500,86949,518216,548711566
2019-03-18,21894944,542876561,37400,92349,572564,543449125
2019-03-19,36797212,552439226,32000,92049,563340,553002566
2019-03-20,19603005,547659144,50500,110149,674112,548333256
2019-03-21,34941215,543449259,42100,111749,692844,544142103
2019-03-22,45295997,559089892,40900,107449,680152,559770044
2019-03-25,19939262,562484458,200,98549,607062,563091520
2019-03-26,24245211,567799321,32300,87349,518853,568318174
2019-03-27,13820718,568739829,42300,96949,592358,569332187
2019-03-28,16140345,572505924,31900,96949,577816,573083740
2019-03-29,130294827,612869251,78200,141549,928561,613797812
2019-04-01,91863833,609414961,47900,131949,880100,610295061
2019-04-02,79122263,596298019,35900,121949,834131,597132150
2019-04-03,60719795,606563977,39800,129849,898555,607462532
2019-04-04,36283510,596236821,32900,130049,890836,597127657
2019-04-08,34258544,587151956,49200,140249,949486,588101442
2019-04-09,27529491,574167643,31810,130059,887002,575054645
2019-04-10,38860421,588329011,64200,154215,1051746,589380757
2019-04-11,28914069,573099463,40300,125015,856353,573955816
2019-04-12,38298721,557736247,77500,170715,1203541,558939788
2019-04-15,39564595,558817903,71800,177015,1279818,560097721
2019-04-16,29877092,558095611,32000,157215,1139809,559235420
2019-04-17,30676787,560408899,31775,156990,1153877,561562776
2019-04-18,21290981,550410494,59200,172390,1225693,551636187
2019-04-19,11480795,547523036,31800,144990,1035229,548558265
2019-04-22,13957144,538781248,47400,160590,1124130,539905378
2019-04-23,7978211,527736460,33100,161690,1136681,528873141
2019-04-24,8488228,529579856,36900,150090,1053632,530633488
2019-04-25,24326418,538971776,43400,153990,1036353,540008129
2019-04-26,9331943,539489913,40800,138190,917582,540407495
2019-04-29,9212930,537323170,43800,126790,826671,538149841
2019-04-30,13050108,538564747,52300,135490,933526,539498273
2019-05-06,18392291,526916539,52400,146890,992976,527909515
2019-05-07,20049708,512198354,56600,158390,1137240,513335594
2019-05-08,27238513,519261409,40100,153890,1106469,520367878
2019-05-09,22716373,508758651,36900,140890,931283,509689934
2019-05-10,20028958,496907096,44300,153090,1083877,497990973
2019-05-13,11769938,493794165,32000,125790,876756,494670921
2019-05-14,5119557,488628606,53700,109790,760845,489389451
2019-05-15,15546740,495467352,38100,112850,798979,496266331
2019-05-16,23191762,505089350,15200,80700,564093,505653443
2019-05-17,12923142,506853524,30800,105600,707520,507561044
2019-05-20,5447636,505291127,41100,108800,714816,506005943
2019-05-21,4970714,498887792,29300,91500,608475,499496267
2019-05-22,4938455,498513234,19500,85200,556356,499069590
2019-05-23,6093555,489372169,30100,87800,556652,489928821
2019-05-24,4080954,488576626,29500,93100,591185,489167811
2019-05-27,4969715,489330293,27900,77700,499611,489829904
2019-05-28,6326188,490732673,26100,77585,495768,491228441
2019-05-29,3990578,490759626,19500,74285,470967,491230593
2019-05-30,6285367,489920570,54800,106985,665447,490586017
2019-05-31,6048360,487743389,500,106985,659028,488402417
2019-06-03,4558939,486923208,10700,117585,721972,487645180
2019-06-04,3280981,487892618,4900,69285,424717,488317335
2019-06-05,7007851,490800872,1600,66385,406940,491207812
2019-06-06,3602478,487910455,9600,69485,423164,488333619
2019-06-10,6011091,491852000,0,67385,411722,492263722
2019-06-11,6553550,485794589,31500,97585,621616,486416205
2019-06-12,4187920,482949732,30000,127385,799978,483749710
2019-06-13,9488717,488525172,1900,129285,823545,489348717
2019-06-14,10003045,493380059,0,129285,809324,494189383
2019-06-17,4245357,492849061,300,129385,816419,493665480
2019-06-18,1509992,490273764,0,129385,817713,491091477
2019-06-19,6455005,485456253,1600,130985,839614,486295867
2019-06-20,9982298,484717918,1600,68185,448657,485166575
2019-06-21,7926898,477777904,0,66785,441449,478219353
2019-06-24,3533706,479287388,0,66785,439445,479726833
2019-06-25,5677965,479903024,2000,68785,447103,480350127
2019-06-26,2708280,479485424,0,68785,445039,479930463
2019-06-27,5096226,477577141,0,68285,442487,478019628
2019-06-28,2494445,477020472,0,68285,438390,477458862
2019-07-01,12090313,482538984,0,67385,444741,482983725
2019-07-02,12295928,487845010,0,67385,439350,488284360
2019-07-03,3736827,488108509,300,67685,442660,488551169
2019-07-04,9947050,487904953,600,68285,456827,488361780
2019-07-05,6323547,490213883,300,56485,372236,490586119
2019-07-08,8955598,492830048,2200,58385,368409,493198457
2019-07-09,1569093,490885365,6200,64285,404996,491290361
2019-07-10,2516972,487819511,0,64285,397281,488216792
2019-07-11,3868901,488706059,4000,68185,420020,489126079
2019-07-12,4106825,490682408,0,59885,369490,491051898
2019-07-15,5684025,490754207,102900,126685,804450,491558657
2019-07-16,4175872,492950538,0,61285,386708,493337246
2019-07-17,11995076,480542879,76200,128785,861572,481404451
2019-07-18,13620172,486245065,0,119585,810786,487055851
2019-07-19,11083839,475278374,6700,66285,453389,475731763
2019-07-22,6740518,467929991,83700,123885,856045,468786036
2019-07-23,7654555,467151876,1500,68785,472553,467624429
2019-07-24,12409154,465356487,5000,67985,483373,465839860
2019-07-25,6109132,467962153,0,63585,452725,468414878
2019-07-26,6434922,467926006,29500,93085,665558,468591564
2019-07-29,3984513,467041692,35100,99985,711893,467753585
2019-07-30,5262521,467118913,17300,117285,832724,467951637
2019-07-31,6577596,458521554,12200,126385,903653,459425207
2019-08-01,4730324,455973850,1000,81685,578330,456552180
2019-08-02,6061279,446387253,42400,119085,832404,447219657
2019-08-05,9496026,446646657,21600,80485,536030,447182687
2019-08-06,12357807,449089567,47900,71085,462053,449551620
2019-08-07,5015426,441764703,58400,117885,778041,442542744
2019-08-08,2420006,434992110,11600,72385,477017,435469127
2019-08-09,3438138,435752248,27600,88385,570083,436322331
2019-08-12,2012311,432975116,6000,93085,612499,433587615
2019-08-13,5670981,434889925,2600,73085,469206,435359131
2019-08-14,7376261,437181825,10000,81785,523424,437705249
2019-08-15,4858560,437522136,0,65885,423641,437945777
2019-08-16,3299733,436281225,21800,87685,567322,436848547
2019-08-19,20868246,450709237,0,77685,522820,451232057
2019-08-20,9884972,453384478,10000,77685,512721,453897199
2019-08-21,7531589,458130933,0,66785,436106,458567039
2019-08-22,4598102,453561307,61800,128585,835803,454397110
2019-08-23,3474481,454464023,0,66785,430763,454894786
2019-08-26,5149573,452527349,0,65885,421664,452949013
2019-08-27,8682473,425710896,100,64685,415925,426126821
2019-08-28,5707789,422862156,0,64585,414636,423276792
2019-08-29,4628796,413672995,63900,126485,808239,414481234
2019-08-30,5782300,412874353,1300,63885,406309,413280662
2019-09-02,6892559,405915219,3800,61785,395424,406310643
2019-09-03,2787326,405239364,2000,59985,383904,405623268
2019-09-04,18077483,417849389,7700,67685,446721,418296110
2019-09-05,22656155,419101500,0,67685,442660,419544160
2019-09-06,5521609,417313211,18200,85885,561688,417874899
2019-09-09,10414496,414602985,0,85585,574275,415177260
2019-09-10,5230565,404471781,0,85585,587113,405058894
2019-09-11,5137964,402888933,0,85585,586257,403475190
2019-09-12,4773301,389545683,0,75885,535748,390081431
2019-09-16,4296020,380729563,20900,96785,679431,381408994
2019-09-17,8347761,381791676,20000,105585,733816,382525492
2019-09-18,3725652,377858565,1800,79485,561959,378420524
2019-09-19,3762237,375581869,35300,112985,788635,376370504
2019-09-20,4172044,374681548,10000,122985,865814,375547362
2019-09-23,6536052,375219476,9000,105985,739775,375959251
2019-09-24,5992869,376148103,0,105985,734476,376882579
2019-09-25,3731533,373214536,1500,94485,639663,373854199
2019-09-26,2395436,369443022,0,91385,613193,370056215
2019-09-27,3657462,369825801,0,89885,603128,370428929
2019-09-30,2537156,368340078,3100,67385,456196,368796274
2019-10-08,9844283,372371245,43700,111085,782038,373153283
2019-10-09,26242495,382587844,8600,96285,707695,383295539
2019-10-10,11374004,373105285,19400,88285,659489,373764774
2019-10-11,17937034,375257794,31600,90585,688446,375946240
2019-10-14,10042276,366273408,41400,126885,987165,367260573
2019-10-15,4936067,355602211,2100,109085,847590,356449801
2019-10-16,10520035,360111781,27000,114585,889180,361000961
2019-10-17,6503351,359641816,0,106985,820575,360462391
2019-10-18,7717224,353772139,1200,76585,572090,354344229
2019-10-21,8782534,356099037,78300,143485,1070398,357169435
2019-10-22,8056433,355344514,6400,135285,1009226,356353740
2019-10-23,7673386,352081663,8700,143685,1054648,353136311
2019-10-24,5039972,350982253,100,140385,1031830,352014083
2019-10-25,10145433,352678546,2000,141985,1071987,353750533
2019-10-28,10486469,353217560,0,139985,1042888,354260448
2019-10-29,10539672,349906145,100,140085,1021220,350927365
2019-10-30,4546032,347141672,2500,140385,1031830,348173502
2019-10-31,16105439,351215744,6100,146485,1125005,352340749
2019-11-01,21572986,360400794,6000,144885,1056212,361457006
2019-11-04,16326615,368830185,16700,153985,1094833,369925018
2019-11-05,9800652,365972025,0,149385,1081547,367053572
2019-11-06,4838498,367081691,4700,151085,1078747,368160438
2019-11-07,4285221,362849548,0,108785,775637,363625185
2019-11-08,6638739,365824611,17000,116785,830341,366654952
2019-11-11,5062179,362485289,3000,69400,479554,362964843
2019-11-12,3129110,360258964,9400,78800,546872,360805836
2019-11-13,2837517,359744164,0,64900,445863,360190027
2019-11-14,5235567,358431491,62100,85000,599250,359030741
2019-11-15,7220657,363199684,800,30900,213210,363412894
2019-11-18,2899752,361959025,15900,46800,325728,362284753
2019-11-19,11626185,363774351,10900,44700,321840,364096191
2019-11-20,1716494,354490636,6900,51600,369456,354860092
2019-11-21,2699290,354599056,0,40800,291312,354890368
2019-11-22,5213941,355130171,1000,34800,248820,355378991
2019-11-25,10703345,358964743,6300,41100,294276,359259019
2019-11-26,7305413,360551362,0,36000,253080,360804442
2019-11-27,2915467,359287417,4200,40200,284616,359572033
2019-11-28,11824503,364810462,15900,54500,374960,365185422
2019-11-29,6546765,359721151,19700,64200,442338,360163489
2019-12-02,3827527,357888987,43800,88600,620200,358509187
2019-12-03,6886954,361331197,6000,51600,356556,361687753
2019-12-04,9724579,361981824,0,51400,344380,362326204
2019-12-05,5430585,363472467,10200,61600,413336,363885803
2019-12-06,2217217,360038303,0,55600,378080,360416383
2019-12-09,4012347,359966670,5600,61200,417384,360384054
2019-12-10,7481849,362182515,30400,86500,589930,362772445
2019-12-11,6201689,362642548,5000,87900,602115,363244663
2019-12-12,2625544,360856244,2700,90600,613362,361469606
2019-12-13,13872339,365999733,3100,87200,604296,366604029
2019-12-16,13192165,363816911,1500,88700,630657,364447568
2019-12-17,12209916,360739974,1700,90400,653592,361393566
2019-12-18,15676127,364437161,200,86200,620640,365057801
2019-12-19,11204257,369410646,0,53200,380912,369791558
2019-12-20,7539741,372078316,0,51200,367104,372445420
2019-12-23,6959329,370191439,19500,69700,483718,370675157
2019-12-24,4352460,367101783,4900,68900,478166,367579949
2019-12-25,6700539,365378236,100,69000,470580,365848816
2019-12-26,13972983,372660700,12600,81600,565488,373226188
2019-12-27,8684373,372679023,1800,77900,536731,373215754
2019-12-30,11895797,373261511,12800,90700,651226,373912737
2019-12-31,6336218,368858872,12100,99600,715128,369574000
2020-01-02,4709536,359146594,88600,174200,1261208,360407802
2020-01-03,9112774,359614087,4700,178500,1294125,360908212
2020-01-06,17564922,367969741,7400,180700,1275742,369245483
2020-01-07,15868987,375157716,13700,192200,1379996,376537712
2020-01-08,9413201,376205369,2100,194300,1360100,377565469
2020-01-09,12285244,379007077,1400,195700,1389470,380396547
2020-01-10,6864674,381817269,8900,120600,847818,382665087
2020-01-13,7153647,379084865,4600,97200,693036,379777901
2020-01-14,41017439,383719418,0,96300,690471,384409889
2020-01-15,14717603,390205198,0,96200,681096,390886294
2020-01-16,6326734,387753755,0,96100,677505,388431260
2020-01-17,15651690,386568738,11700,94100,653995,387222733
2020-01-20,18593843,390401184,4100,96000,648000,391049184
2020-01-21,9252233,388238982,4200,94800,618096,388857078
2020-01-22,8119308,389596050,0,71100,466416,390062466
2020-01-23,8338488,388140425,100,71200,451408,388591833
2020-02-03,608686,380115872,0,64700,369437,380485309
2020-02-04,10693397,369945198,0,64700,345498,370290696
2020-02-05,13452894,375418257,0,64700,351321,375769578
2020-02-06,10743138,377281921,0,63400,347432,377629353
2020-02-07,5932621,375728334,30200,93600,511056,376239390
2020-02-10,15201662,377808892,100,93700,524720,378333612
2020-02-11,7251118,373916603,0,87800,492558,374409161
2020-02-12,9962713,370175897,0,87100,487760,370663657
2020-02-13,17405461,371406432,5400,92500,534650,371941082
2020-02-14,54678729,403807907,11100,101300,625021,404432928
2020-02-17,31783062,410231833,30200,123200,751520,410983353
2020-02-18,16113779,402837359,50300,143200,857768,403695127
2020-02-19,7480511,396588366,24800,162700,971319,397559685
2020-02-20,17403783,390492141,35600,193300,1157867,391650008
2020-02-21,14560018,384422694,10700,189600,1128120,385550814
2020-02-24,14480608,376956443,7000,191600,1118944,378075387
2020-02-25,15835130,369997322,31000,214500,1244100,371241422
2020-02-26,18962492,368520132,12700,218200,1287380,369807512
2020-02-27,9089446,365839431,5200,202400,1182016,367021447
2020-02-28,11435107,365667442,17400,212900,1187982,366855424
2020-03-02,17724161,366065462,12900,169600,990464,367055926
2020-03-03,15234079,374301324,5000,140500,823330,375124654
2020-03-04,24968316,378487393,4000,133400,804402,379291795
2020-03-05,23942160,381514423,32200,163200,995520,382509943
2020-03-06,11843885,377850072,12200,161000,954730,378804802
2020-03-09,9673114,378763633,31600,187100,1073954,379837587
2020-03-10,7582769,376431704,0,186600,1086012,377517716
2020-03-11,10678305,379645019,22600,209200,1209176,380854195
2020-03-12,5296794,374198383,65000,270000,1541700,375740083
2020-03-13,7969889,369297413,62900,267800,1488968,370786381
2020-03-16,5719658,367151012,104900,308600,1681870,368832882
2020-03-17,5288707,369412619,60700,298100,1618683,371031302
2020-03-18,6231259,368092801,77200,314600,1670525,369763326
2020-03-19,4928544,367356986,107400,354800,1859152,369216138
2020-03-20,7515118,368289730,73300,333000,1794870,370084600
2020-03-23,1696882,358715188,53400,327200,1704712,360419900
2020-03-24,2038631,353400422,14700,314300,1659504,355059926
2020-03-25,4673967,352998349,74900,362200,1981234,354979583
2020-03-26,3273007,352107240,96300,398400,2179248,354286488
2020-03-27,6659142,351044082,54400,350600,1935312,352979394
2020-03-30,3559794,351777372,77700,394900,2171950,353949322
2020-03-31,8161302,352560793,97400,457100,2459198,355019991
2020-04-01,2818922,350384632,5800,405100,2163234,352547866
2020-04-02,3671957,352022181,49200,432000,2332800,354354981
2020-04-03,4071055,350661946,162400,558300,2998071,353660017
2020-04-07,2895063,343034635,23300,526300,2878861,345913496
2020-04-08,3221544,343107768,111100,627100,3423966,346531734
2020-04-09,6032762,345258450,77126,704126,3830445,349088895
2020-04-10,3488373,340717992,18700,722026,3870059,344588051
2020-04-13,3547437,342912345,32100,750626,3963305,346875650
2020-04-14,1545023,340886324,14600,759226,4145374,345031698
2020-04-15,1823837,338344241,12500,771626,4151348,342495589
2020-04-16,2114192,338598783,114100,805026,4331040,342929823
2020-04-17,4450333,339292889,58045,825671,4450367,343743256
2020-04-20,2770178,339815671,62300,887971,4741765,344557436
2020-04-21,3057780,339687043,76200,964171,5110106,344797149
2020-04-22,2005392,338791451,112000,1036871,5526522,344317973
2020-04-23,5134493,339251308,13300,1045171,5528955,344780263
2020-04-24,3589727,336626941,43500,1074871,5589329,342216270
2020-04-27,4744095,338026137,23000,1071571,5561453,343587590
2020-04-28,2055399,337538921,150800,1035871,5324377,342863298
2020-04-29,6390643,336996493,57500,1072971,5686746,342683239
2020-04-30,8210296,330222397,39600,1051171,5665812,335888209
2020-05-06,8648074,325295013,157400,1125971,5933867,331228880
2020-05-07,7515808,328689770,137100,1262771,6541154,335230924
2020-05-08,2842101,325442381,34400,1294871,6759227,332201608
2020-05-11,2295820,322297388,142071,1418642,7376938,329674326
2020-05-12,2118374,320354110,60300,1467840,7588733,327942843
2020-05-13,5910895,322901314,110400,1577340,8139074,331040388
2020-05-14,3377126,324056265,80600,1621540,8399577,332455842
2020-05-15,2034333,323257737,113400,1728140,9020891,332278628
2020-05-18,4274120,321874741,63100,1766640,9115862,330990603
2020-05-19,1535193,321301370,135300,1882840,9715454,331016824
2020-05-20,3502178,320288422,49100,1889040,9671885,329960307
2020-05-21,3397277,319056771,57700,1927040,9847175,328903946
2020-05-22,5072727,321028161,124500,2036240,10201563,331229724
2020-05-25,2056485,320340805,77700,2055240,10214543,330555348
2020-05-26,4587361,322609813,13700,1966840,9873536,332483349
2020-05-27,5813217,327439242,98400,1976740,9745328,337184570
2020-05-28,2910253,326132802,65700,1936940,9529744,335662546
2020-05-29,2272188,326947480,0,1936740,9490026,336437506
2020-06-01,3242922,321844169,5100,1932340,9681024,331525193
2020-06-02,3056024,317806357,36100,1834340,9373478,327179835
2020-06-03,1867250,313426926,1700,1764040,9014245,322441171
2020-06-04,1539714,310934664,2800,1699340,8649640,319584304
2020-06-05,2011927,311115809,129900,1774840,9033935,320149744
2020-06-08,1994899,310440432,63400,1822040,9328845,319769277
2020-06-09,1923376,311074251,4100,1772740,8987792,320062043
2020-06-10,2718584,312752514,15100,1683440,8467703,321220217
2020-06-11,5142610,315914091,2100,1549440,7747200,323661291
2020-06-12,3617511,317510375,12200,1544071,7720355,325230730
2020-06-15,1012618,315664155,32500,1496171,7495817,323159972
2020-06-16,1352856,314709780,13400,1500071,7620361,322330141
2020-06-17,4088366,317257101,99600,1563921,7929080,325186181
2020-06-18,5363198,319647686,80200,1535121,7859820,327507506
2020-06-19,3677319,315656687,89853,1315874,6776752,322433439
2020-06-22,4335115,314173446,61800,1240974,6391017,320564463
2020-06-23,5438255,317209094,181600,1314174,6649720,323858814
2020-06-24,1797100,314684838,181200,1361174,6914764,321599602
2020-06-29,3525747,316463350,38100,1318474,6605556,323068906
2020-06-30,1264678,316156448,135700,1392574,7088202,323244650
2020-07-01,18589443,328009306,315100,1683374,8888215,336897521
2020-07-02,16246513,326691119,102800,1707674,9238517,335929636
2020-07-03,18035295,317542772,122600,1627474,8772086,326314858
2020-07-06,25353910,316284324,161200,1696274,9821427,326105751
2020-07-07,24620914,324933720,193100,1660974,9467552,334401272
2020-07-08,43825221,349073991,141700,1702874,9723411,358797402
2020-07-09,29886492,350173605,160000,1680674,9680682,359854287
2020-07-10,83338481,395548022,259900,1911674,11565629,407113651
2020-07-13,96579457,424766380,351100,2188074,13762986,438529366
2020-07-14,48289420,394785397,243300,2249274,14260397,409045794
2020-07-15,29932409,392803968,186600,2352874,14329003,407132971
2020-07-16,27200045,396982433,210900,2425829,14142584,411125017
2020-07-17,10217651,390413643,85900,2427129,13519109,403932752
2020-07-20,13561261,392419840,184300,2573929,14825831,407245671
2020-07-21,7810670,386442366,68900,2616029,14911365,401353731
2020-07-22,17347989,394352255,82390,2550819,14667210,409019465
2020-07-23,6989742,386012180,143600,2650519,15028444,401040624
2020-07-24,6584008,381689097,106400,2399119,13051207,394740304
2020-07-27,7963905,383591953,186138,2223857,11986590,395578543
2020-07-28,4042075,378154294,296890,2491147,13477107,391631401
2020-07-29,12021979,375699874,251499,2582646,14256206,389956080
2020-07-30,8730509,375435090,111900,2692146,14699116,390134206
2020-07-31,12233355,365031900,146500,2776546,15215472,380247372
2020-08-03,18607357,372489923,84900,2799646,15873993,388363916
2020-08-04,15984023,372020764,79800,2799546,16209372,388230136
2020-08-05,13795549,376093572,101000,2883746,16552702,392646274
2020-08-06,10355565,376061613,113000,2978093,17153815,393215428
2020-08-07,6347968,375631804,33200,3008593,16938379,392570183
2020-08-10,12434876,375360470,17000,2991693,17291985,392652455
2020-08-11,14612601,381156897,6000,2950193,16609587,397766484
2020-08-12,3349303,379039244,7200,2951493,16616906,395656150
2020-08-13,1849546,378423817,19300,2803693,15784792,394208609
2020-08-14,4467872,379077628,2400,2628493,14903555,393981183
2020-08-17,19081953,384185659,17000,2584293,14963057,399148716
2020-08-18,19670406,394431367,314178,2867471,16631331,411062698
2020-08-19,9093843,396860102,55000,2900971,16622565,413482667
2020-08-20,7559726,398064022,25300,2769471,15869070,413933092
2020-08-21,7869008,400772437,47600,2766271,15712419,416484856
2020-08-24,10145411,397869848,151000,2732871,15468049,413337897
2020-08-25,6658571,397005202,4500,2465256,13657519,410662721
2020-08-26,4176166,392861011,16300,2455856,13408973,406269984
2020-08-27,8715024,388263831,34100,2397456,13042161,401305992
2020-08-28,8730661,387535965,6500,2295756,12879191,400415156
2020-08-31,7423091,383804436,121200,2363956,12930840,396735276
2020-09-01,5300580,383377184,31700,2223378,12228579,395605763
2020-09-02,7676580,380635731,135600,2334178,12604561,393240292
2020-09-03,5270934,382683596,48200,2376078,12640735,395324331
2020-09-04,6188955,386359357,37000,2338578,12371078,398730435
2020-09-07,4637953,387931420,20100,2290778,11912046,399843466
2020-09-08,6212382,388419013,8200,2199878,11417367,399836380
2020-09-09,10675049,391885703,94500,2242578,11594128,403479831
2020-09-10,5661217,394387189,40800,2171378,11204310,405591499
2020-09-11,3986528,394542124,46800,2198278,11211218,405753342
2020-09-14,7773611,386431791,49500,2247178,11376820,397808611
2020-09-15,4067494,387328455,93500,2239578,11354661,398683116
2020-09-16,3324040,384359314,0,2224878,11391376,395750690
2020-09-17,3222522,379190861,28600,2049488,10370409,389561270
2020-09-18,7163971,377975501,16800,2060388,10672810,388648311
2020-09-21,11215796,381327023,115700,2153888,11049446,392376469
2020-09-22,4367580,382048744,57700,2201688,11074491,393123235
2020-09-23,5102368,364541458,48700,2245488,11160076,375701534
2020-09-24,15590535,374021281,68723,2254311,10798150,384819431
2020-09-25,8479705,367217914,92000,2268711,10594880,377812794
2020-09-28,3000626,361538535,39900,2271188,10833567,372372102
2020-09-29,6055133,363024981,48200,2159588,10106872,373131853
2020-09-30,3683149,363616961,310900,2459488,11412024,375028985
2020-10-09,2646988,357228814,150800,2469588,11607064,368835878
2020-10-12,13824792,350713639,65600,2491188,12331381,363045020
2020-10-13,5093726,350977257,155900,2646988,12970241,363947498
2020-10-14,7369949,355363049,67000,2689188,12908102,368271151
2020-10-15,4817523,353381092,32992,2649180,12583606,365964698
2020-10-16,2199994,354463369,69300,2688680,12663683,367127052
2020-10-19,5191091,353808411,185900,2803880,13262353,367070764
2020-10-20,1958584,353254400,27500,2817880,13413109,366667509
2020-10-21,5035128,355070773,72900,2850527,13568509,368639282
2020-10-22,1695369,352230211,7100,2853627,13697410,365927621
2020-10-23,9798222,352884089,65700,2892627,13884610,366768699
2020-10-26,2104349,349921622,33800,2910327,13794950,363716572
2020-10-27,3883953,351178200,16300,2873327,13475903,364654103
2020-10-28,5363684,347063262,65900,2938827,13694934,360758196
2020-10-29,1239497,345479357,38400,2946627,13731282,359210639
2020-10-30,1943999,344408368,9900,2928527,13354083,357762451
2020-11-02,5126842,346396604,2800,2920627,13288854,359685458
2020-11-03,1403262,344598825,27500,2937627,13601214,358200039
2020-11-04,2424354,346119897,1200,2832427,13029164,359149061
2020-11-05,5864280,346015877,8900,2829027,13268136,359284013
2020-11-06,2075988,345104073,9100,2824227,13217383,358321456
2020-11-09,3576601,343920266,165100,2910527,13737687,357657953
2020-11-10,4344434,344110280,94200,2979927,14273851,358384131
2020-11-11,2569196,342552711,0,2894127,13747104,356299815
2020-11-12,2711858,343082015,9900,2903927,13822693,356904708
2020-11-13,2041676,342840415,40100,2934127,13937104,356777519
2020-11-16,2176313,343344595,2700,2918327,13978787,357323382
2020-11-17,2902324,334385649,38800,2885327,14080395,348466044
2020-11-18,4991504,336067835,19900,2676227,13006463,349074298
2020-11-19,2468101,334318312,11800,2616027,12635411,346953723
2020-11-20,6008612,337494741,47700,2614227,12652858,350147599
2020-11-23,4373042,339553983,8500,2594027,12606971,352160954
2020-11-24,2798204,338107590,5700,2438023,11726892,349834482
2020-11-25,8593797,344822404,300,2381223,11382247,356204651
2020-11-26,1299751,344600167,21200,2315327,11113570,355713737
2020-11-27,4995023,342860330,28900,2293627,11124091,353984421
2020-11-30,8335387,347000693,200,2176827,10361697,357362390
2020-12-01,3120732,341209656,0,1881872,9183535,350393191
2020-12-02,28095137,360973753,5800,1610477,7955756,368929509
2020-12-03,8448224,363723504,3000,1000485,4922386,368645890
2020-12-04,4060607,363117590,28600,808400,3936908,367054498
2020-12-07,4946702,361747995,7000,596700,2840292,364588287
2020-12-08,1230748,361242358,16700,434500,2072565,363314923
2020-12-09,2055149,361391530,4600,428500,2013950,363405480
2020-12-10,2749642,362460515,0,428500,2013950,364474465
2020-12-11,2148530,359549188,16100,418200,1923720,361472908
2020-12-14,3050257,361505304,6300,423400,1960342,363465646
2020-12-15,566652,361027526,50746,442246,2038754,363066280
2020-12-16,247900,360388460,32900,475046,2194713,362583173
2020-12-17,1972280,356011647,94600,569646,2637461,358649108
2020-12-18,912109,354728195,172100,740646,3399565,358127760
2020-12-21,3851158,355609662,79400,796646,3672538,359282200
2020-12-22,2637695,354756422,209800,989846,4484002,359240424
2020-12-23,2644185,354732132,99400,1089246,4868930,359601062
2020-12-24,4790681,357534340,153831,1223677,5310758,362845098
2020-12-25,2029846,353378519,201560,1424837,6283532,359662051
2020-12-28,2092630,353578164,197100,1613337,7034150,360612314
2020-12-29,1942341,354455124,64300,1646037,7242563,361697687
2020-12-30,1870360,355212087,76699,1705236,7468934,362681021
2020-12-31,1524090,353052088,147400,1846536,8124759,361176847
2021-01-04,3740922,351460366,174900,2009836,8742787,360203153
2021-01-05,3172469,351674403,115900,2125736,9225694,360900097
2021-01-06,2880614,351443609,50500,2160336,9375858,360819467
2021-01-07,5158810,350954889,112300,2266705,9384158,360339047
2021-01-08,1081080,347639119,31100,2277505,9702172,357341291
2021-01-11,2228306,346645452,17400,2149105,9004750,355650202
2021-01-12,1472596,345793960,3347,1985292,8278668,354072628
2021-01-13,5179615,341289655,54700,2007192,8209415,349499070
2021-01-14,3703270,339773959,31000,2032492,8536466,348310425
2021-01-15,1850015,340014892,19600,2002492,8450516,348465408
2021-01-18,1787593,339464923,63900,2027192,8615567,348080490
2021-01-19,5227366,341826503,50500,2077392,9078203,350904706
2021-01-20,3229295,342463615,20100,2089292,8879492,351343107
2021-01-21,2465021,341864504,12500,2091492,8867926,350732430
2021-01-22,2475607,340978810,13800,2105192,8694443,349673253
2021-01-25,2912687,340349211,3100,2108292,8517500,348866711
2021-01-26,2498701,339627163,132600,2240792,9142432,348769595
2021-01-27,3549218,342174939,51700,2292492,9307518,351482457
2021-01-28,1082194,341360899,8400,2264192,9192620,350553519
2021-01-29,1327813,339903525,30400,2285292,9209726,349113251
2021-02-01,6771975,326087614,48000,2330192,8575106,334662720
2021-02-02,4256568,326978789,51100,2381192,8596103,335574892
2021-02-03,1271154,324440699,4300,2379492,8542376,332983075
2021-02-04,1138170,321551907,0,2334992,8242521,329794428
2021-02-05,2448247,321888774,49800,2356892,8508380,330397154
2021-02-08,2017413,320867047,53100,2408492,8670571,329537618
2021-02-09,556277,318271694,14600,2305892,8208975,326480669
2021-02-10,1091094,317118313,31500,2318492,8323386,325441699
2021-02-18,4000252,316447215,42600,2293692,8555471,325002686
2021-02-19,2038279,314016400,71400,2276392,9037277,323053677
2021-02-22,3266495,309548483,14100,2207892,9317304,318865787
2021-02-23,3321987,309340775,359900,2562392,10326439,319667214
2021-02-24,2736862,308741234,128000,2688192,11075352,319816586
2021-02-25,11694657,313599850,90100,2735892,11928490,325528340
2021-02-26,2924142,313099657,114003,2848795,12021915,325121572
2021-03-01,4197213,313852822,104000,2952395,12341011,326193833
2021-03-02,2093248,313367239,1700,2953095,12314407,325681646
2021-03-03,797592,309869330,19100,2650395,11105156,320974486
2021-03-04,1271573,307780385,0,2616295,10936113,318716498
2021-03-05,1372781,306742498,50000,2666295,11118451,317860949
2021-03-08,2043334,306754567,4800,2652295,10927456,317682023
2021-03-09,2832365,306491168,41700,2677095,10922548,317413716
2021-03-10,1769730,306930235,16100,2638695,10581166,317511401
2021-03-11,3470864,307501654,63700,2701895,10834598,318336252
2021-03-12,2668732,304980067,28100,2724495,10761756,315741823
2021-03-15,4932863,306939869,200,2719395,10931968,317871837
2021-03-16,2375472,303894711,0,2617095,10730090,314624801
2021-03-17,2497537,304975576,18300,2600295,10635206,315610782
2021-03-18,1311666,304398508,26800,2618695,10579528,314978036
2021-03-19,2198563,303256436,26200,2639495,10557980,313814416
2021-03-22,623055,301788699,0,2614695,10563368,312352067
2021-03-23,784791,301462213,13200,2625395,10554088,312016301
2021-03-24,1144279,300624861,1100,2598095,10340418,310965279
2021-03-25,1211775,301025773,5300,2538295,10051648,311077421
2021-03-26,443040,300959427,135900,2666895,10614242,311573669
2021-03-29,3598767,302197948,99300,2646795,10375436,312573384
2021-03-30,1206921,302600519,35500,2658895,10316512,312917031
2021-03-31,1758599,302426872,68000,2690295,10384539,312811411
2021-04-01,1535265,300902114,105300,2768895,10937136,311839250
2021-04-02,1736936,299552839,27000,2779195,10977821,310530660
2021-04-06,1670769,300070087,29000,2800895,10979508,311049595
2021-04-07,2315468,301379147,45400,2843295,11202582,312581729
2021-04-08,1610516,300035230,300,2822995,10981451,311016681
2021-04-09,713598,298793644,66300,2886695,11171510,309965154
2021-04-12,1370504,299260037,50500,2896995,11356220,310616257
2021-04-13,1241094,298944573,65000,2895595,11292820,310237393
2021-04-14,818945,297398471,91600,2977595,11612620,309011091
2021-04-15,690541,297049666,70000,2991895,11638472,308688138
2021-04-16,783423,296362189,40200,2988595,11775064,308137253
2021-04-19,2621907,298169516,2700,2990695,11723524,309893040
2021-04-20,1269207,297384652,50100,3027995,11718341,309102993
2021-04-21,172069,296617789,39500,3067495,11901880,308519669
2021-04-22,962433,296703924,6700,3048395,11736321,308440245
2021-04-23,1692697,296482975,57700,3106095,11865283,308348258
2021-04-26,1510758,295679852,69810,3135505,11914919,307594771
2021-04-27,9093293,298871380,137800,3255805,11590666,310462046
2021-04-28,1453509,296873425,43100,3146005,11357078,308230503
2021-04-29,1116031,292186787,32500,3171405,11734198,303920985
2021-04-30,947285,291140248,29400,3186305,11630014,302770262
2021-05-06,482179,289873750,23200,3209105,11777415,301651165
2021-05-07,953123,288988786,56700,3265605,12082738,301071524
2021-05-10,822818,288115811,45000,3283705,12182545,300298356
2021-05-11,1888103,288641604,14700,3232305,12315081,300956685
2021-05-12,2690202,287945672,0,3117505,12064745,300010417
2021-05-13,1458125,286569550,57900,3123805,12026650,298596200
2021-05-14,1069764,284703533,104600,3227405,12651427,297354960
2021-05-17,2229237,285378156,27200,3251305,12582551,297960707
2021-05-18,867496,284039464,14500,3211605,12461027,296500491
2021-05-19,752548,280553032,0,3134605,12036883,292589915
2021-05-20,775236,279795022,200,3101605,11693050,291488072
2021-05-21,2509862,280058830,11500,3050605,11805842,291864672
2021-05-24,4482784,282802342,31700,3018805,11652588,294454930
2021-05-25,1742239,281356814,24300,2976905,11550391,292907205
2021-05-26,2108461,281718500,8500,2879605,11230459,292948959
2021-05-27,2458111,282238696,1700,2805105,10967961,293206657
2021-05-28,1855889,281894334,10500,2803605,10962096,292856430
2021-05-31,2957595,283469351,2300,2733105,10686441,294155792
2021-06-01,1672220,276904172,15000,2694205,10561283,287465455
2021-06-02,1737806,276864613,4200,2305505,8991469,285856082
2021-06-03,5617779,279259646,0,2130959,8438598,287698244
2021-06-04,3173460,280781849,16400,1890349,7315651,288097500
2021-06-07,1111945,279070779,31000,1716049,6606789,285677568
2021-06-08,893659,278987562,0,1448549,5547942,284535504
2021-06-09,1330973,278278175,13500,1174300,4532798,282810973
2021-06-10,5961114,282993220,15400,1189300,4590698,287583918
2021-06-11,1558912,281588452,0,1157800,4411218,285999670
2021-06-15,698908,281270362,0,1155400,4355858,285626220
2021-06-16,157810,280879291,253000,1384300,5288026,286167317
2021-06-17,1165263,280826467,143100,1524600,5732496,286558963
2021-06-18,1262062,281679444,251500,1737700,6568506,288247950
2021-06-21,2386993,283415401,150600,1884800,6898368,290313769
2021-06-22,1470678,283649614,158199,2037699,7539486,291189100
2021-06-23,1131165,283078934,176800,2210199,8244042,291322976
2021-06-24,951862,282777725,317400,2500799,9327980,292105705
2021-06-25,2540220,284217993,133500,2633199,9769168,293987161
2021-06-28,3895332,285658345,116100,2747399,10082954,295741299
2021-06-29,639320,284709372,194100,2845599,10329524,295038896
2021-06-30,3639739,286580268,126600,2972199,10699916,297280184
2021-07-01,3869418,288362806,49400,2993499,10896336,299259142
2021-07-02,1117347,287931546,23800,3011499,10781166,298712712
2021-07-05,462929,286535365,11800,3005599,10940380,297475745
2021-07-06,945698,285700868,10500,3011299,11051467,296752335
2021-07-07,1060343,286179381,136700,2940699,10615923,296795304
2021-07-08,582406,282930969,36100,2973799,10675938,293606907
2021-07-09,1467529,283327452,115000,3084799,11074428,294401880
2021-07-12,4776590,286559728,39100,3123799,11214438,297774166
2021-07-13,2078680,286990057,23800,3147299,11330276,298320333
2021-07-14,1234554,287579130,18300,3165599,11301188,298880318
2021-07-15,2283684,288163919,14100,3173299,11265211,299429130
2021-07-16,4317410,290548770,116300,3289599,11743868,302292638
2021-07-19,2109712,291946264,68600,3358199,11854442,303800706
2021-07-20,1066919,291803798,31300,3375199,11880700,303684498
2021-07-21,3475544,293578911,4100,3351399,11830438,305409349
2021-07-22,835278,294137908,25700,3376999,11887036,306024944
2021-07-23,1854630,292512149,10300,3336299,11710409,304222558
2021-07-26,3705572,290483494,31500,3367799,11383161,301866655
2021-07-27,2624023,287041820,2400,3366799,11043101,298084921
2021-07-28,910431,286262415,41400,3357499,11146897,297409312
2021-07-29,3010520,282095388,19500,3376999,11042787,293138175
2021-07-30,3530478,281950996,47500,3422399,11054349,293005345
2021-08-02,758943,278048317,88300,3510499,11479332,289527649
2021-08-03,360092,277333042,51400,3550799,11611113,288944155
2021-08-04,1402143,277455744,13100,3535099,11418370,288874114
2021-08-05,1994731,278974209,61100,3546299,11667324,290641533
2021-08-06,1557444,274245718,68800,3611799,11702229,285947947
2021-08-09,2831283,273382215,21800,3629199,12012649,285394864
2021-08-10,1861337,273006689,15900,3602999,11925927,284932616
2021-08-11,2626398,272813473,31300,3445273,11576118,284389591
2021-08-12,953115,272011835,14800,3391273,11326852,283338687
2021-08-13,715571,269066819,6500,3315473,11007371,280074190
2021-08-16,841260,269418075,12500,3179073,10681686,280099761
2021-08-17,1995592,269370104,8700,3171473,10561005,279931109
2021-08-18,378791,266733882,4500,3143473,10656374,277390256
2021-08-19,296719,266465905,1600,3061373,10224986,276690891
2021-08-20,137260,265758460,23900,2996473,10038185,275796645
2021-08-23,1302424,259515070,15800,3010173,10144283,269659353
2021-08-24,1082146,259156751,5300,2972399,9987261,269144012
2021-08-25,880912,258371260,22300,2956599,10022871,268394131
2021-08-26,752278,258017867,3000,2908499,9917982,267935849
2021-08-27,806821,257883658,200,2899699,9974965,267858623
2021-08-30,1300385,257577381,70600,2970299,10039611,267616992
2021-08-31,564088,256795281,20100,2945999,10016397,266811678
2021-09-01,4263354,259826056,76600,2967399,10237527,270063583
2021-09-02,2045878,258770100,75500,3042299,10587201,269357301
2021-09-03,1476605,258918316,2700,3034899,10622147,269540463
2021-09-06,1744524,258030986,121600,3156299,11078609,269109595
2021-09-07,4215106,260291663,65100,3218799,11491112,271782775
2021-09-08,3986141,261407306,46610,3255909,11851508,273258814
2021-09-09,4246317,261397486,17500,3271109,11939548,273337034
2021-09-10,3359599,262895646,9700,3235609,11648192,274543838
2021-09-13,1151752,260996078,9300,3129209,11421613,272417691
2021-09-14,1924331,254137167,47000,3088809,10965272,265102439
2021-09-15,7476402,255138118,11800,2982099,10556630,265694748
2021-09-16,1288984,253753645,6500,2905599,10082429,263836074
2021-09-17,1531649,253991780,8900,2885199,10184752,264176532
2021-09-22,6030622,259111692,89000,2921399,10400180,269511872
2021-09-23,2514893,256278328,15200,2923099,10610849,266889177
2021-09-24,1992484,255314395,76937,2901736,10504284,265818679
2021-09-27,1547470,255191916,179465,3052801,10776387,265968303
2021-09-28,4476142,256824077,146800,3150001,11403003,268227080
2021-09-29,3469755,254198495,35400,3167601,11656771,265855266
2021-09-30,8123627,258139785,254708,3403109,12353285,270493070
2021-10-08,6036394,261191186,132200,3522009,12608792,273799978
2021-10-11,5685909,262982930,7600,3522709,12399935,275382865
2021-10-12,3380226,258034728,40100,3552009,12360992,270395720
2021-10-13,1380548,258060183,16400,3566009,12338392,270398575
2021-10-14,2919162,256876412,0,3566009,12088770,268965182
2021-10-15,1393682,257576397,100,3479609,11656691,269233088
2021-10-18,1400217,257507333,0,3444809,11677902,269185235
2021-10-19,398255,256739841,4600,3364409,11472635,268212476
2021-10-20,327931,256032054,5000,3312972,11197846,267229900
2021-10-21,1204940,256554198,65799,3378471,11486802,268041000
2021-10-22,1995778,256893694,61200,3387571,11653246,268546940
2021-10-25,768488,256064967,56300,3433571,11605471,267670438
2021-10-26,2025868,256967716,60600,3488471,11581725,268549441
2021-10-27,737355,256078108,69100,3557471,11810805,267888913
2021-10-28,906273,256182404,17800,3573871,11579343,267761747
2021-10-29,2027866,257413810,2600,3501471,11519840,268933650
2021-11-01,1365530,253755756,2100,3497671,11857105,265612861
2021-11-02,218929,251644759,300,3399571,11524546,263169305
2021-11-03,395725,251673363,5200,3373571,11470142,263143505
2021-11-04,351356,251642271,6200,3322171,11361825,263004096
2021-11-05,363673,250078552,5300,3272371,10995167,261073719
2021-11-08,549955,249781155,52100,3321471,11359431,261140586
2021-11-09,657638,249806079,2200,3242871,10896047,260702126
2021-11-10,578572,248284658,30400,3271571,11188773,259473431
2021-11-11,5147531,251237639,77000,3296071,11569208,262806847
2021-11-12,2255366,249904522,21900,3132071,10743004,260647526
2021-11-15,1706676,251327737,72490,3203961,10893468,262221205
2021-11-16,1550715,250779407,239400,3432261,11772656,262552063
2021-11-17,1651313,251520121,53900,3464961,11815518,263335639
2021-11-18,2114131,253029400,5700,3411661,11429066,264458466
2021-11-19,2197636,253810195,1300,3370323,11425395,265235590
2021-11-22,1548776,254181666,15000,3364323,11270484,265452150
2021-11-23,1556987,253432414,3200,3330523,11123948,264556362
2021-11-24,2014302,253138198,2600,3239923,10918541,264056739
2021-11-25,1067764,253061602,9400,3192123,10693614,263755216
2021-11-26,502362,252753923,3300,3075823,10273250,263027173
2021-11-29,314595,251828661,1900,2884323,9575953,261404614
2021-11-30,2721039,253380643,24828,2704051,9031531,262412174
2021-12-01,685449,252151306,100,2264651,7654521,259805827
2021-12-02,758142,248044617,0,1689144,5726198,253770815
2021-12-03,474038,246392754,0,1383479,4731498,251124252
2021-12-06,849086,246642147,27500,1218417,4142618,250784765
2021-12-07,2197942,246623071,2300,1114017,3832219,250455290
2021-12-08,2849633,248241388,3800,1111717,3835424,252076812
2021-12-09,6572324,252577202,0,1014917,3552210,256129412
2021-12-10,4110586,255722605,35800,983717,3413498,259136103
2021-12-13,432282,254978332,0,922117,3236631,258214963
2021-12-14,1769986,253234942,31000,932617,3245507,256480449
2021-12-15,8445191,256693063,160400,944118,3389384,260082447
2021-12-16,697132,254355160,115800,1046718,3726316,258081476
2021-12-17,2467264,252619514,68800,1089018,3931355,256550869
2021-12-20,17293840,264833667,214400,1268318,4680093,269513760
2021-12-21,27673031,272401227,466400,1628618,6612189,279013416
2021-12-22,23331627,276908681,429830,1943248,7481505,284390186
2021-12-23,7676306,274120986,196200,2123848,7900714,282021700
2021-12-24,5239571,274579225,374000,2483048,9013465,283592690
2021-12-27,2552863,270186242,50000,2480648,9128784,279315026
2021-12-28,1261160,264827061,64900,2534048,9375978,274203039
2021-12-29,1498387,265093708,22600,2499348,9097627,274191335
2021-12-30,2657832,265203170,139500,2599648,9566704,274769874
2021-12-31,7202945,268119853,45300,2638448,9841411,277961264
2022-01-04,6152695,269287160,22300,2613148,9877699,279164859
2022-01-05,6422619,268710793,9500,2537448,9591553,278302346
2022-01-06,2805836,267578943,8100,2545448,9723611,277302554
2022-01-07,9896608,266539120,16400,2552448,9980071,276519191
2022-01-10,12688221,269002731,54200,2586848,10218050,279220781
2022-01-11,10372731,268902039,38000,2564948,10259792,279161831
2022-01-12,3786666,263041996,10800,2514548,9932465,272974461
2022-01-13,3911196,263056594,39000,2487348,9775278,272831872
2022-01-14,2524767,261993122,25700,2468748,9529367,271522489
2022-01-17,2218963,259086316,57900,2518048,9669305,268755621
2022-01-18,2160258,255125202,15900,2518148,9745232,264870434
2022-01-19,1804312,250521309,11600,2475648,9655027,260176336
2022-01-20,5709748,250880881,25400,2489548,9709237,260590118
2022-01-21,1906305,248671459,13000,2443948,9604716,258276175
2022-01-24,2363964,248830422,17600,2378048,9250607,258081029
2022-01-25,2635793,248647917,17400,2333148,8772636,257420553
2022-01-26,456029,247018835,105500,2407048,9050500,256069335
2022-01-27,1831347,247073640,73700,2429648,8916808,255990448
2022-01-28,1216001,247149606,22100,2378448,8919180,256068786
2022-02-07,3613473,249087041,57700,2424448,9188657,258275698
2022-02-08,10112468,255301554,1134100,3514348,13741100,269042654
2022-02-09,5987682,254697862,3900,2396448,9322183,264020045
2022-02-10,6763087,258882849,3500,2379848,9352803,268235652
2022-02-11,3144443,258031499,16400,2394748,9459255,267490754
2022-02-14,5312822,261597014,200,2317448,8829477,270426491
2022-02-15,3816834,263137227,9100,2313948,8700444,271837671
2022-02-16,1990893,263761355,1500,2307348,8814069,272575424
2022-02-17,1444705,261340770,10300,2309448,8822091,270162861
2022-02-18,7264779,258503888,11100,2217148,8824248,267328136
2022-02-21,11711860,257857201,36500,2145948,9141738,266998939
2022-02-22,7738454,256894417,49800,2168448,8999060,265893477
2022-02-23,5706504,256729736,72200,2189148,9019290,265749026
2022-02-24,5849035,253252553,23500,2174948,8852038,262104591
2022-02-25,8910988,259118027,30400,2183548,8734192,267852219
2022-02-28,5160199,261717201,700,2052348,8086251,269803452
2022-03-01,4590420,262683753,83300,2133348,8426725,271110478
2022-03-02,2482691,260478020,54300,2181748,8617905,269095925
2022-03-03,4438082,261745468,29200,2188848,8777280,270522748
2022-03-04,3107808,262788093,37700,2059548,8176405,270964498
2022-03-07,3903211,262930497,57600,2018948,7995034,270925531
2022-03-08,2908431,260977985,45600,1879848,7218617,268196602
2022-03-09,6267630,261596365,14300,1832848,6983151,268579516
2022-03-10,3148183,262853584,48700,1862348,7058298,269911882
2022-03-11,1911565,260353093,64300,1876248,7242317,267595410
2022-03-14,2321580,259422097,36800,1849848,7103417,266525514
2022-03-15,4778170,257509017,244200,2057048,7137957,264646974
2022-03-16,1542391,256009065,205611,2197859,7912292,263921357
2022-03-17,3883582,256178119,19600,2026359,7558319,263736438
2022-03-18,2557025,254998939,25600,1850759,7069899,262068838
2022-03-21,4888389,254869664,64700,1786148,7001701,261871365
2022-03-22,16083072,262052339,166200,1912248,7821095,269873434
2022-03-23,11548388,256838255,3100,1787148,7559636,264397891
2022-03-24,4349204,246790090,92500,1849048,7599587,254389677
2022-03-25,10640817,250402266,473800,2293048,9470289,259872555
2022-03-28,15792143,257556755,394217,2646665,11354193,268910948
2022-03-29,6456094,254291008,27000,2207065,9269673,263560681
2022-03-30,22025987,263860763,792927,2969592,13719515,277580278
2022-03-31,53401319,286407812,310100,3091065,14497094,300904906
2022-04-01,62405329,306461566,44000,2796465,13730642,320192208
2022-04-06,107731049,348393837,114900,2903665,14895802,363289639
2022-04-07,86668873,369990591,43700,2489665,11850805,381841396
2022-04-08,68087753,337160837,564688,3053653,15237729,352398566
2022-04-11,34224890,315676476,128300,2307455,10591218,326267694
2022-04-12,24868553,308362557,512500,2656255,11820337,320182894
2022-04-13,24323828,307589055,168100,2379655,10161127,317750182
2022-04-14,16355236,302537455,45800,2415955,10654362,313191817
2022-04-15,17119128,301127786,178400,2501867,11033234,312161020
2022-04-18,12384247,287280112,167700,2567667,11092322,298372434
2022-04-19,22037619,296466823,137200,2163067,9625650,306092473
2022-04-20,13654822,294190656,393000,2343067,9864313,304054969
2022-04-21,8444012,284656265,125000,2389167,9556668,294212933
2022-04-22,6245529,279698940,167187,2445383,10050524,289749464
2022-04-25,10456737,281935787,158200,2351396,9052875,290988662
2022-04-26,9301154,285432625,484099,2547695,9604810,295037435
2022-04-27,6729216,283376846,272400,2591695,9589271,292966117
2022-04-28,14837111,286852034,203100,2712495,10334605,297186639
2022-04-29,14819065,287365217,88800,2641866,10382534,297747751
2022-05-05,36553555,309899176,67900,2646566,10956784,320855960
2022-05-06,12728780,313264116,251000,2781666,10431247,323695363
2022-05-09,10833440,291002778,197500,2766866,10624766,301627544
2022-05-10,13087781,298391034,258900,2841766,10940799,309331833
2022-05-11,17398081,302297012,306911,2929877,11016337,313313349
2022-05-12,10659338,306746743,286100,2952877,10837059,317583802
2022-05-13,18137423,299070774,286100,2918877,11646320,310717094
2022-05-16,18851205,302627448,239100,2911187,11644748,314272196
2022-05-17,11386038,306219516,204921,2912908,11272954,317492470
2022-05-18,11579019,307957347,100200,2903008,11060460,319017807
2022-05-19,11369646,306436979,190400,2917108,11347551,317784530
2022-05-20,20121050,312262138,224300,2862608,11106919,323369057
