日期,融资买入额(元),融资余额(元),融券卖出量,融券余量,融券余额(元),融资融券余额(元)
2017-07-12,123196000,2264658835,10300,116400,1631928,2266290763
2017-07-13,82193953,2265192000,35500,142400,1997872,2267189872
2017-07-14,64275392,2266934407,4200,116700,1651305,2268585712
2017-07-17,159057241,2277685581,50200,146700,2075805,2279761386
2017-07-18,143724706,2314415650,29900,155000,2233550,2316649200
2017-07-19,157292437,2332391306,36600,166000,2435220,2334826526
2017-07-20,85560528,2307084541,3500,130460,1904716,2308989257
2017-07-21,166984682,2329341283,154700,267860,4004507,2333345790
2017-07-24,214272489,2386915367,56900,183100,2731852,2389647219
2017-07-25,112324205,2382264410,1200,117900,1724877,2383989287
2017-07-26,127444372,2403111482,18200,135360,1966781,2405078263
2017-07-27,138778858,2379945835,12300,117600,1685208,2381631043
2017-07-28,96260601,2406856330,0,105900,1517547,2408373877
2017-07-31,138271253,2435729876,300,105200,1505412,2437235288
2017-08-01,167396140,2512988029,45000,145700,2109736,2515097765
2017-08-02,204454537,2558369572,45200,145900,2067403,2560436975
2017-08-03,79423625,2494951656,7200,104400,1486656,2496438312
2017-08-04,44965969,2475580968,1000,99400,1415456,2476996424
2017-08-07,51688391,2448354972,4800,104200,1478598,2449833570
2017-08-08,79350764,2483350945,29500,129700,1837849,2485188794
2017-08-09,83288593,2476028247,5800,109700,1553352,2477581599
2017-08-10,181875306,2554739346,16100,118000,1649640,2556388986
2017-08-11,166028616,2613671792,8400,101300,1370589,2615042381
2017-08-14,39433991,2624118842,600,94700,1289814,2625408656
2017-08-15,31488212,2620228629,4100,98200,1337484,2621566113
2017-08-16,56140006,2647710457,104400,198200,2685610,2650396067
2017-08-17,39959529,2646356255,2000,94700,1293602,2647649857
2017-08-18,27152400,2633161960,0,92700,1265355,2634427315
2017-08-21,30154719,2630311237,3200,95900,1316707,2631627944
2017-08-22,30421037,2626502981,40900,136800,1879632,2628382613
2017-08-23,44901471,2588847835,10000,105900,1440240,2590288075
2017-08-24,32165752,2591836964,122600,228500,3098460,2594935424
2017-08-25,43837478,2591686261,3100,142600,1953620,2593639881
2017-08-28,47242115,2578091774,0,142600,1963602,2580055376
2017-08-29,48169602,2562265027,0,138900,1895985,2564161012
2017-08-30,68865771,2536124356,32300,168400,2328972,2538453328
2017-08-31,64132497,2546109492,22800,158900,2186464,2548295956
2017-09-01,48418996,2540010296,70900,229800,3164346,2543174642
2017-09-04,45099609,2529515745,0,158900,2183286,2531699031
2017-09-05,42325094,2535419246,32400,191300,2620810,2538040056
2017-09-06,42670677,2537901252,9300,168200,2302658,2540203910
2017-09-07,38869134,2533685909,5900,164800,2261056,2535946965
2017-09-08,46152704,2540006015,27000,186900,2545578,2542551593
2017-09-11,88000203,2550839240,63600,249000,3441180,2554280420
2017-09-12,161377199,2561774172,194400,379800,5332392,2567106564
2017-09-13,72966916,2572817545,1700,162600,2261766,2575079311
2017-09-14,48321309,2549992333,30400,192600,2667510,2552659843
2017-09-15,80996594,2548037757,1300,162100,2230496,2550268253
2017-09-18,137671040,2557863959,286500,448100,6327172,2564191131
2017-09-19,83721676,2554099644,22600,160700,2240158,2556339802
2017-09-20,120955972,2593009435,27500,175200,2475576,2595485011
2017-09-21,59160317,2571568086,0,159100,2221036,2573789122
2017-09-22,37628529,2543088483,16300,150500,2096465,2545184948
2017-09-25,58743229,2543825912,48000,152900,2094730,2545920642
2017-09-26,25885651,2544092923,200,151600,2086016,2546178939
2017-09-27,45871984,2540258716,77900,223700,3082586,2543341302
2017-09-28,90926847,2543862844,30000,171900,2399724,2546262568
2017-09-29,97582553,2506488785,211200,269300,3815981,2510304766
2017-10-09,313950213,2597127688,177099,411899,6034320,2603162008
2017-10-10,178628010,2603096371,51700,317700,4590765,2607687136
2017-10-11,156241484,2651336440,1200,257200,3680532,2655016972
2017-10-12,95844671,2658433301,54000,310000,4445400,2662878701
2017-10-13,58991853,2633670844,0,249900,3561075,2637231919
2017-10-16,157547841,2619353118,39800,109200,1557192,2620910310
2017-10-17,66583104,2622756351,15700,86300,1217693,2623974044
2017-10-18,54822024,2619187929,20700,107000,1503350,2620691279
2017-10-19,60901048,2621709661,30500,110900,1568126,2623277787
2017-10-20,193863291,2580358604,42200,114900,1646517,2582005121
2017-10-23,89847343,2543485206,15800,96000,1359360,2544844566
2017-10-24,103099552,2404349631,52200,132747,1906247,2406255878
2017-10-25,74845665,2358950101,50000,149947,2145742,2361095843
2017-10-26,206198010,2370958857,34800,126100,1746485,2372705342
2017-10-27,77764918,2365641070,3000,74200,1020992,2366662062
2017-10-30,71608821,2347268654,52800,124000,1680200,2348948854
2017-10-31,47134502,2305984365,33300,105700,1425893,2307410258
2017-11-01,43987259,2296581138,40500,119600,1615796,2298196934
2017-11-02,49397919,2279603458,48800,140300,1905274,2281508732
2017-11-03,31852200,2259030220,33600,79900,1071459,2260101679
2017-11-06,35787315,2265828842,39500,98900,1324271,2267153113
2017-11-07,49646722,2274098500,228000,306200,4109204,2278207704
2017-11-08,60559221,2290003000,38900,127100,1713308,2291716308
2017-11-09,32516142,2270278324,45600,140800,1913472,2272191796
2017-11-10,54466863,2265772747,12700,46600,625838,2266398585
2017-11-13,96013289,2281089213,45800,87100,1177592,2282266805
2017-11-14,118202247,2224762787,52600,99500,1312405,2226075192
2017-11-15,46074504,2219166003,16700,55100,728973,2219894976
2017-11-16,23559493,2208781691,39800,78400,1028608,2209810299
2017-11-17,31834685,2169484828,78000,117400,1544984,2171029812
2017-11-20,28779205,2161809042,9500,59400,780516,2162589558
2017-11-21,53152715,2159735514,39900,93900,1249809,2160985323
2017-11-22,53997855,2158254676,98600,155000,2055300,2160309976
2017-11-23,53361632,2172962286,50500,94700,1239623,2174201909
2017-11-24,28474640,2159076622,14900,59900,795472,2159872094
2017-11-27,32221637,2149965127,34800,88800,1181040,2151146167
2017-11-28,29384318,2149011697,27410,73410,969746,2149981443
2017-11-29,35329967,2147331643,90700,136700,1798972,2149130615
2017-11-30,23176299,2135737912,46400,93500,1228590,2136966502
2017-12-01,47377107,2122016494,155000,196500,2601660,2124618154
2017-12-04,44681222,2113105523,25800,97300,1273657,2114379180
2017-12-05,27096578,2074399278,107400,194200,2553730,2076953008
2017-12-06,25828825,2077732366,50300,208000,2735200,2080467566
2017-12-07,19171538,2077083707,50900,202100,2647510,2079731217
2017-12-08,15462466,2068380934,3200,69600,912456,2069293390
2017-12-11,33103320,2061434132,100900,138700,1835001,2063269133
2017-12-12,24657583,2064244893,36600,74400,974640,2065219533
2017-12-13,21467800,2062739418,2300,34200,448704,2063188122
2017-12-14,32453800,2062186486,0,32400,425736,2062612222
2017-12-15,31380673,2071543028,62400,94800,1239036,2072782064
2017-12-18,59329423,2081839455,142420,194820,2478110,2084317565
2017-12-19,36332460,2084381038,55700,246520,3135734,2087516772
2017-12-20,34177870,2080034698,2500,175900,2196991,2082231689
2017-12-21,39897838,2098659989,34700,92800,1156288,2099816277
2017-12-22,11183019,2092714150,29000,111300,1391250,2094105400
2017-12-25,23468605,2091657664,86500,178600,2250360,2093908024
2017-12-26,17589410,2089810468,8335,172735,2169552,2091980020
2017-12-27,58850305,2109588202,196600,353035,4494136,2114082338
2017-12-28,36520796,2105202636,14000,164400,2074728,2107277364
2017-12-29,21226488,2080096704,0,134400,1693440,2081790144
2018-01-02,43242277,2086206898,95900,220600,2808238,2089015136
2018-01-03,45872559,2052418186,68900,149200,1926172,2054344358
2018-01-04,45048382,2041022639,53800,102600,1316358,2042338997
2018-01-05,50616860,2047817022,85000,133700,1722056,2049539078
2018-01-08,85481534,2052591077,105600,161000,2110710,2054701787
2018-01-09,26151191,2037422661,51700,115700,1512199,2038934860
2018-01-10,46969461,2038667310,2700,72800,950040,2039617350
2018-01-11,38471763,2008391774,63100,100500,1300470,2009692244
2018-01-12,51797874,2004820817,42100,81900,1064700,2005885517
2018-01-15,51066701,1990589147,51700,125100,1597527,1992186674
2018-01-16,41103041,1988373497,75900,153100,1985707,1990359204
2018-01-17,78201542,1974576531,11000,95200,1249024,1975825555
2018-01-18,46997268,1965029324,50000,102200,1341886,1966371210
2018-01-19,61347768,1958976492,42900,95100,1259124,1960235616
2018-01-22,63594538,1942349720,60900,136400,1820940,1944170660
2018-01-23,45893391,1922416431,5000,85500,1136295,1923552726
2018-01-24,56414541,1933577347,2000,73300,971958,1934549305
2018-01-25,57550747,1951357684,13800,83100,1098582,1952456266
2018-01-26,49326962,1939196562,29000,102300,1345245,1940541807
2018-01-29,47506325,1940512310,11800,83200,1094912,1941607222
2018-01-30,48375819,1951883145,11000,61300,797513,1952680658
2018-01-31,46894862,1955564770,89200,137000,1759080,1957323850
2018-02-01,48483629,1951353822,44900,92700,1164312,1952518134
2018-02-02,38600131,1938856081,38500,86800,1103228,1939959309
2018-02-05,26925179,1926544776,0,82800,1057356,1927602132
2018-02-06,29535563,1894252003,20100,102900,1301685,1895553688
2018-02-07,43509636,1889863862,45100,103600,1297072,1891160934
2018-02-08,20796787,1879487616,13500,97000,1212500,1880700116
2018-02-09,39855138,1847694426,69700,143300,1703837,1849398263
2018-02-12,26201286,1847202727,14500,79100,940499,1848143226
2018-02-13,22747176,1842370982,23300,77600,920336,1843291318
2018-02-14,22717715,1823738825,59100,99800,1167660,1824906485
2018-02-22,23466266,1829977411,45100,142100,1689569,1831666980
2018-02-23,23258346,1831153516,48100,140100,1678398,1832831914
2018-02-26,29527924,1813757849,10300,149400,1812222,1815570071
2018-02-27,36578551,1821471937,0,101400,1212744,1822684681
2018-02-28,22720183,1824695813,14000,109000,1306910,1826002723
2018-03-01,33996657,1836069880,5000,111500,1334655,1837404535
2018-03-02,53757707,1834638661,103200,199600,2401188,1837039849
2018-03-05,26723430,1835658953,42000,167860,2022713,1837681666
2018-03-06,31375749,1838312774,33000,160360,1943563,1840256337
2018-03-07,25897578,1829298385,700,149960,1796521,1831094906
2018-03-08,17762356,1818341425,49000,188460,2276597,1820618022
2018-03-09,33521753,1804851178,7500,169060,2052388,1806903566
2018-03-12,55185002,1795189361,25300,190700,2311284,1797500645
2018-03-13,62381937,1778517410,135300,306600,3734388,1782251798
2018-03-14,55147380,1798434343,3000,165800,2002864,1800437207
2018-03-15,26641094,1790257772,165100,297800,3591468,1793849240
2018-03-16,59794396,1782724533,102300,233200,2861364,1785585897
2018-03-19,33630962,1767456508,31800,188500,2290275,1769746783
2018-03-20,38479892,1777799389,21100,173500,2082000,1779881389
2018-03-21,26182852,1773363726,18800,153100,1826483,1775190209
2018-03-22,19801579,1763467405,500,148300,1757355,1765224760
2018-03-23,55658075,1758744324,110500,206900,2309004,1761053328
2018-03-26,19390226,1756995078,66800,199900,2230884,1759225962
2018-03-27,26324722,1762198826,20800,166200,1866426,1764065252
2018-03-28,19757763,1751970460,96100,214400,2371264,1754341724
2018-03-29,20757818,1741467988,17700,156200,1743192,1743211180
2018-03-30,11892465,1729350087,6500,133100,1493382,1730843469
2018-04-02,39766227,1726542337,37700,143700,1638180,1728180517
2018-04-03,14502809,1717403893,43100,165600,1856376,1719260269
2018-04-04,13676033,1698634620,21600,158700,1771092,1700405712
2018-04-09,22052309,1702975315,98900,234200,2590252,1705565567
2018-04-10,26863104,1700555147,140100,282900,3159993,1703715140
2018-04-11,21597994,1697782735,1500,175500,1958580,1699741315
2018-04-12,54124703,1699760448,156536,297936,3390512,1703150960
2018-04-13,21165600,1699165967,2400,167400,1888272,1701054239
2018-04-16,25542969,1693478135,34800,190200,2105514,1695583649
2018-04-17,15978223,1694710880,7300,177800,1943354,1696654234
2018-04-18,17797901,1692838277,29068,141568,1545922,1694384199
2018-04-19,25764684,1705504350,7000,143400,1564494,1707068844
2018-04-20,35965897,1691155564,63200,189100,1989332,1693144896
2018-04-23,30357021,1700409518,7300,158400,1636272,1702045790
2018-04-24,28232501,1706193763,15800,141800,1480392,1707674155
2018-04-25,12783549,1701911026,23800,137000,1431650,1703342676
2018-04-26,12571319,1693620429,6700,94400,978928,1694599357
2018-04-27,11918447,1678907369,63300,139600,1446256,1680353625
2018-05-02,27712502,1680652934,53000,187200,1890720,1682543654
2018-05-03,17451192,1677264324,9300,158900,1619191,1678883515
2018-05-04,6643643,1674609515,5000,157500,1600200,1676209715
2018-05-07,14552350,1669791730,5300,154000,1580040,1671371770
2018-05-08,13273368,1663276800,0,135700,1401781,1664678581
2018-05-09,12675257,1665215684,0,135400,1390558,1666606242
2018-05-10,13855923,1663461799,0,134400,1377600,1664839399
2018-05-11,15983702,1650312410,86900,164500,1699285,1652011695
2018-05-14,15156505,1647522479,0,77000,792330,1648314809
2018-05-15,11751830,1647277822,0,72200,745826,1648023648
2018-05-16,12491030,1642197016,0,42000,433020,1642630036
2018-05-17,32441739,1651331117,85700,127200,1326696,1652657813
2018-05-18,20690790,1653042431,20400,94100,988050,1654030481
2018-05-21,26984379,1644744454,83800,149500,1592175,1646336629
2018-05-22,15298411,1636570188,21600,87700,931374,1637501562
2018-05-23,20931509,1643403821,15000,81700,851314,1644255135
2018-05-24,19982491,1646133188,48300,129000,1327410,1647460598
2018-05-25,17500835,1652213034,38600,157800,1611138,1653824172
2018-05-28,20690780,1662452171,1100,138900,1412613,1663864784
2018-05-29,21114034,1670383871,0,100600,1029138,1671413009
2018-05-30,19654768,1667307575,112060,211560,2121947,1669429522
2018-05-31,14435071,1661415001,0,116600,1182324,1662597325
2018-06-01,7668292,1655132100,2300,101000,1019090,1656151190
2018-06-04,8860166,1651634757,10200,80900,819517,1652454274
2018-06-05,17499309,1655152705,13500,91800,942786,1656095491
2018-06-06,9202962,1654180469,30000,87000,887400,1655067869
2018-06-07,7011457,1644753543,45500,102000,1035300,1645788843
2018-06-08,15976289,1632063536,5100,66400,658024,1632721560
2018-06-11,18233281,1621341037,105100,169400,1644874,1622985911
2018-06-12,12443501,1618005433,4000,141100,1375725,1619381158
2018-06-13,17541752,1605696998,149788,290888,2856520,1608553518
2018-06-14,10947808,1607652147,0,168300,1632510,1609284657
2018-06-15,9261462,1603173478,0,139300,1352603,1604526081
2018-06-19,37437301,1577045048,21300,119400,1075794,1578120842
2018-06-20,11314573,1562097395,42500,156600,1410966,1563508361
2018-06-21,22235636,1561061607,2000,140700,1263486,1562325093
2018-06-22,7629717,1535396906,2100,138100,1245662,1536642568
2018-06-25,5772214,1523852425,5500,129400,1156836,1525009261
2018-06-26,9333982,1518957947,41900,161900,1444148,1520402095
2018-06-27,14954535,1516952553,228000,345400,3053336,1520005889
2018-06-28,9228996,1506201087,4100,121500,1074060,1507275147
2018-06-29,12559105,1498052200,25300,138300,1244700,1499296900
2018-07-02,16147631,1497785710,24600,118800,1059696,1498845406
2018-07-03,10387890,1498982969,25600,110600,996506,1499979475
2018-07-04,10752794,1496149156,10100,120700,1089921,1497239077
2018-07-05,12087560,1492168786,61400,175800,1571652,1493740438
2018-07-06,15155629,1457804626,91300,194400,1609632,1459414258
2018-07-09,7594065,1457145741,18900,143900,1207321,1458353062
2018-07-10,5621756,1455413353,46400,166900,1398622,1456811975
2018-07-11,11619518,1446385446,27200,173400,1404540,1447789986
2018-07-12,19361649,1449679002,11400,67700,557171,1450236173
2018-07-13,8141078,1446303624,56700,115200,950400,1447254024
2018-07-16,18820916,1435981180,291500,348400,2787200,1438768380
2018-07-17,8208789,1431828181,11400,66800,531060,1432359241
2018-07-18,12496882,1431468664,161100,220700,1770014,1433238678
2018-07-19,8621904,1430471902,26700,203200,1609344,1432081246
2018-07-20,16231280,1428464530,8500,84300,668499,1429133029
2018-07-23,14569818,1424934285,108300,164800,1320048,1426254333
2018-07-24,32295425,1422938318,2300,44000,359920,1423298238
2018-07-25,25330337,1417327434,80800,109600,894336,1418221770
2018-07-26,11823455,1410595039,90800,137400,1117062,1411712101
2018-07-27,10438604,1407643978,2600,91000,738920,1408382898
2018-07-30,18333218,1412562105,63100,147800,1183878,1413745983
2018-07-31,6017320,1409158386,13200,120000,969600,1410127986
2018-08-01,14712526,1408797946,9153,118053,939702,1409737648
2018-08-02,16164341,1412163340,50800,159000,1229070,1413392410
2018-08-03,9819480,1391510812,229500,337000,2544350,1394055162
2018-08-06,14078654,1388994101,73900,334100,2522455,1391516556
2018-08-07,14350605,1387432866,32800,334000,2568460,1390001326
2018-08-08,9197473,1386300961,15500,339500,2566620,1388867581
2018-08-09,14783054,1384569555,19200,93200,712980,1385282535
2018-08-10,8601585,1382080966,1300,58800,450408,1382531374
2018-08-13,10253556,1380430318,101900,154700,1172626,1381602944
2018-08-14,6346418,1373696605,0,108000,815400,1374512005
2018-08-15,12083526,1368955398,17400,125400,922944,1369878342
2018-08-16,9767695,1363453777,256700,313000,2259860,1365713637
2018-08-17,15908441,1359811801,75400,362500,2552000,1362363801
2018-08-20,15355755,1349810705,32400,358400,2512384,1352323089
2018-08-21,10535332,1347749097,13799,366499,2591148,1350340245
2018-08-22,7664183,1346050706,6300,131000,922240,1346972946
2018-08-23,21130350,1336827985,196300,283400,2043314,1338871299
2018-08-24,19842053,1335931526,92790,204990,1473878,1337405404
2018-08-27,16852029,1325888827,3300,129500,936285,1326825112
2018-08-28,12496966,1324879810,44100,162400,1167656,1326047466
2018-08-29,8029462,1326151080,203000,343300,2451162,1328602242
2018-08-30,8850647,1323062165,62300,378100,2661824,1325723989
2018-08-31,9822413,1322411356,11400,139400,974406,1323385762
2018-09-03,8877470,1323968799,63200,191200,1334576,1325303375
2018-09-04,7063120,1325056871,16600,188800,1325376,1326382247
2018-09-05,11343589,1325851085,186600,349400,2414354,1328265439
2018-09-06,5284145,1317458153,5000,317900,2174436,1319632589
2018-09-07,11555661,1319245545,14500,147600,1011060,1320256605
2018-09-10,12179081,1303849993,252139,384739,2562361,1306412354
2018-09-11,12809953,1297007233,15700,394439,2615130,1299622363
2018-09-12,9385989,1285954443,0,383139,2532548,1288486991
2018-09-13,7314071,1285183243,0,113100,753246,1285936489
2018-09-14,21197944,1283309929,298300,363200,2477024,1285786953
2018-09-17,10801924,1278859518,5400,82400,548784,1279408302
2018-09-18,10476478,1277376923,19400,80500,541765,1277918688
2018-09-19,18167474,1279501317,62000,114700,779960,1280281277
2018-09-20,6435270,1275661823,24800,125400,853974,1276515797
2018-09-21,67622145,1269913519,358000,478000,3513300,1273426819
2018-09-25,29444397,1256376026,7000,170500,1251470,1257627496
2018-09-26,20892939,1252360803,1900,146000,1061420,1253422223
2018-09-27,16329319,1250948835,5000,142100,1028804,1251977639
2018-09-28,19232308,1238414329,2000,94200,685776,1239100105
2018-10-08,17847732,1238945884,106100,198300,1398015,1240343899
2018-10-09,15681648,1242446219,51000,244300,1700328,1244146547
2018-10-10,7250645,1236456115,9800,253100,1781824,1238237939
2018-10-11,32149639,1235423904,38400,244500,1579470,1237003374
2018-10-12,13397254,1218202026,143300,244200,1584858,1219786884
2018-10-15,29699381,1185732613,118400,346900,2077931,1187810544
2018-10-16,9703895,1156594290,133200,341400,1969878,1158564168
2018-10-17,10296083,1137999345,71000,382900,2224649,1140223994
2018-10-18,7606189,1131975860,30400,272000,1544960,1133520820
2018-10-19,6511978,1123405500,135400,386600,2261610,1125667110
2018-10-22,13963844,1112443553,70600,428500,2630990,1115074543
2018-10-23,12143378,1112226893,47300,423700,2546437,1114773330
2018-10-24,10300501,1108359940,53000,426000,2577300,1110937240
2018-10-25,30256642,1116479304,67700,438400,2740000,1119219304
2018-10-26,24767742,1115940311,42600,421400,2654820,1118595131
2018-10-29,13771083,1114237418,67800,445000,2745650,1116983068
2018-10-30,11387914,1109420772,44100,249500,1576840,1110997612
2018-10-31,9916529,1101456942,17100,245500,1568745,1103025687
2018-11-01,7991652,1088656651,35000,273500,1769545,1090426196
2018-11-02,17526404,1092520670,0,236100,1553538,1094074208
2018-11-05,9042706,1083329385,49600,280300,1824753,1085154138
2018-11-06,13004425,1085572121,215200,473000,3102880,1088675001
2018-11-07,9051753,1083272076,0,281800,1820428,1085092504
2018-11-08,6751231,1082143431,104700,362200,2332568,1084475999
2018-11-09,5321868,1077297278,23100,290900,1838488,1079135766
2018-11-12,10248104,1075253214,68500,351900,2294388,1077547602
2018-11-13,21186706,1080737308,105200,382200,2518698,1083256006
2018-11-14,21717445,1079004006,66000,353000,2308620,1081312626
2018-11-15,10368659,1071655721,4000,297000,1948320,1073604041
2018-11-16,15865691,1065864767,156900,437900,2925172,1068789939
2018-11-19,14918273,1053082211,9800,283700,1900790,1054983001
2018-11-20,22549074,1060057575,48200,286200,1851714,1061909289
2018-11-21,12990526,1062069609,0,235200,1505280,1063574889
2018-11-22,14049920,1060372415,217300,452500,2959350,1063331765
2018-11-23,22439856,1061248565,0,222300,1378260,1062626825
2018-11-26,6564790,1059401223,249200,465600,2882064,1062283287
2018-11-27,9037413,1061627725,5800,431400,2678994,1064306719
2018-11-28,9496681,1060201784,23600,237200,1475384,1061677168
2018-11-29,11121768,1062875500,14800,228300,1399479,1064274979
2018-11-30,8040985,1058072116,36100,264400,1628704,1059700820
2018-12-03,18174312,1062041962,23000,273100,1731454,1063773416
2018-12-04,10246488,1058072471,20400,223700,1429443,1059501914
2018-12-05,4311383,1050769707,10000,222100,1412556,1052182263
2018-12-06,7854612,1051142823,5800,213300,1333125,1052475948
2018-12-07,2760742,1048678871,9600,217100,1365559,1050044430
2018-12-10,12112604,1053633487,107200,291000,1789650,1055423137
2018-12-11,2097762,1047546732,48400,289400,1800068,1049346800
2018-12-12,4688906,1043158085,30900,320300,2021093,1045179178
2018-12-13,7133304,1031695139,20000,321800,2075610,1033770749
2018-12-14,4957057,1013712077,32100,328700,2133263,1015845340
2018-12-17,12517720,1014553211,25800,326100,2087040,1016640251
2018-12-18,11905038,1012760740,44900,371000,2418920,1015179660
2018-12-19,10035322,1014005880,0,342500,2195425,1016201305
2018-12-20,2605973,1010316439,30900,348900,2253894,1012570333
2018-12-21,3734983,1008495565,1500,338300,2165120,1010660685
2018-12-24,9559367,1010169157,74300,412600,2706656,1012875813
2018-12-25,8356169,1008611964,8800,274800,1797192,1010409156
2018-12-26,9553616,1012445480,99900,366100,2408938,1014854418
2018-12-27,16243448,1015982467,57800,398900,2584872,1018567339
2018-12-28,11105414,1009339039,25400,369700,2436323,1011775362
2019-01-02,5904293,1006861898,22700,390400,2584448,1009446346
2019-01-03,10689872,1004832838,22100,377900,2531930,1007364768
2019-01-04,18716816,1002868955,32000,378600,2608554,1005477509
2019-01-07,23680734,987089065,118500,401000,2887200,989976265
2019-01-08,22657707,972068664,55200,382800,2744676,974813340
2019-01-09,37907598,941746582,160400,539200,4017040,945763622
2019-01-10,18241831,931159629,8800,415700,3067866,934227495
2019-01-11,21017718,922437307,107000,463600,3541904,925979211
2019-01-14,22863968,920708162,7700,379500,2846250,923554412
2019-01-15,17545325,917923150,77500,417800,3141856,921065006
2019-01-16,21895748,919119595,122000,486123,3626478,922746073
2019-01-17,11208666,914602131,57500,406000,3040940,917643071
2019-01-18,13974829,905576320,38800,377900,2804018,908380338
2019-01-21,11959778,907547200,32900,393300,2949750,910496950
2019-01-22,12189422,913461212,136100,474900,3471519,916932731
2019-01-23,12379925,916696103,59200,395700,2888610,919584713
2019-01-24,8092954,912857486,22700,385200,2827368,915684854
2019-01-25,18603367,904545593,204900,575600,4363048,908908641
2019-01-28,9772847,902574568,30900,412500,3130875,905705443
2019-01-29,20226783,907257612,37600,375600,2779440,910037052
2019-01-30,27890312,904367689,153200,461400,3520482,907888171
2019-01-31,13757938,891795215,45600,334800,2517696,894312911
2019-02-01,14085059,877440056,24800,313100,2410870,879850926
2019-02-11,18109527,885061808,74900,353900,2756881,887818689
2019-02-12,29788285,888379403,274600,582400,4781504,893160907
2019-02-13,45206531,874909525,118800,546800,4691544,879601069
2019-02-14,34911948,876374776,23500,432100,3603714,879978490
2019-02-15,56811053,913192117,33200,280500,2260830,915452947
2019-02-18,46228970,908337654,221200,461700,3781323,912118977
2019-02-19,19459225,894488632,27100,278300,2259796,896748428
2019-02-20,29526708,886296149,285500,514400,4305528,890601677
2019-02-21,32231676,862657768,72100,339100,2872177,865529945
2019-02-22,27288975,836000912,55800,294700,2555049,838555961
2019-02-25,41806861,804157526,62400,308400,2757096,806914622
2019-02-26,44428507,808974960,113800,338700,2956851,811931811
2019-02-27,37114940,804371011,33500,225400,1929424,806300435
2019-02-28,12830971,793897281,56400,270900,2310777,796208058
2019-03-01,16497391,788990391,102700,339800,2973250,791963641
2019-03-04,28369842,779325520,17800,253900,2226703,781552223
2019-03-05,23465089,775388688,128000,348000,3058920,778447608
2019-03-06,34411545,769542824,219100,534600,4741902,774284726
2019-03-07,40644584,773666489,127800,417500,3594675,777261164
2019-03-08,63579229,800487316,167400,311700,2453079,802940395
2019-03-11,23010628,797179347,70100,276400,2238840,799418187
2019-03-12,41704907,810530304,129300,395100,3180555,813710859
2019-03-13,73089043,853676925,30500,279200,2158216,855835141
2019-03-14,31714816,864620340,49500,242200,1869784,866490124
2019-03-15,24567184,848008912,165100,368000,2892480,850901392
2019-03-18,29737968,845588670,377500,610000,4861700,850450370
2019-03-19,37858297,858712696,34800,357400,2809164,861521860
2019-03-20,30947684,866613976,358800,623700,4902282,871516258
2019-03-21,21476192,851218173,119700,435700,3472529,854690702
2019-03-22,52698861,834280351,245400,676800,5935536,840215887
2019-03-25,225895208,930148200,427500,981200,8644372,938792572
2019-03-26,113286110,958118079,141800,709100,5864257,963982336
2019-03-27,46161442,947281126,125700,755200,6275712,953556838
2019-03-28,55354780,948649325,16400,550100,4466812,953116137
2019-03-29,51054312,942593170,91200,597100,4943988,947537158
2019-04-01,97455264,958668374,371900,902500,7761500,966429874
2019-04-02,77922291,960306511,48200,624200,5324426,965630937
2019-04-03,78093243,918358521,448100,954000,8481060,926839581
2019-04-04,82968351,867691178,213500,845400,7963668,875654846
2019-04-08,80655780,876949855,114200,722100,6794961,883744816
2019-04-09,66922113,889074245,222800,821000,7774870,896849115
2019-04-10,82577069,852714426,500800,1169500,11847035,864561461
2019-04-11,122090171,845456485,41800,932400,9324000,854780485
2019-04-12,52507684,801846351,265000,1090300,10957515,812803866
2019-04-15,68868546,807985426,102700,763800,7256100,815241526
2019-04-16,44938461,814766846,212000,824800,7744872,822511718
2019-04-17,85082176,808946908,470700,1052800,10864896,819811804
2019-04-18,58318903,797546321,138100,893700,8776134,806322455
2019-04-19,56715085,816412690,222000,869500,8573270,824985960
2019-04-22,42358107,819392701,201200,878200,8246298,827638999
2019-04-23,20157850,808207741,58800,631500,5854005,814061746
2019-04-24,35836056,825230486,150100,737500,6858750,832089236
2019-04-25,25689763,824467069,65300,513600,4540224,829007293
2019-04-26,24460831,825181401,127900,409100,3559170,828740571
2019-04-29,21917119,820030773,140000,449200,3840660,823871433
2019-04-30,12180072,820750732,84700,421300,3602115,824352847
2019-05-06,28973869,823511774,130100,432400,3381368,826893142
2019-05-07,8986882,821112771,155400,477200,3779424,824892195
2019-05-08,8194510,819368582,499600,831100,6515824,825884406
2019-05-09,10783922,820128434,89600,606900,4648854,824777288
2019-05-10,8966108,810954500,101700,573800,4590400,815544900
2019-05-13,5530911,811368132,190500,704500,5544415,816912547
2019-05-14,6306551,809173259,82200,677500,5257400,814430659
2019-05-15,7563496,806843744,113000,751600,6012800,812856544
2019-05-16,9518967,808951124,72100,801900,6479352,815430476
2019-05-17,15287450,802304599,43100,617700,4824237,807128836
2019-05-20,17623193,808978822,243700,678200,4910168,813888990
2019-05-21,5721882,805830022,44700,505900,3688011,809518033
2019-05-22,9667014,800630941,198000,687900,4918485,805549426
2019-05-23,19179895,809496516,206700,809300,5478961,814975477
2019-05-24,20068635,807865397,477300,1088800,7588936,815454333
2019-05-27,24950230,817457986,58900,596500,4139710,821597696
2019-05-28,18640425,804358923,345400,889900,6344987,810703910
2019-05-29,5128274,801013148,42400,655400,4692664,805705812
2019-05-30,11538383,805652396,72700,680200,4815816,810468212
2019-05-31,6923960,803412986,57000,614200,4299400,807712386
2019-06-03,11906483,803139014,132500,706400,4916544,808055558
2019-06-04,9738822,805010702,71800,528100,3585799,808596501
2019-06-05,25065279,813694248,393300,848100,5504169,819198417
2019-06-06,4349926,799014510,166700,719400,4712070,803726580
2019-06-10,15499754,807115116,79700,687100,4452408,811567524
2019-06-11,20024806,809118090,64900,596100,3993870,813111960
2019-06-12,13680696,807435428,142300,716800,4738048,812173476
2019-06-13,13923245,811613713,66200,628900,4131873,815745586
2019-06-14,10489519,805200769,79400,610300,3942538,809143307
2019-06-17,13674084,808981748,61300,586900,3720946,812702694
2019-06-18,7198588,810549418,32200,567400,3585968,814135386
2019-06-19,41730488,836251368,257600,590100,3729432,839980800
2019-06-20,30667705,838784598,168000,536500,3444330,842228928
2019-06-21,23111103,811632634,122500,536500,3573090,815205724
2019-06-24,27752632,808616769,384500,795900,5372325,813989094
2019-06-25,17650674,803997410,22400,431500,2843585,806840995
2019-06-26,13127587,794323870,141300,533000,3512470,797836340
2019-06-27,17101436,796923120,298900,705700,4699962,801623082
2019-06-28,11601809,799674101,23400,481400,3191682,802865783
2019-07-01,28849726,797687703,124400,541100,3793111,801480814
2019-07-02,24246838,793244994,481700,941200,6710756,799955750
2019-07-03,21148832,792125116,66300,629700,4559028,796684144
2019-07-04,12733493,789460393,134400,603600,4357992,793818385
2019-07-05,9370437,790059632,96100,561800,4044960,794104592
2019-07-08,11499027,788578958,98100,554064,3872907,792451865
2019-07-09,16735052,794904351,194800,733264,5154846,800059197
2019-07-10,16842863,800545437,32900,639000,4364370,804909807
2019-07-11,19313387,801387029,253600,760900,5098030,806485059
2019-07-12,13981003,810009918,20300,451900,2996097,813006015
2019-07-15,32101388,790867627,840070,1275970,9097666,799965293
2019-07-16,17927848,783429132,9600,668370,4718692,788147824
2019-07-17,13393188,778017704,121700,642770,4582950,782600654
2019-07-18,15109227,766435365,64600,697370,5021064,771456429
2019-07-19,20595572,765797058,164800,714000,5283600,771080658
2019-07-22,11280980,762127602,78700,779700,5715201,767842803
2019-07-23,19018798,759530688,397055,1032955,8026060,767556748
2019-07-24,33523698,771334006,50700,710900,5545020,776879026
2019-07-25,20741451,774356732,33300,677500,5318375,779675107
2019-07-26,16976127,773577594,18700,574200,4427082,778004676
2019-07-29,19058204,772719939,441900,1001500,7881805,780601744
2019-07-30,14225388,761452076,71800,689700,5538291,766990367
2019-07-31,14169832,767208165,95700,666600,5279472,772487637
2019-08-01,15442343,767440334,83600,671000,5200250,772640584
2019-08-02,15905301,766807199,60000,598800,4496988,771304187
2019-08-05,10756609,766351627,141900,654600,4876770,771228397
2019-08-06,15753921,763685745,238400,720200,5243056,768928801
2019-08-07,10031620,764299965,104700,696100,5018881,769318846
2019-08-08,12837405,765712368,157700,830400,6228000,771940368
2019-08-09,9120205,763299307,70600,821800,6155282,769454589
2019-08-12,9358815,762460440,141127,864227,6533556,768993996
2019-08-13,9499129,762479276,18000,677900,5084250,767563526
2019-08-14,12437826,762345520,327600,946100,7341736,769687256
2019-08-15,20867366,748159759,370300,1046400,8789760,756949519
2019-08-16,32495450,758389920,10300,876900,7497495,765887415
2019-08-19,14576750,755123494,119600,886300,7604454,762727948
2019-08-20,14992723,751084638,84600,888800,7510360,758594998
2019-08-21,19496494,751832478,31400,811700,6818280,758650758
2019-08-22,12242782,744622399,34600,808600,6792240,751414639
2019-08-23,13490643,738274524,22100,757900,6237517,744512041
2019-08-26,61417780,772230241,517334,1176234,9621594,781851835
2019-08-27,29085820,769806771,79700,768500,6363180,776169951
2019-08-28,34933767,778499841,173000,823900,6871326,785371167
2019-08-29,16626237,773470271,185500,826700,6754139,780224410
2019-08-30,11540976,773365547,83200,786800,6294400,779659947
2019-09-02,14279225,772819913,117000,871300,7074956,779894869
2019-09-03,14463564,772151739,36000,754900,6137337,778289076
2019-09-04,29326886,778368133,37200,754400,6269064,784637197
2019-09-05,21628906,777670666,110300,747200,6313840,783984506
2019-09-06,27185442,768299371,152000,864400,7606720,775906091
2019-09-09,18643684,773001900,19300,791600,6934416,779936316
2019-09-10,18425118,757770813,72200,673100,5728081,763498894
2019-09-11,26940506,771240208,121100,789300,6748515,777988723
2019-09-12,15717075,767988973,4700,711300,6003372,773992345
2019-09-16,23698122,780045709,14300,691300,5710138,785755847
2019-09-17,18553266,788706539,20400,673600,5415744,794122283
2019-09-18,9474508,786297227,53200,599800,4864378,791161605
2019-09-19,10033918,783695457,55300,648100,5314420,789009877
2019-09-20,13449300,785208038,178100,761500,6297605,791505643
2019-09-23,18788390,794386616,3300,588900,4693533,799080149
2019-09-24,15039853,801651395,231000,785900,6224328,807875723
2019-09-25,10672610,792505238,92200,593100,4572801,797078039
2019-09-26,18017074,801881614,16200,450000,3379500,805261114
2019-09-27,32837944,816151064,75100,459300,3394227,819545291
2019-09-30,8150131,798579117,76100,467600,3464916,802044033
2019-10-08,21212728,808084653,34000,478000,3594560,811679213
2019-10-09,15944298,806328868,237900,677400,5215980,811544848
2019-10-10,5081841,801146412,68400,613600,4798352,805944764
2019-10-11,9772072,798624839,37700,566400,4440576,803065415
2019-10-14,25663413,809146416,83900,593700,4654608,813801024
2019-10-15,5488471,799948383,104700,532100,4123775,804072158
2019-10-16,8972019,800834239,177600,650200,4928516,805762755
2019-10-17,3125330,796935105,56400,674400,5132184,802067289
2019-10-18,14061824,801079545,53000,492000,3567000,804646545
2019-10-21,6641496,801944676,88500,482600,3460242,805404918
2019-10-22,6144435,799177098,179800,592500,4366725,803543823
2019-10-23,6394264,798323075,44800,522600,3809754,802132829
2019-10-24,6042203,793995080,22400,464200,3370092,797365172
2019-10-25,7568520,793880802,53100,475400,3479928,797360730
2019-10-28,11025346,794171918,287200,736100,5461862,799633780
2019-10-29,8143847,792419397,31800,496900,3652215,796071612
2019-10-30,8043579,794160076,69700,463900,3312246,797472322
2019-10-31,2357678,792653699,100900,481500,3447540,796101239
2019-11-01,11059666,787731012,246800,586900,4384143,792115155
2019-11-04,8101670,779929484,49700,537600,4107264,784036748
2019-11-05,8881659,782688479,29700,519500,3937810,786626289
2019-11-06,12009082,784483573,38200,532200,3975534,788459107
2019-11-07,23856787,787700555,146100,641300,4861054,792561609
2019-11-08,59193616,806358651,470300,1060200,8534610,814893261
2019-11-11,41166845,789773397,134400,778100,6388201,796161598
2019-11-12,31644478,803997667,64300,679200,5576232,809573899
2019-11-13,15050372,796139709,121900,737200,6008180,802147889
2019-11-14,8346960,785773983,88100,667600,5454292,791228275
2019-11-15,22468749,787905452,82500,681300,5511717,793417169
2019-11-18,9212701,782004515,127882,746182,6088845,788093360
2019-11-19,31828030,780899854,466724,1169106,10124458,791024312
2019-11-20,16242674,774191583,2500,753182,6507492,780699075
2019-11-21,12073483,766406465,151700,902882,7809929,774216394
2019-11-22,23189950,766894092,101400,902582,7689999,774584091
2019-11-25,9975015,760059306,74200,919800,7965468,768024774
2019-11-26,14961535,753905813,112700,1029800,9113730,763019543
2019-11-27,34795362,758742861,20400,849800,7206304,765949165
2019-11-28,22204267,766889966,22900,714200,5935002,772824968
2019-11-29,15662640,748371493,328600,1000500,8524260,756895753
2019-12-02,21016365,754345634,45600,828600,6927096,761272730
2019-12-03,13679015,753420647,99900,866100,7431138,760851785
2019-12-04,15781031,755598036,101700,886400,7516672,763114708
2019-12-05,16275132,758233142,116300,958400,8232656,766465798
2019-12-06,30455692,760022935,37000,672700,5569956,765592891
2019-12-09,18388017,765836030,13000,581500,4727595,770563625
2019-12-10,13317537,750171399,175100,744600,6150396,756321795
2019-12-11,77748291,758302649,602500,1252000,11380680,769683329
2019-12-12,42792606,749897922,15600,906100,8354242,758252164
2019-12-13,36539872,749823164,57100,871100,8005409,757828573
2019-12-16,38446184,765187794,24500,806500,7363345,772551139
2019-12-17,64095353,784885434,52700,747200,6754688,791640122
2019-12-18,81950883,785579633,441300,1104500,10404390,795984023
2019-12-19,33775363,779707766,16600,778400,7379232,787086998
2019-12-20,48114969,756640525,314900,1059100,10315634,766956159
2019-12-23,35767781,764313845,39300,701300,6676376,770990221
2019-12-24,15267108,751835641,89200,753600,7287312,759122953
2019-12-25,30609815,748523398,75300,800500,7804875,756328273
2019-12-26,21604010,743760143,119200,793600,7674112,751434255
2019-12-27,22975505,744729918,140500,889200,8482968,753212886
2019-12-30,28897672,737917168,117700,960500,9432110,747349278
2019-12-31,21851508,704827100,64600,913300,9160399,713987499
2020-01-02,69447540,718827500,254800,1023600,11054880,729882380
2020-01-03,49113647,713123752,23500,971000,10185790,723309542
2020-01-06,46990972,716651146,30400,990500,10330915,726982061
2020-01-07,50261027,715053357,91800,1010100,10808070,725861427
2020-01-08,60379517,717088320,91300,1008600,11064342,728152662
2020-01-09,32792077,709041424,29000,943200,10356336,719397760
2020-01-10,64597792,734718452,155300,1056300,11936190,746654642
2020-01-13,40170924,728549204,126200,1106400,13166160,741715364
2020-01-14,113294994,766549184,54400,902700,10083159,776632343
2020-01-15,29211573,754568334,74000,945300,10615719,765184053
2020-01-16,33119242,763323859,18500,865800,9705618,773029477
2020-01-17,48324661,748455325,109900,893400,9738060,758193385
2020-01-20,21543894,726493990,2100,679700,7415527,733909517
2020-01-21,38755367,682818723,69800,635500,6602845,689421568
2020-01-22,33175981,684238799,48000,647200,6776184,691014983
2020-01-23,33212617,678056129,43400,486000,4801680,682857809
2020-02-03,8996680,671856565,0,458200,4073398,675929963
2020-02-04,27691878,654526689,0,434300,3986874,658513563
2020-02-05,39661088,667264279,0,421900,3788662,671052941
2020-02-06,28357029,671899638,0,407200,3668872,675568510
2020-02-07,28314128,676441595,0,397100,3581842,680023437
2020-02-10,40888053,687256263,168700,555700,5223580,692479843
2020-02-11,33575934,680528097,145300,598600,5758532,686286629
2020-02-12,21370906,672887708,13900,471600,4527360,677415068
2020-02-13,28898116,663352274,82400,493500,4831365,668183639
2020-02-14,34919113,672950502,247900,649100,6224869,679175371
2020-02-17,69771851,685408510,175500,610600,6441830,691850340
2020-02-18,44432828,673297169,32800,609300,6543882,679841051
2020-02-19,37438733,660973723,142400,730700,7781955,668755678
2020-02-20,24763440,660098213,107200,737300,8007078,668105291
2020-02-21,44149392,643362708,172300,783700,8871484,652234192
2020-02-24,47939001,631659614,64700,806400,9192960,640852574
2020-02-25,59775752,638953287,168300,782100,9072360,648025647
2020-02-26,47430976,634124724,57100,687800,7497020,641621744
2020-02-27,43187634,635521856,280000,886000,9551080,645072936
2020-02-28,33074181,629123463,140700,647800,6588126,635711589
2020-03-02,26595212,611608218,362900,881800,9514622,621122840
2020-03-03,38245612,614811094,85400,677500,7188275,621999369
2020-03-04,55572044,629039814,259800,856400,9574552,638614366
2020-03-05,29872051,585317038,140800,836300,9583998,594901036
2020-03-06,28637207,585291265,102800,834600,9572862,594864127
2020-03-09,37165108,600601794,55300,677400,7234632,607836426
2020-03-10,49650250,616105895,271800,828400,9336068,625441963
2020-03-11,27329269,588594192,144300,816900,9100266,597694458
2020-03-12,29409189,592463739,121000,778100,8776968,601240707
2020-03-13,71995357,610442837,218000,745800,8733318,619176155
2020-03-16,45056885,586424013,99000,646500,6865830,593289843
2020-03-17,34690112,589512255,334000,762500,7823250,597335505
2020-03-18,35391870,576538621,99900,712700,6955952,583494573
2020-03-19,24537029,565249267,511800,980100,9830403,575079670
2020-03-20,20273900,562054870,198300,985000,10273550,572328420
2020-03-23,25437423,569835845,103400,860900,8264640,578100485
2020-03-24,36336185,569976132,370700,1125922,11709589,581685721
2020-03-25,42558972,575052918,307300,1167422,12829968,587882886
2020-03-26,40031686,591557763,51700,1089822,11345047,602902810
2020-03-27,18100572,591707942,110300,1110522,11649376,603357318
2020-03-30,32504039,598638511,202000,1172222,12531053,611169564
2020-03-31,32281432,601162866,161800,1112122,11766251,612929117
2020-04-01,32979379,595770752,162200,1093222,11096203,606866955
2020-04-02,48661988,620794672,248200,1097622,10976220,631770892
2020-04-03,16398062,610867920,64400,833322,8183222,619051142
2020-04-07,27890799,614286859,164200,846222,8411447,622698306
2020-04-08,26971091,624797445,189149,917771,9030866,633828311
2020-04-09,37715545,622606026,125500,881671,8860793,631466819
2020-04-10,19910968,611897313,52600,669170,6557866,618455179
2020-04-13,19461341,615189101,382000,918370,9110230,624299331
2020-04-14,14100037,608750584,81700,904421,8989945,617740529
2020-04-15,19032393,606163012,81700,973721,9727473,615890485
2020-04-16,21777886,611812856,31300,862221,8501499,620314355
2020-04-17,21218148,607768235,236000,996721,9887472,617655707
2020-04-20,27828537,625124981,64600,910321,8875630,634000611
2020-04-21,39171048,629468866,44100,801921,7473904,636942770
2020-04-22,26914456,636080779,106000,722621,6640887,642721666
2020-04-23,22403520,635814112,122100,810421,7309997,643124109
2020-04-24,17779639,631692558,176939,798060,7294268,638986826
2020-04-27,22820325,633360302,130300,822621,7411815,640772117
2020-04-28,16456041,625681947,174200,676899,6213933,631895880
2020-04-29,18561245,630758883,163400,822999,7481061,638239944
2020-04-30,28590453,602399379,107000,649399,6299170,608698549
2020-05-06,30230397,593220277,367400,976799,10275925,603496202
2020-05-07,13765878,586815817,38000,891599,9397453,596213270
2020-05-08,37635172,608013018,2620100,3387499,36178489,644191507
2020-05-11,17924853,606642773,103300,858613,9247262,615890035
2020-05-12,29860416,615533507,1373974,2171287,23558464,639091971
2020-05-13,19464639,625665728,1271200,2208313,23849780,649515508
2020-05-14,24896941,630928795,1122100,2008913,21334656,652263451
2020-05-15,22212320,640623335,701000,1515399,15972305,656595640
2020-05-18,23011023,651411550,584600,1384899,14333705,665745255
2020-05-19,32151188,671078434,1774100,2530899,26549131,697627565
2020-05-20,20766228,676996235,88800,810399,8257966,685254201
2020-05-21,14388102,681518118,52600,696699,7029693,688547811
2020-05-22,19877515,612228840,71100,734799,7340642,619569482
2020-05-25,14603694,601878196,243500,887199,9049430,610927626
2020-05-26,25084302,608955361,66000,762799,7673758,616629119
2020-05-27,16497069,611438854,30100,696099,7002756,618441610
2020-05-28,14371025,613845550,94800,743399,7292744,621138294
2020-05-29,12648543,616174806,87000,709599,6996646,623171452
2020-06-01,21088046,620213376,78400,701699,7122245,627335621
2020-06-02,33686555,639767875,36700,672099,6653780,646421655
2020-06-03,49230029,637033425,132000,687099,7482508,644515933
2020-06-04,72146645,670402803,161273,775472,8220003,678622806
2020-06-05,51305788,684761611,8200,663672,6829185,691590796
2020-06-08,28862137,656509905,149000,734172,7774881,664284786
2020-06-09,33915503,642197006,176800,899972,9827694,652024700
2020-06-10,25059079,618285790,118800,903872,9852205,628137995
2020-06-11,27641251,605877598,73800,925672,10247189,616124787
2020-06-12,36108354,593975115,73300,932872,10700042,604675157
2020-06-15,25948177,585889099,113664,950536,10931165,596820264
2020-06-16,26517044,592461585,50200,936036,10820576,603282161
2020-06-17,21099808,588799166,18500,878658,10095781,598894947
2020-06-18,17775347,590117215,51700,856958,9846448,599963663
2020-06-19,22429024,590934959,150400,902658,10470832,601405791
2020-06-22,17654163,575926963,102500,880558,10082390,586009353
2020-06-23,23707370,577158903,41000,875158,9968050,587126953
2020-06-24,26814625,585140968,20700,832858,9436281,594577249
2020-06-29,20433969,591868667,52243,848301,9492488,601361155
2020-06-30,65565512,633305884,20300,770901,8479911,641785795
2020-07-01,46078020,646594199,42900,798801,8834739,655428938
2020-07-02,55418159,654131544,28500,748034,8377981,662509525
2020-07-03,63221040,639589633,101100,786734,9637492,649227125
2020-07-06,99449298,673593881,174200,889434,11162396,684756277
2020-07-07,88043464,683375500,53700,835634,10821460,694196960
2020-07-08,62275993,684422322,46577,844799,10931699,695354021
2020-07-09,52000344,680263267,16400,836199,10812053,691075320
2020-07-10,68592456,687588093,40700,867520,11295111,698883204
2020-07-13,56809025,693230293,47400,800920,10740338,703970631
2020-07-14,48773857,691604564,27300,668632,8819256,700423820
2020-07-15,108273027,734052026,143500,520832,6182276,740234302
2020-07-16,75224207,749636203,115600,521632,5711870,755348073
2020-07-17,48379655,762627088,98000,408532,4383548,767010636
2020-07-20,58169635,747134523,55800,456032,5157722,752292245
2020-07-21,41125606,723129670,173400,559532,6451403,729581073
2020-07-22,25478713,705380319,46700,591732,6781249,712161568
2020-07-23,36976160,708706361,126500,688232,7900904,716607265
2020-07-24,42918474,721718868,285400,796032,8859836,730578704
2020-07-27,28259885,722224480,77900,603032,6639382,728863862
2020-07-28,22210110,721282382,509200,1051032,11529821,732812203
2020-07-29,42308223,732899139,64700,1005132,11297684,744196823
2020-07-30,36206052,748561080,12700,976932,10765791,759326871
2020-07-31,28244231,746786399,24200,947832,10492500,757278899
2020-08-03,65749630,777743858,35000,850732,9545213,787289071
2020-08-04,45607783,770488533,27800,848232,9483234,779971767
2020-08-05,55668238,791097411,33700,803399,8732947,799830358
2020-08-06,41209274,808678612,176500,946399,10315749,818994361
2020-08-07,34512218,800445779,52800,964999,10219339,810665118
2020-08-10,37912829,780974860,59100,703799,7847359,788822219
2020-08-11,63653585,780205521,116800,788799,9039637,789245158
2020-08-12,51616224,787555888,307000,887599,10278396,797834284
2020-08-13,51819636,805892515,782843,1402042,15997300,821889815
2020-08-14,18373882,802596519,219600,809799,9272199,811868718
2020-08-17,59286788,812682356,412600,1017799,12121986,824804342
2020-08-18,33710769,807386784,130300,848542,9970368,817357152
2020-08-19,33737700,803569229,5400,629999,7295388,810864617
2020-08-20,33531980,807316563,149000,747999,8549629,815866192
2020-08-21,58183757,823599126,1137200,1739699,20632830,844231956
2020-08-24,35575075,824803001,557497,1137396,13387151,838190152
2020-08-25,36498367,828047057,83000,680696,7787163,835834220
2020-08-26,16782590,815256092,32400,510696,5883217,821139309
2020-08-27,54517206,806437574,445000,933896,11010634,817448208
2020-08-28,46954236,811139946,98800,720396,8659160,819799106
2020-08-31,44829815,819487983,82600,701596,8215689,827703672
2020-09-01,90554024,848481442,422100,1046696,12989498,861470940
2020-09-02,50139743,844997525,48200,717096,8777255,853774780
2020-09-03,30885423,849734118,160300,844396,10411403,860145521
2020-09-04,40015194,848186293,46700,755396,9457557,857643850
2020-09-07,49850094,850582516,108700,790196,9664097,860246613
2020-09-08,29118517,817794716,334700,995596,12803364,830598080
2020-09-09,52391025,796990117,181200,899996,11708948,808699065
2020-09-10,78245898,799645916,273200,1052596,14325831,813971747
2020-09-11,44059064,802860993,42600,982996,13467045,816328038
2020-09-14,47594321,802158192,269900,1186396,16146849,818305041
2020-09-15,47391559,796620602,291400,1378596,18900551,815521153
2020-09-16,59060180,801707295,490960,1785656,25499168,827206463
2020-09-17,115044294,834481277,319200,1876296,28069388,862550665
2020-09-18,55611298,825301097,151800,1756796,25824901,851125998
2020-09-21,32910040,799336308,201588,1725184,25101426,824437734
2020-09-22,24174083,783305253,127800,1523384,21845327,805150580
2020-09-23,30634292,766069802,244595,1651879,23671426,789741228
2020-09-24,32258587,749412953,365836,1617415,22271805,771684758
2020-09-25,11881836,737450080,91400,1046695,14496726,751946806
2020-09-28,23293436,737168405,258600,1230395,16991754,754160159
2020-09-29,36407412,738491548,261000,1226857,16427615,754919163
2020-09-30,30077252,736234225,28900,1072757,14407127,750641352
2020-10-09,41319342,736234340,268000,1138159,16218766,752453106
2020-10-12,42854257,727934010,172200,1184159,17087415,745021425
2020-10-13,135068147,801669816,346900,1336859,21215953,822885769
2020-10-14,108212218,837035559,534580,1695739,26148295,863183854
2020-10-15,72383642,855446272,560761,1923546,29411019,884857291
2020-10-16,45801832,813232933,244100,1612846,23950763,837183696
2020-10-19,53310871,833616581,809500,2365646,35863194,869479775
2020-10-20,177702772,941201696,1355944,2832418,47244733,988446429
2020-10-21,143157847,917276687,1038941,3462217,57715157,974991844
2020-10-22,146209462,907415737,627168,3136685,49810557,957226294
2020-10-23,83792398,859802764,1183485,4008416,62651541,922454305
2020-10-26,58987632,859148554,948897,4758912,75285988,934434542
2020-10-27,68827676,883209916,410700,3836771,59469952,942679868
2020-10-28,110180601,906923414,932728,4196724,66853813,973777227
2020-10-29,129191501,927266371,1545421,4961189,80867380,1008133751
2020-10-30,147015603,916690608,1093263,5251741,86758761,1003449369
2020-11-02,186924426,981923690,1575790,5936914,105083379,1087007069
2020-11-03,109590002,965355802,1065400,5901451,102272146,1067627948
2020-11-04,128499371,965616133,1549830,6179681,108638792,1074254925
2020-11-05,128977498,943466400,1399288,6645895,122683220,1066149620
2020-11-06,134390046,941608952,1190900,6740087,119299541,1060908493
2020-11-09,111794565,926093498,758211,6223084,108530586,1034624084
2020-11-10,130257556,952382871,1110500,6350871,104852880,1057235751
2020-11-11,67449689,948144525,897861,6229032,100038254,1048182779
2020-11-12,61169714,950714877,857140,6175075,101826988,1052541865
2020-11-13,80076767,940425496,1116869,6476804,110559044,1050984540
2020-11-16,449120529,1227471914,1526865,6657700,125031606,1352503520
2020-11-17,1007162638,1852649466,1105100,6849095,139036628,1991686094
2020-11-18,915465246,2023694313,1520005,7140000,159436200,2183130513
2020-11-19,824556152,1731998304,1646632,7460582,151076786,1883075090
2020-11-20,704752149,1844269743,1598566,7850241,161557959,2005827702
2020-11-23,766300473,1977286134,1274800,7847641,172491148,2149777282
2020-11-24,690899847,2065891875,1259000,7393339,159030723,2224922598
2020-11-25,1393852727,2160773916,1976082,7971627,188608694,2349382610
2020-11-26,582893296,2059828918,868400,7523345,167168725,2226997643
2020-11-27,911792510,2168785895,1491100,8071693,193155615,2361941510
2020-11-30,1038288086,2366390181,877400,6886358,173949403,2540339584
2020-12-01,1242296298,2483065456,1304325,6888133,191421217,2674486673
2020-12-02,960075687,2297180439,1059047,5920555,160269423,2457449862
2020-12-03,659311489,2108460276,1574917,6079146,151917859,2260378135
2020-12-04,386152340,2074280687,923000,5981964,148352707,2222633394
2020-12-07,391946657,2073762172,610125,5368509,127985254,2201747426
2020-12-08,501354282,1968252003,1455100,5867314,147856313,2116108316
2020-12-09,366514814,1940893886,733261,5716714,137201136,2078095022
2020-12-10,362167201,1986702374,669156,5718070,129171200,2115873574
2020-12-11,382543127,2056432340,1146900,6091514,140409397,2196841737
2020-12-14,352485918,2015121283,1036500,5693109,132364785,2147486068
2020-12-15,493247865,2067438528,1810063,6856772,167510941,2234949469
2020-12-16,297136765,2010661997,274500,4972888,117509343,2128171340
2020-12-17,273000290,2013966245,265300,4542988,105760761,2119727006
2020-12-18,478900453,2114909698,559800,4419588,104832627,2219742325
2020-12-21,638209070,2190417255,350400,4230888,105899128,2296316383
2020-12-22,414704453,2069111477,662700,4376928,103383039,2172494516
2020-12-23,386891585,2136124380,626700,4153500,98188739,2234313119
2020-12-24,236218651,1981728230,616943,3794943,83982088,2065710318
2020-12-25,279162024,2018184152,1278427,4524451,99854633,2118038785
2020-12-28,214586346,1966471951,358500,4055399,90192074,2056664025
2020-12-29,152396550,1926857508,374294,4045188,85879341,2012736849
2020-12-30,312065230,1990932422,1006700,4378609,94271452,2085203874
2020-12-31,270574946,1952696077,611722,3944543,86306601,2039002678
2021-01-04,295416288,1996696407,789125,4101768,89213455,2085909862
2021-01-05,260769257,1851139620,500800,3892843,81866488,1933006108
2021-01-06,216293339,1860936254,620300,3773043,79724398,1940660652
2021-01-07,841665046,2251684805,1747532,4748342,107739880,2359424685
2021-01-08,547696465,2222054856,803500,4249810,99573048,2321627904
2021-01-11,476722644,1978396610,1140579,4493389,104066890,2082463500
2021-01-12,327750549,1924135981,599935,3922723,87241359,2011377340
2021-01-13,268910900,1872066705,764803,4135427,89697412,1961764117
2021-01-14,230111741,1799275615,1068082,4073675,81147606,1880423221
2021-01-15,145508678,1740469196,1185022,4565926,91775112,1832244308
2021-01-18,115573840,1719447890,172300,4035762,79222008,1798669898
2021-01-19,188736600,1787865203,4969423,8510685,168511562,1956376765
2021-01-20,194436135,1807573553,15228614,22467999,440372781,2247946334
2021-01-21,165509574,1808172855,14677012,35984011,699889013,2508061868
2021-01-22,279080750,1824913211,2871120,37495031,755149923,2580063134
2021-01-25,310825729,1861768715,1420285,37870016,750962417,2612731132
2021-01-26,159649517,1822787321,561800,37453519,709369650,2532156971
2021-01-27,175494028,1770888665,1280100,37821944,689872258,2460760923
2021-01-28,146667056,1774219059,744500,37545458,658547334,2432766393
2021-01-29,90466664,1702387188,1601408,37898992,653378621,2355765809
2021-02-01,117328572,1661475594,939900,38330892,678073480,2339549074
2021-02-02,314694156,1808260001,1658851,39113143,761141763,2569401764
2021-02-03,319992487,1646607120,2533500,40549952,791940563,2438547683
2021-02-04,227505400,1677942847,589500,40089644,800590190,2478533037
2021-02-05,161257859,1601232167,1153100,39895832,719720810,2320952977
2021-02-08,66778086,1553274774,665951,39566683,746227642,2299502416
2021-02-09,121819056,1566226981,299000,38673383,734794277,2301021258
2021-02-10,158733119,1564111710,486400,36190118,688336044,2252447754
2021-02-18,180616155,1613744987,982400,36647392,717922410,2331667397
2021-02-19,160905440,1628038162,508000,36508692,692204800,2320242962
2021-02-22,141714886,1603544380,474300,36268092,668420936,2271965316
2021-02-23,120131053,1601123097,739200,36704092,638651200,2239774297
2021-02-24,84274899,1593942050,728900,37046292,634602982,2228545032
2021-02-25,49754655,1573629651,218283,36992375,638118469,2211748120
2021-02-26,227519207,1607174726,2534002,38716546,702705309,2309880035
2021-03-01,152039352,1629043193,2210900,39682644,701589146,2330632339
2021-03-02,105915177,1617204236,3190500,42415844,730400833,2347605069
2021-03-03,125984881,1640663284,355500,41586244,720689609,2361352893
2021-03-04,64733095,1631059700,189600,41316844,693709811,2324769511
2021-03-05,60712450,1619647638,841800,41739244,707480186,2327127824
2021-03-08,71216418,1618925424,204500,41288021,680839466,2299764890
2021-03-09,107405360,1585488278,1456809,41946653,641783790,2227272068
2021-03-10,62059428,1590078439,230800,41441853,633645933,2223724372
2021-03-11,80543799,1603343912,821118,41667471,655429319,2258773231
2021-03-12,77387954,1592580018,847700,41713105,663238370,2255818388
2021-03-15,69514575,1594786194,404900,41567805,633493348,2228279542
2021-03-16,75099057,1576208523,288603,38822767,586223781,2162432304
2021-03-17,89508435,1612155202,186400,38121364,581732015,2193887217
2021-03-18,53203593,1583073698,21000,37842164,571416676,2154490374
2021-03-19,38005561,1574411520,112200,37723664,556801281,2131212801
2021-03-22,72435702,1590377367,509300,37984176,576219950,2166597317
2021-03-23,56832024,1593737624,117400,37712876,554756406,2148494030
2021-03-24,70643652,1593250759,166700,37709836,530954491,2124205250
2021-03-25,39825057,1580217930,437500,37889536,533105772,2113323702
2021-03-26,91704562,1537112731,1215900,38652536,562394400,2099507131
2021-03-29,63179166,1513562079,384600,38751836,561901623,2075463702
2021-03-30,65382426,1531869713,319400,38642475,563793711,2095663424
2021-03-31,71442327,1524053310,265000,38283975,543249605,2067302915
2021-04-01,93472308,1545754598,1667820,39289595,568913336,2114667934
2021-04-02,169792400,1550817122,1099400,39726295,587551903,2138369025
2021-04-06,178902887,1600504516,1249167,40464362,622341887,2222846403
2021-04-07,101007911,1604819099,155100,40073262,594286476,2199105575
2021-04-08,73867871,1617055764,557000,38659662,571003208,2188058972
2021-04-09,59206455,1592241968,247600,36826739,533251181,2125493149
2021-04-12,54519332,1590582087,177400,36793339,522465413,2113047500
2021-04-13,54796872,1588575437,361000,37018439,527512756,2116088193
2021-04-14,75359263,1596056320,451200,36618839,534635049,2130691369
2021-04-15,67964451,1597814173,2403000,38624039,555027440,2152841613
2021-04-16,224758873,1627991268,1839100,40081255,633684641,2261675909
2021-04-19,318791640,1749137353,816536,40300991,700834233,2449971586
2021-04-20,786113005,1953913299,1570600,41264618,743175770,2697089069
2021-04-21,383728524,1897135177,1662581,42372599,711012212,2608147389
2021-04-22,239367574,1891851692,929028,42744546,718535818,2610387510
2021-04-23,215017169,1857133848,653900,42721036,688663099,2545796947
2021-04-26,553425960,2106913113,1281900,26599456,447934839,2554847952
2021-04-27,224976311,2109403979,1291000,24640939,398936803,2508340782
2021-04-28,412654317,2257892064,1577225,6217381,103581567,2361473631
2021-04-29,277271425,2234872073,523500,5750358,95398439,2330270512
2021-04-30,289111491,2221474707,171577,4753235,77810456,2299285163
2021-05-06,410999414,2275603000,1229100,5299235,89981010,2365584010
2021-05-07,473472654,2509562840,370500,4358235,72826107,2582388947
2021-05-10,733732105,2696498532,1137100,4854135,89219001,2785717533
2021-05-11,1220709481,2978835812,2027000,6044558,117868881,3096704693
2021-05-12,612036333,3095683117,749200,6266958,134426249,3230109366
2021-05-13,1468062004,3406226265,1513156,7052558,147539513,3553765778
2021-05-14,1118873496,3529164814,535100,6446358,148330697,3677495511
2021-05-17,1032724424,3456175314,1482816,6608574,157085803,3613261117
2021-05-18,893786979,3603837919,1243661,6633435,155686720,3759524639
2021-05-19,906384948,3578448649,1769321,6758440,166257625,3744706274
2021-05-20,788172814,3414162618,1162572,6447012,148603627,3562766245
2021-05-21,1131656753,3565336543,1047290,6008268,150206700,3715543243
2021-05-24,1150182221,3698932889,1121100,5291298,119054206,3817987095
2021-05-25,648246455,3666602147,1279547,5425906,116656980,3783259127
2021-05-26,751594386,3853284704,679859,5161578,114328953,3967613657
2021-05-27,349914354,3712864841,517500,4725719,102831645,3815696486
2021-05-28,1009941698,3847831966,1446607,5055465,116477914,3964309880
2021-05-31,713333726,3667094184,865400,4411258,104767378,3771861562
2021-06-01,859645585,3809342245,1918000,5546058,131940720,3941282965
2021-06-02,649794015,3885356223,593891,5157749,118421916,4003778139
2021-06-03,595968734,3878460079,667400,5172949,121047006,3999507085
2021-06-04,779326889,3948960711,536308,4665757,110018550,4058979261
2021-06-07,517768732,3894296853,348600,4243157,96743979,3991040832
2021-06-08,358295691,3678918653,805344,4399701,99037269,3777955922
2021-06-09,258192780,3663556408,494000,4438557,100000689,3763557097
2021-06-10,568417793,3694145682,1405585,4886842,113814551,3807960233
2021-06-11,616193072,3586826360,1136161,4545710,105869586,3692695946
2021-06-15,724007590,3666652975,846988,4347415,102512046,3769165021
2021-06-16,581338491,3623663904,1638453,4940780,104843351,3728507255
2021-06-17,282596929,3550410421,718600,4621280,99588584,3649999005
2021-06-18,614919756,3591542683,2379800,5599480,132651681,3724194364
2021-06-21,398582447,3498050359,613263,5215028,123231113,3621281472
2021-06-22,816411610,3707460785,1598247,5365975,129427318,3836888103
2021-06-23,1132595336,3720179082,1687300,4692501,124492051,3844671133
2021-06-24,893712209,3858154160,828600,4621854,121185011,3979339171
2021-06-25,568478855,3929805278,586737,4356091,115175047,4044980325
2021-06-28,670964694,4037273000,939800,4212754,112522659,4149795659
2021-06-29,584587673,4108200034,959537,4573271,118447719,4226647753
2021-06-30,525795209,4260924330,191400,3113278,81816946,4342741276
2021-07-01,889001044,4181705390,3150980,6840911,128677537,4310382927
2021-07-02,351415968,4117709552,249940,5921391,106999536,4224709088
2021-07-05,759582485,4252180021,2020780,6882284,133998070,4386178091
2021-07-06,710272315,4181960887,917420,6330084,126538378,4308499265
2021-07-07,728917481,4315410429,1275034,6485198,132298039,4447708468
2021-07-08,432250299,4256517243,252720,5270904,107210186,4363727429
2021-07-09,562414210,4282407108,1503800,5688668,119405139,4401812247
2021-07-12,717493309,4282762159,765505,5168013,109148434,4391910593
2021-07-13,455857281,4297145362,648232,4930141,100772080,4397917442
2021-07-14,411738063,4285359702,1014618,4516101,88831706,4374191408
2021-07-15,429411750,4268262910,873180,4452306,85261659,4353524569
2021-07-16,306104886,4143865085,470000,4111126,78645841,4222510926
2021-07-19,234457973,4126602830,512440,4106166,76251502,4202854332
2021-07-20,325119931,4192646083,1529208,4818554,93142649,4285788732
2021-07-21,386605399,4077801921,976500,4204144,83788591,4161590512
2021-07-22,457431834,3999707937,526200,3959324,76850479,4076558416
2021-07-23,336006965,3872063212,947080,3696041,71998879,3944062091
2021-07-26,397475611,3861457100,953340,3715520,69517379,3930974479
2021-07-27,245914206,3739879358,979860,3603360,64500144,3804379502
2021-07-28,282816958,3645645389,1913716,4194236,69456549,3715101938
2021-07-29,211911320,3617553459,1032301,3552061,61983464,3679536923
2021-07-30,362007342,3663967372,1961660,4218208,77615027,3741582399
2021-08-02,451030144,3728630035,1469720,3914408,74334607,3802964642
2021-08-03,183805163,3658098384,707260,3445368,62326706,3720425090
2021-08-04,338032836,3556289434,2663744,4907393,93878429,3650167863
2021-08-05,292794784,3505997483,834592,4108145,78136919,3584134402
2021-08-06,440185861,3552829045,3298417,5607232,108724228,3661553273
2021-08-09,245191483,3514678182,633801,4725322,90206397,3604884579
2021-08-10,469552966,3515476726,1906240,5000482,99459585,3614936311
2021-08-11,447778373,3580428377,592260,4314002,85848639,3666277016
2021-08-12,740290362,3637937251,3276966,5853950,125098912,3763036163
2021-08-13,613117734,3705072423,935254,5385284,112875554,3817947977
2021-08-16,752665982,3922704491,2258993,5922834,126985559,4049690050
2021-08-17,608013059,3964870320,1419206,5660107,120616882,4085487202
2021-08-18,530571823,4010090337,666678,4437871,90443811,4100534148
2021-08-19,856417473,4065956133,1890112,4889733,109627815,4175583948
2021-08-20,786020034,4336226973,613865,4222778,94759137,4430986110
2021-08-23,1118470673,4551251945,2300759,5288645,119523377,4670775322
2021-08-24,827830290,4265758971,2221979,5873364,126747195,4392506166
2021-08-25,455992569,4043486159,989700,5555005,117599457,4161085616
2021-08-26,301830141,4004705775,504540,5300945,109358494,4114064269
2021-08-27,403360033,3799594631,2103100,6121345,128854312,3928448943
2021-08-30,396665051,3684542909,962948,5829693,123822677,3808365586
2021-08-31,312582251,3604072399,487523,4797668,98927915,3703000314
2021-09-01,290603885,3584089220,828960,4655925,92792585,3676881805
2021-09-02,275850199,3516968579,675400,4552365,91866726,3608835305
2021-09-03,282910912,3453333982,745560,3929705,76236276,3529570258
2021-09-06,209831440,3446058873,1924372,4921817,98141029,3544199902
2021-09-07,297523223,3494579090,1128998,4351134,88719621,3583298711
2021-09-08,241909193,3502991907,543900,3471571,70091017,3573082924
2021-09-09,191606890,3349995462,1006380,3712513,75326887,3425322349
2021-09-10,158976292,3348962032,582405,3192620,63628915,3412590947
2021-09-13,250490243,3361584061,820100,3293860,62945666,3424529727
2021-09-14,167609803,3366532055,1011720,3583539,68624772,3435156827
2021-09-15,128003341,3366648136,348060,3365239,62694402,3429342538
2021-09-16,164665519,3286521048,504600,3288439,58468446,3344989494
2021-09-17,138534784,3260731081,816020,2937918,52089286,3312820367
2021-09-22,91011536,3243902932,649080,2718978,46929562,3290832494
2021-09-23,94412884,3239136471,942340,3172698,55744304,3294880775
2021-09-24,86472171,3219379102,476500,3056818,52485565,3271864667
2021-09-27,110037173,3203623029,561180,3132678,54038695,3257661724
2021-09-28,68832653,3169812219,348780,3027398,51193300,3221005519
2021-09-29,119666069,3163622616,930400,3271606,54046931,3217669547
2021-09-30,109151802,3159234494,190082,2476115,41351121,3200585615
2021-10-08,201646160,3222919668,1653440,3485304,61689881,3284609549
2021-10-11,144219350,3235268629,534147,3511766,62333847,3297602476
2021-10-12,145967917,3174157838,1026199,3622325,65600306,3239758144
2021-10-13,165862993,3166134735,1298300,4469545,82686583,3248821318
2021-10-14,113347990,3133063362,565400,3955105,72022462,3205085824
2021-10-15,93964128,3044414628,565560,3972645,72421319,3116835947
2021-10-18,114272277,3044108995,977220,4340091,79380264,3123489259
2021-10-19,122143280,3084230631,341600,4119731,74608329,3158838960
2021-10-20,574930316,3340022623,1700784,4969055,96846881,3436869504
2021-10-21,252657510,3420780968,514620,4729287,90140211,3510921179
2021-10-22,330835904,3468931598,822100,4648827,90652127,3559583725
2021-10-25,463121247,3503375119,838700,4766327,95040560,3598415679
2021-10-26,446770453,3567309332,718996,4632003,90416697,3657726029
2021-10-27,251189846,3597517987,1039200,5030583,99354015,3696872002
2021-10-28,186591676,3497155977,447620,4928403,92407557,3589563534
2021-10-29,205251165,3486868870,510860,4711663,91877429,3578746299
2021-11-01,337920263,3378934201,1261820,5058134,103894071,3482828272
2021-11-02,397445173,3453814251,302249,4406542,89320606,3543134857
2021-11-03,214881754,3372413308,183800,4232573,84185877,3456599185
2021-11-04,234325352,3070884908,1404000,4974202,103562885,3174447793
2021-11-05,236847102,3029862213,856260,4770862,99233930,3129096143
2021-11-08,255131857,2990947359,1108140,5122151,107309064,3098256423
2021-11-09,151756996,2977606472,645700,5049802,105288372,3082894844
2021-11-10,184555631,2964982126,237500,5023062,103073232,3068055358
2021-11-11,312675457,2946691949,745080,4970662,103936543,3050628492
2021-11-12,439345332,3099138059,988100,5471902,118521398,3217659457
2021-11-15,360400899,3091234269,925388,5337130,107222940,3198457209
2021-11-16,422357703,3102828320,1083300,4710630,86063211,3188891531
2021-11-17,211264641,3020165001,528140,4570290,83179278,3103344279
2021-11-18,181782209,2980468869,402600,3897968,70397302,3050866171
2021-11-19,269166510,3010633846,1464480,4402148,80163115,3090796961
2021-11-22,294587432,3071730455,697329,4140737,76479414,3148209869
2021-11-23,353642571,3142604311,623700,3907737,70378344,3212982655
2021-11-24,179878745,3056204953,180560,3587597,63069955,3119274908
2021-11-25,156362283,3061822169,678360,3817557,66158262,3127980431
2021-11-26,158363343,3093275246,539697,3899254,67730043,3161005289
2021-11-29,150976071,3111678780,276160,3761217,65407563,3177086343
2021-11-30,153845548,3118619418,308700,3807617,66138308,3184757726
2021-12-01,99611315,3100053851,240900,3469917,59994865,3160048716
2021-12-02,167041026,3141304322,918700,3882999,67991313,3209295635
2021-12-03,126437014,3155936775,241600,3591532,62313080,3218249855
2021-12-06,78804347,3082779417,230900,3412332,58760357,3141539774
2021-12-07,102188659,3079505790,481000,3670032,63675055,3143180845
2021-12-08,198871556,3147529213,420000,3831032,67311232,3214840445
2021-12-09,205234376,3108041527,222300,3446192,61548990,3169590517
2021-12-10,171323972,3080179459,287280,3524172,63611304,3143790763
2021-12-13,133326754,3076945995,540100,3686417,65876271,3142822266
2021-12-14,109109944,3035685338,131160,2928937,50904925,3086590263
2021-12-15,64528834,2997011126,395800,2917383,50499902,3047511028
2021-12-16,80448382,2984675431,505900,3154483,54761826,3039437257
2021-12-17,47415461,2952690588,256503,3151486,54111015,3006801603
2021-12-20,144785978,2855910144,1369480,3935623,62773188,2918683332
2021-12-21,58826987,2847029866,1033100,4449383,71101140,2918131006
2021-12-22,45734394,2826577632,425100,4157254,66765500,2893343132
2021-12-23,57526669,2814493107,438000,4086636,65631375,2880124482
2021-12-24,117339795,2805587351,1084560,4542856,69914554,2875501905
2021-12-27,71339788,2796308581,755717,4127434,62406802,2858715383
2021-12-28,55056737,2779584452,1108738,4544355,70392058,2849976510
2021-12-29,62974067,2799972149,129000,4154415,63147107,2863119256
2021-12-30,53303331,2800133782,346900,4081315,61872736,2862006518
2021-12-31,39697878,2757474541,359260,3941675,59874043,2817348584
2022-01-04,96975144,2781158352,910377,4124891,63482073,2844640425
