日期,融资买入额(元),融资余额(元),融券卖出量,融券余量,融券余额(元),融资融券余额(元)
2017-07-12,23245025,488975185,12800,135274,2466045,491441230
2017-07-13,12237694,491819456,21200,121574,2204137,494023593
2017-07-14,7596410,484090199,9300,104874,1912902,486003101
2017-07-17,11786664,478653618,65400,163274,2783822,481437440
2017-07-18,5296508,469147517,61800,154974,2721343,471868860
2017-07-19,5094986,461816024,25400,120174,2139097,463955121
2017-07-20,8302429,459669576,12000,108974,1927750,461597326
2017-07-21,2664709,450847407,64600,166974,2987165,453834572
2017-07-24,7716543,454413810,6600,130374,2307620,456721430
2017-07-25,4139710,454311025,22700,136474,2382836,456693861
2017-07-26,4901893,449689646,18100,90974,1620247,451309893
2017-07-27,38858583,445725751,158100,243000,4709340,450435091
2017-07-28,15585205,429893199,15000,136800,2651184,432544383
2017-07-31,17842267,431114730,27000,134600,2604510,433719240
2017-08-01,10987647,433365503,8700,110000,2109800,435475303
2017-08-02,9177218,431587027,63800,158300,2979206,434566233
2017-08-03,42006588,442416011,67100,188700,3600396,446016407
2017-08-04,20727260,436259823,39202,136602,2622758,438882581
2017-08-07,42262296,445823766,57500,172302,3411580,449235346
2017-08-08,33629424,441611398,38300,195102,3925452,445536850
2017-08-09,26660927,435774004,4700,171502,3366584,439140588
2017-08-10,22440971,432547619,42900,173900,3373660,435921279
2017-08-11,26391830,438652511,38100,178300,3471501,442124012
2017-08-14,49871326,439452636,59900,210500,4361560,443814196
2017-08-15,53238879,435267458,38300,217700,4602178,439869636
2017-08-16,35783581,426798071,21300,204100,4347330,431145401
2017-08-17,77496134,448507770,47700,126400,2799760,451307530
2017-08-18,42063033,455407462,4700,73600,1588288,456995750
2017-08-21,65735143,493816318,45900,103200,2203320,496019638
2017-08-22,38224910,497577144,50100,126800,2710984,500288128
2017-08-23,40381652,507233432,74002,178502,3789597,511023029
2017-08-24,37704626,497380487,9000,126202,2587141,499967628
2017-08-25,17534371,486431483,50500,158502,3328542,489760025
2017-08-28,46381283,479861263,36400,177602,3743850,483605113
2017-08-29,30803153,488405391,34800,181002,3781132,492186523
2017-08-30,33740634,500196520,11278,174880,3620016,503816536
2017-08-31,53363018,517464146,88100,247780,5357004,522821150
2017-09-01,62709367,510002415,40300,213780,4720262,514722677
2017-09-04,54381865,516826063,78500,273880,6058226,522884289
2017-09-05,27439444,510104755,21300,228380,5081455,515186210
2017-09-06,35739506,504440122,64700,264880,6026020,510466142
2017-09-07,46833923,486196200,18000,212780,4649243,490845443
2017-09-08,36967744,501636166,20200,193280,4257958,505894124
2017-09-11,41713796,519816298,51300,177680,3891192,523707490
2017-09-12,50162192,531070033,87000,232780,5193322,536263355
2017-09-13,47820169,543482367,30200,211480,4705430,548187797
2017-09-14,30155331,545743962,22700,203080,4459637,550203599
2017-09-15,30136929,549433923,18200,182580,3963812,553397735
2017-09-18,29330753,552771932,63200,225780,4973933,557745865
2017-09-19,20588673,551973558,31900,188480,4090016,556063574
2017-09-20,37895938,565460900,7700,134308,2867476,568328376
2017-09-21,26115741,570327315,72800,199008,4167227,574494542
2017-09-22,21239969,572244635,7900,139408,2945691,575190326
2017-09-25,30695011,578237138,70100,177480,3753702,581990840
2017-09-26,15214941,578927580,7800,153880,3251484,582179064
2017-09-27,27210362,582061772,3300,155080,3334220,585395992
2017-09-28,27041544,573798615,67100,192080,4231522,578030137
2017-09-29,16832333,560662651,3900,162280,3592879,564255530
2017-10-09,68143597,591735292,69300,211480,4694856,596430148
2017-10-10,53511470,605199245,17300,205380,4555328,609754573
2017-10-11,69567623,599223993,53900,253580,5771481,604995474
2017-10-12,47386348,608055747,3200,197080,4519044,612574791
2017-10-13,33255947,592116148,42100,228980,5110834,597226982
2017-10-16,34478881,595563831,5100,202994,4374521,599938352
2017-10-17,9350750,593770636,30500,212294,4530354,598300990
2017-10-18,12600907,587924614,18800,185994,3933773,591858387
2017-10-19,18971844,591523835,22200,177794,3747898,595271733
2017-10-20,11580494,592450049,6000,137394,2915501,595365550
2017-10-23,14360983,593267164,40200,152416,3281516,596548680
2017-10-24,13087604,583166161,7500,125216,2680875,585847036
2017-10-25,59424318,592012084,83300,197216,4441304,596453388
2017-10-26,36628858,588263383,25100,183916,4128914,592392297
2017-10-27,47369440,586005478,18000,155816,3546372,589551850
2017-10-30,76364127,602688768,68900,199716,4589474,607278242
2017-10-31,110973015,638486246,40926,214642,5138529,643624775
2017-11-01,65819838,640569779,4900,205242,4927860,645497639
2017-11-02,78001399,646281864,24400,208242,4824967,651106831
2017-11-03,55723385,639034670,44500,201242,4682901,643717571
2017-11-06,84486364,661445064,35600,223314,5515856,666960920
2017-11-07,137631006,697745912,12200,209014,5154285,702900197
2017-11-08,122264030,720798558,46100,236114,6027990,726826548
2017-11-09,110193748,703034269,20400,203614,5259350,708293619
2017-11-10,74011130,691246134,7700,199914,5057824,696303958
2017-11-13,99423113,709142570,12400,192314,5075166,714217736
2017-11-14,66355650,711826566,3842,178256,4632873,716459439
2017-11-15,71744231,715381511,28600,171856,4208753,719590264
2017-11-16,40225598,716896611,40500,178012,4393336,721289947
2017-11-17,40088816,711382060,26300,176556,4210861,715592921
2017-11-20,57562406,680715289,45800,209056,5205494,685920783
2017-11-21,42480774,683435825,9700,195156,4863288,688299113
2017-11-22,63012047,684021663,40300,198156,4898416,688920079
2017-11-23,47296961,673460616,22600,167256,3979020,677439636
2017-11-24,26956331,675408677,8600,152456,3559848,678968525
2017-11-27,22871962,664037759,41900,184956,4233643,668271402
2017-11-28,43381020,667606019,24700,185856,4440100,672046119
2017-11-29,44787283,670373674,31700,197556,4812464,675186138
2017-11-30,36009933,661553554,3100,173900,4072738,665626292
2017-12-01,57982027,678790616,24000,170600,4155816,682946432
2017-12-04,61957364,681204890,27002,189502,4620059,685824949
2017-12-05,58445803,674830005,26200,173202,4033875,678863880
2017-12-06,62408422,682275786,48800,183502,4147145,686422931
2017-12-07,20227961,671523672,18100,160502,3595245,675118917
2017-12-08,17422573,644992411,26700,179802,4130052,649122463
2017-12-11,41448271,624220490,69200,227802,5446746,629667236
2017-12-12,40657890,629124121,9100,202802,4869276,633993397
2017-12-13,27947978,632965515,8400,194902,4708832,637674347
2017-12-14,100869858,657444445,26000,213002,5380431,662824876
2017-12-15,39033782,636987073,12900,211502,5296010,642283083
2017-12-18,26794470,625529142,7700,202002,5007630,630536772
2017-12-19,30669173,631903285,19000,194902,4853060,636756345
2017-12-20,47553631,643812045,21800,197502,4740048,648552093
2017-12-21,32554585,638471612,30000,202402,4924441,643396053
2017-12-22,27012809,623463383,12600,185702,4484703,627948086
2017-12-25,36464949,625611895,65300,248802,6021008,631632903
2017-12-26,30391695,631619294,5000,186302,4510371,636129665
2017-12-27,25926622,639901757,20700,206002,4867827,644769584
2017-12-28,36355002,638482456,4400,193402,4500465,642982921
2017-12-29,14855285,633267726,19000,202102,4719082,637986808
2018-01-02,29059889,636410854,2000,195002,4508446,640919300
2018-01-03,40650098,645896622,20400,192502,4512247,650408869
2018-01-04,35966597,644359114,12800,184902,4287877,648646991
2018-01-05,64850726,649067848,53600,228002,5066204,654134052
2018-01-08,34071595,651635780,20300,188802,4219725,655855505
2018-01-09,18396040,649197995,9600,188702,4181636,653379631
2018-01-10,32231434,652194272,49600,227802,5136935,657331207
2018-01-11,30634679,640726258,15900,196902,4514963,645241221
2018-01-12,18822732,629621825,4600,184602,4155391,633777216
2018-01-15,27811688,623530275,42128,215230,4573638,628103913
2018-01-16,65005478,627205130,27300,168902,3354394,630559524
2018-01-17,17884693,601014295,29200,146502,3009151,604023446
2018-01-18,20559020,611910273,10000,133802,2685406,614595679
2018-01-19,36380159,617964232,52600,168702,3525872,621490104
2018-01-22,45688331,624284950,28800,152802,3277603,627562553
2018-01-23,35529549,639285500,14200,136702,2915854,642201354
2018-01-24,37490466,640116624,24700,147199,3214826,643331450
2018-01-25,34818830,610917572,45400,170599,3725882,614643454
2018-01-26,26093582,614744309,6100,128499,2799993,617544302
2018-01-29,63974418,654217259,45200,134199,2743028,656960287
2018-01-30,18975872,650109040,30000,124499,2609499,652718539
2018-01-31,23796634,642959759,46800,149899,3215334,646175093
2018-02-01,28942602,633927632,53970,168569,3555120,637482752
2018-02-02,29109437,635620932,34500,177569,3657921,639278853
2018-02-05,17648001,628768381,10300,166769,3435441,632203822
2018-02-06,28790751,620042074,26300,182469,3567269,623609343
2018-02-07,25110103,609333378,44200,202469,4055454,613388832
2018-02-08,18793840,606970041,18500,155969,3181768,610151809
2018-02-09,21030640,595758165,35700,140469,2799547,598557712
2018-02-12,42561397,610279302,40800,163469,3459004,613738306
2018-02-13,26988486,589640353,36700,178972,3831791,593472144
2018-02-14,12054625,576687293,6000,146672,3146114,579833407
2018-02-22,29823971,584504756,48000,184672,4075711,588580467
2018-02-23,27783095,590120984,7800,162900,3534930,593655914
2018-02-26,42868103,592239588,23000,176400,3937248,596176836
2018-02-27,70140901,597136522,36200,191700,4393764,601530286
2018-02-28,51122668,593558551,10300,191300,4455377,598013928
2018-03-01,96038116,597897501,31400,199100,4858040,602755541
2018-03-02,58227855,583101434,0,187500,4462500,587563934
2018-03-05,83403054,607705253,9100,194600,4719050,612424303
2018-03-06,77627476,593077293,24100,189900,4565196,597642489
2018-03-07,53993714,604411484,6000,185000,4388200,608799684
2018-03-08,47804348,612519015,15300,194700,4655277,617174292
2018-03-09,119069459,650661878,21900,204300,5078898,655740776
2018-03-12,98745759,653523840,22300,190534,4919588,658443428
2018-03-13,66227248,660480914,9393,185327,4685067,665165981
2018-03-14,83546394,679268317,8500,180827,4397713,683666030
2018-03-15,80502335,688657553,11100,176927,4285172,692942725
2018-03-16,41429757,677183625,22100,180221,4298271,681481896
2018-03-19,77024213,695875723,13900,182021,4388526,700264249
2018-03-20,46909301,681962672,37668,200789,4843031,686805703
2018-03-21,58412176,690735015,24700,207389,4956597,695691612
2018-03-22,53387723,695631193,17800,201889,4891770,700522963
2018-03-23,58795618,674627847,24729,171518,3936338,678564185
2018-03-26,65429039,663369184,57966,180584,4465842,667835026
2018-03-27,131117526,672330760,47300,179584,4613513,676944273
2018-03-28,93450805,693599295,25800,176084,4417948,698017243
2018-03-29,126868028,702819493,71897,228781,5795023,708614516
2018-03-30,228321994,725043671,34268,220549,6034221,731077892
2018-04-02,206190233,723104552,43523,212972,5884416,728988968
2018-04-03,130470636,748585809,45700,230272,6330177,754915986
2018-04-04,107908456,737017167,17500,200754,5291876,742309043
2018-04-09,153713403,780236474,47600,211754,5664420,785900894
2018-04-10,139481825,810444496,39200,226554,5983292,816427788
2018-04-11,127980645,831269348,31189,238143,6325078,837594426
2018-04-12,78630764,830290248,15000,229123,6003022,836293270
2018-04-13,97518304,837010975,27400,202723,5420813,842431788
2018-04-16,159959001,870685178,60900,237423,6571869,877257047
2018-04-17,148979927,836709223,23656,183442,4819021,841528244
2018-04-18,149393376,807711681,128500,275960,7909014,815620695
2018-04-19,214522577,815188587,22100,218560,6357910,821546497
2018-04-20,161885298,802315682,88900,276402,7896805,810212487
2018-04-23,212346376,850890345,62085,236191,6230719,857121064
2018-04-24,94267280,850022583,28600,204706,5533203,855555786
2018-04-25,107941920,863871677,58100,240506,6371004,870242681
2018-04-26,83857719,839059269,42900,244606,6535872,845595141
2018-04-27,66152692,818104581,28500,210102,5525683,823630264
2018-05-02,124706762,839476148,113500,250502,6234995,845711143
2018-05-03,138135668,800468368,123300,286302,6985769,807454137
2018-05-04,68434990,782814582,50800,297602,7246609,790061191
2018-05-07,64066385,795682890,35000,287402,7190798,802873688
2018-05-08,63623775,809396987,16680,271782,6764654,816161641
2018-05-09,43987595,818412262,11100,259005,6381883,824794145
2018-05-10,52831019,823388862,32500,267405,6497942,829886804
2018-05-11,38392332,824709739,33115,217320,5115712,829825451
2018-05-14,53749976,822484754,53630,256223,6144228,828628982
2018-05-15,67948545,839989342,70800,257523,6208879,846198221
2018-05-16,47040064,831507315,27700,228223,5433990,836941305
2018-05-17,50226948,853502672,22300,217823,5090523,858593195
2018-05-18,34003685,856688050,31700,209123,4920664,861608714
2018-05-21,46127655,823148103,68900,243023,5927331,829075434
2018-05-22,45693969,801773314,36300,227463,5625160,807398474
2018-05-23,43391590,796292121,50400,229663,5656600,801948721
2018-05-24,30259342,780848066,39300,222863,5580490,786428556
2018-05-25,39736598,778637821,59600,192563,4671579,783309400
2018-05-28,43949718,787099098,44710,189773,4448280,791547378
2018-05-29,36651424,787202493,42909,177282,4208674,791411167
2018-05-30,37578808,769045968,63000,188982,4459975,773505943
2018-05-31,40504333,764532188,28900,131682,3170903,767703091
2018-06-01,43223954,746229333,74900,174082,4242378,750471711
2018-06-04,49049078,737306575,68643,172034,3991189,741297764
2018-06-05,38429114,741959494,22200,132591,3183509,745143003
2018-06-06,42584945,750970109,27100,140691,3324528,754294637
2018-06-07,24743764,748101346,31900,146196,3461921,751563267
2018-06-08,26558415,740464050,53491,166787,3969530,744433580
2018-06-11,35959038,748753131,78380,217267,5094911,753848042
2018-06-12,34907305,746690932,49900,214667,5066141,751757073
2018-06-13,21885652,735186037,33700,199018,4601296,739787333
2018-06-14,104719894,712147014,66900,184118,3833337,715980351
2018-06-15,32927101,677287302,74500,155217,3220753,680508055
2018-06-19,28785454,663781865,64800,170352,3458146,667240011
2018-06-20,29022900,666966197,50500,152652,3147684,670113881
2018-06-21,29266776,661726636,56501,124363,2397719,664124355
2018-06-22,26508394,661113847,47200,108664,2125468,663239315
2018-06-25,22473068,648958750,90700,161129,3166185,652124935
2018-06-26,34482462,649078979,61800,150429,3070256,652149235
2018-06-27,27422419,647596059,42700,141729,2861509,650457568
2018-06-28,24760941,647413792,53200,134229,2687265,650101057
2018-06-29,42970500,636103913,75800,166829,3540111,639644024
2018-07-02,32853598,631886872,47661,175328,3652082,635538954
2018-07-03,42878627,635881698,43700,174428,3751946,639633644
2018-07-04,24862717,633160573,23100,160128,3321055,636481628
2018-07-05,20524063,634228942,34126,165254,3313343,637542285
2018-07-06,24673714,632090629,51500,191254,3905407,635996036
2018-07-09,32429138,631260779,37500,179954,3818624,635079403
2018-07-10,20747196,618354695,39393,200947,4280171,622634866
2018-07-11,27484933,603090506,24400,133818,2745945,605836451
2018-07-12,53539733,629796840,72100,183318,3886342,633683182
2018-07-13,24354918,619276018,10600,154418,3269029,622545047
2018-07-16,43304270,638630381,63400,211818,4490542,643120923
2018-07-17,26348877,632727218,15000,181118,3787177,636514395
2018-07-18,18309428,630142031,15300,144120,2970313,633112344
2018-07-19,15813856,625018541,32400,166020,3343643,628362184
2018-07-20,20600981,619125906,47400,174300,3601038,622726944
2018-07-23,23175456,606855629,44200,184100,3948945,610804574
2018-07-24,24912731,590781880,31000,185800,4054156,594836036
2018-07-25,17519518,578641436,56742,210642,4600421,583241857
2018-07-26,17805320,581650792,18900,173742,3749352,585400144
2018-07-27,18677048,591789487,13700,132944,2829048,594618535
2018-07-30,32633973,599967935,20500,124044,2570192,602538127
2018-07-31,28888240,616605911,43600,138744,2819278,619425189
2018-08-01,23195607,622401484,21000,114544,2305771,624707255
2018-08-02,51805329,627310221,58593,129137,2422610,629732831
2018-08-03,52493395,626559669,31500,79137,1335833,627895502
2018-08-06,24669786,617809928,25014,64051,1069652,618879580
2018-08-07,21317842,608038286,13800,56751,959092,608997378
2018-08-08,19900516,603629667,86880,127931,2063527,605693194
2018-08-09,22979734,591976329,79700,191131,3279808,595256137
2018-08-10,25501052,592985680,18800,170673,2988484,595974164
2018-08-13,25160198,572430795,51395,202868,3708427,576139222
2018-08-14,15931989,574407546,10600,179968,3223227,577630773
2018-08-15,13842694,572996902,21700,176768,3098743,576095645
2018-08-16,15171596,572599622,35200,182768,3149092,575748714
2018-08-17,13719865,565417032,49700,185168,3207109,568624141
2018-08-20,13880642,568724839,44600,184068,3239596,571964435
2018-08-21,18851670,569514174,29600,198700,3495133,573009307
2018-08-22,10980287,569686685,19520,198220,3387580,573074265
2018-08-23,18997368,565510734,50000,220120,3849899,569360633
2018-08-24,6396906,555750681,1400,209420,3685792,559436473
2018-08-27,19519970,553863340,18300,216520,3996959,557860299
2018-08-28,12695137,550504240,9070,213194,3935561,554439801
2018-08-29,11713629,543808068,24000,234394,4359728,548167796
2018-08-30,8773561,537787095,17708,227977,4238092,542025187
2018-08-31,9189968,534090704,26326,232314,4204884,538295588
2018-09-03,12858271,538301937,49500,250501,4646793,542948730
2018-09-04,24614562,541718735,39151,250293,4790608,546509343
2018-09-05,19565535,541745967,19600,238273,4462853,546208820
2018-09-06,26233839,548761138,37100,255773,4864802,553625940
2018-09-07,10459390,536826416,30200,245973,4599695,541426111
2018-09-10,8193194,536576187,22880,246353,4569848,541146035
2018-09-11,5903348,535108026,19400,252453,4703199,539811225
2018-09-12,6435489,532198504,28300,248853,4563964,536762468
2018-09-13,8810288,530420800,30200,259353,4878430,535299230
2018-09-14,8462529,528426123,41300,253565,4675739,533101862
2018-09-17,8878293,524487448,31800,246765,4377611,528865059
2018-09-18,10914176,526734297,48600,269365,4996721,531731018
2018-09-19,10269313,524760763,27700,264365,4938338,529699101
2018-09-20,7584525,522786532,6100,252313,4728346,527514878
2018-09-21,13817746,523821799,30900,276413,5229734,529051533
2018-09-25,11447018,523282497,6500,263313,4989781,528272278
2018-09-26,9115967,523531435,34234,290595,5495152,529026587
2018-09-27,13540329,526860416,16100,250195,4581071,531441487
2018-09-28,18193395,526802797,52100,284409,5363954,532166751
2018-10-08,11882263,525773937,15900,227909,4052223,529826160
2018-10-09,6311431,514469994,25200,234009,4113879,518583873
2018-10-10,7920120,515049325,32900,241909,4218893,519268218
2018-10-11,9490397,497726787,55768,149377,2427377,500154164
2018-10-12,12527312,495334776,92500,184277,3031357,498366133
2018-10-15,9404510,486346233,104800,244277,4228435,490574668
2018-10-16,6793430,479960985,56300,262377,4546994,484507979
2018-10-17,10456068,474082314,68926,278103,5086504,479168818
2018-10-18,8405498,469098274,43300,280535,5021577,474119851
2018-10-19,27477966,473845463,42600,282535,5450100,479295563
2018-10-22,34984629,473222283,32900,262387,5245116,478467399
2018-10-23,24825614,474701647,44400,277287,5348866,480050513
2018-10-24,20133260,481212541,42500,290587,5529871,486742412
2018-10-25,17587008,480040892,51100,287687,5517837,485558729
2018-10-26,17350122,482912930,69700,293287,5510863,488423793
2018-10-29,8537870,478712748,77400,335187,6271349,484984097
2018-10-30,17303662,473650346,45000,320487,6230267,479880613
2018-10-31,13534958,471145561,44832,326727,6371177,477516738
2018-11-01,21593104,470333316,41500,284827,5511403,475844719
2018-11-02,17360580,442954363,81300,318927,6700656,449655019
2018-11-05,29180945,453435858,28300,268527,5620270,459056128
2018-11-06,22453102,460676620,49643,280270,5709100,466385720
2018-11-07,11958260,424595289,66100,315970,6477385,431072674
2018-11-08,8338827,420702460,36300,306870,6211049,426913509
2018-11-09,7699646,416214132,51100,317970,6550182,422764314
2018-11-12,18307368,415621448,46200,316670,6757738,422379186
2018-11-13,14997390,415252342,33456,305526,6471041,421723383
2018-11-14,15859271,421740312,44000,313426,6478515,428218827
2018-11-15,16240455,418049431,47200,335226,6989462,425038893
2018-11-16,30640404,431865043,29200,324826,6626451,438491494
2018-11-19,21874882,443591551,13000,299283,6108366,449699917
2018-11-20,28403624,462787797,43000,293583,5783585,468571382
2018-11-21,10058881,460580945,36800,276480,5388595,465969540
2018-11-22,5987073,451387367,32700,296980,5951480,457338847
2018-11-23,6016235,446887315,24900,296480,5751712,452639027
2018-11-26,7348559,440472227,46100,306180,6184836,446657063
2018-11-27,10927885,439093562,34499,326879,6661794,445755356
2018-11-28,6903544,434406113,21600,313579,6478542,440884655
2018-11-29,7453006,427896945,33100,310579,6264379,434161324
2018-11-30,5538360,427667030,31400,322238,6625213,434292243
2018-12-03,14419011,425630809,25000,312138,6542412,432173221
2018-12-04,13165542,425614399,17400,312438,6495586,432109985
2018-12-05,15004131,422957111,55800,334938,7164324,430121435
2018-12-06,16426674,420913664,40700,327438,7003899,427917563
2018-12-07,6851034,412291405,9600,327438,7023546,419314951
2018-12-10,10994773,408933976,32500,341338,7229539,416163515
2018-12-11,6214940,407055631,9000,339038,7204558,414260189
2018-12-12,5161861,398511317,8900,339438,7118015,405629332
2018-12-13,10189717,388654242,20700,342638,7448950,396103192
2018-12-14,11448962,389290393,14600,331738,6966498,396256891
2018-12-17,9436074,392557231,13297,302135,6254194,398811425
2018-12-18,8050585,389373930,20300,297038,6264532,395638462
2018-12-19,8149755,390417131,10700,289439,5817724,396234855
2018-12-20,7620795,392448917,21400,291239,5883028,398331945
2018-12-21,1883746,388745731,21000,292439,5965756,394711487
2018-12-24,7951395,383213195,18000,291639,6264406,389477601
2018-12-25,13236795,386755624,40200,311239,6691639,393447263
2018-12-26,6664977,385648110,12000,307239,6510394,392158504
2018-12-27,9545752,383296863,32800,326839,6765567,390062430
2018-12-28,6759360,380555167,16800,294339,6051610,386606777
2019-01-02,5779851,378967699,24700,281339,5896865,384864564
2019-01-03,9223290,378251810,19600,281439,5929920,384181730
2019-01-04,23459691,385798434,38808,299647,6454396,392252830
2019-01-07,29685945,386676550,12100,269439,6218652,392895202
2019-01-08,14734218,382056638,25500,289839,6674992,388731630
2019-01-09,15193898,377691692,17700,293539,6754332,384446024
2019-01-10,10033833,375477024,9800,291039,6737553,382214577
2019-01-11,12510602,375021025,5100,284439,6644495,381665520
2019-01-14,10715739,378016920,11300,271439,6224096,384241016
2019-01-15,19905532,361365765,13300,263939,6031006,367396771
2019-01-16,20637524,343740129,15700,258939,5916756,349656885
2019-01-17,12415608,345509769,2900,244939,5547868,351057637
2019-01-18,7584169,332223363,15300,253139,5898139,338121502
2019-01-21,9072080,331686661,62900,297639,6809980,338496641
2019-01-22,6492566,333993067,3500,296839,6732309,340725376
2019-01-23,4551838,332355869,4200,271239,6170687,338526556
2019-01-24,11452559,317771532,25200,291839,6834869,324606401
2019-01-25,10228773,313864986,5800,276239,6436369,320301355
2019-01-28,12575480,312880352,23800,291339,6706624,319586976
2019-01-29,8237970,311155097,30200,261939,6037694,317192791
2019-01-30,6558603,312169857,8519,249719,5616180,317786037
2019-01-31,12051928,315185302,14300,224900,4947800,320133102
2019-02-01,8733910,306756687,29300,240219,5671571,312428258
2019-02-11,22778204,304993651,13000,229119,5581339,310574990
2019-02-12,10325410,296634764,14900,195119,4751148,301385912
2019-02-13,28923850,306404931,27600,208819,5128595,311533526
2019-02-14,18593207,306795344,23700,226800,5581548,312376892
2019-02-15,10699282,303405402,15800,228200,5508748,308914150
2019-02-18,19844945,300923595,25200,246800,6278592,307202187
2019-02-19,31313554,306436486,27300,242900,6215811,312652297
2019-02-20,18715210,300183855,33000,246900,6258915,306442770
2019-02-21,37146019,317767679,29200,247500,6237000,324004679
2019-02-22,34373911,329977715,9000,237400,6084562,336062277
2019-02-25,44667078,318722531,77600,273800,7310460,326032991
2019-02-26,47509380,336421122,30700,268600,7010460,343431582
2019-02-27,63837772,349964170,33500,219600,5487804,355451974
2019-02-28,24488991,325122241,36900,222700,5745660,330867901
2019-03-01,22524738,319727096,25900,218100,5637885,325364981
2019-03-04,49935107,298393479,42900,225300,5963691,304357170
2019-03-05,50245146,312630109,45032,233129,6450679,319080788
2019-03-06,100936240,349493023,33627,220826,6282500,355775523
2019-03-07,104444619,385233317,41400,231026,6757511,391990828
2019-03-08,159834422,445865874,37100,227926,6721538,452587412
2019-03-11,103226849,441819548,38600,233626,7235397,449054945
2019-03-12,137524062,471729622,34802,237428,7526468,479256090
2019-03-13,116070802,441080984,27700,212979,6076291,447157275
2019-03-14,42707017,435266346,43200,225171,6230482,441496828
2019-03-15,32579729,420698262,33000,224971,6195701,426893963
2019-03-18,27305651,403704727,9700,226271,6353690,410058417
2019-03-19,32517415,396177609,33400,231671,6672125,402849734
2019-03-20,46530203,409809354,31091,234262,6594475,416403829
2019-03-21,33675496,401108770,34100,234662,6723066,407831836
2019-03-22,37841337,407383431,32400,234462,6571970,413955401
2019-03-25,34271067,377800258,19500,240062,6812960,384613218
2019-03-26,73846784,382730409,30500,241762,6853953,389584362
2019-03-27,34770758,376398044,26800,237162,6872955,383270999
2019-03-28,34599577,373494930,27800,237462,6791413,380286343
2019-03-29,57827930,384371096,33800,232562,6855928,391227024
2019-04-01,51852960,361295221,32600,235862,7240963,368536184
2019-04-02,72400414,377134500,32800,237362,7139849,384274349
2019-04-03,65947500,395205840,30300,229662,6770436,401976276
2019-04-04,49578924,386224854,30500,230562,6870748,393095602
2019-04-08,84901534,417669513,30900,222762,6286344,423955857
2019-04-09,29680310,414685048,41700,232199,6513182,421198230
2019-04-10,40089709,428240158,46400,231999,6377653,434617811
2019-04-11,32285699,426440842,30900,231099,6248917,432689759
2019-04-12,20064929,426672630,26500,171948,4646035,431318665
2019-04-15,52559550,432178533,95400,228048,6161857,438340390
2019-04-16,45692204,435021051,41800,169983,4674533,439695584
2019-04-17,35241680,437791788,102949,243132,6639935,444431723
2019-04-18,19926348,433267959,16200,155286,4189616,437457575
2019-04-19,25769897,431401094,28000,153086,4186902,435587996
2019-04-22,70510801,438246031,137000,262516,7429203,445675234
2019-04-23,58186730,433299862,30800,244216,6974809,440274671
2019-04-24,63273622,431791640,29100,241316,6942661,438734301
2019-04-25,33097424,417479587,42200,257316,7318067,424797654
2019-04-26,36397065,422913085,28300,241616,6743503,429656588
2019-04-29,38766136,411670758,33674,159990,4279733,415950491
2019-04-30,28312540,401842213,46459,176349,4632688,406474901
2019-05-06,21576952,379741937,49100,140949,3446203,383188140
2019-05-07,19088679,378478444,75100,175549,4330794,382809238
2019-05-08,20002874,383353657,100200,237149,5822008,389175665
2019-05-09,12453828,370469699,39400,176064,4405121,374874820
2019-05-10,32101754,371654910,96862,246726,6590051,378244961
2019-05-13,25207084,368510728,30100,242026,6476616,374987344
2019-05-14,19375034,370014306,37905,227631,5881985,375896291
2019-05-15,27153989,381382502,19020,206222,5299906,386682408
2019-05-16,23751669,386992127,16300,127300,3218144,390210271
2019-05-17,27778015,397308513,50760,150160,3660901,400969414
2019-05-20,16681030,399127787,50800,161860,3917012,403044799
2019-05-21,22153650,398292387,68700,176065,4341763,402634150
2019-05-22,17269851,387514507,83700,229065,5831995,393346502
2019-05-23,14913762,382455607,40800,235965,5809458,388265065
2019-05-24,16409076,390029986,40400,153965,3662827,393692813
2019-05-27,34792328,410868051,125300,232465,5755833,416623884
2019-05-28,13874047,403688654,27600,238965,5950229,409638883
2019-05-29,12973817,403487881,25200,231365,5684638,409172519
2019-05-30,11867708,402151117,34398,242863,6061860,408212977
2019-05-31,11253317,400743402,12300,221163,5378684,406122086
2019-06-03,15520412,401998955,46000,239063,5823575,407822530
2019-06-04,13600125,407977118,9300,147363,3519028,411496146
2019-06-05,7732843,397430269,43600,178663,4295059,401725328
2019-06-06,10333828,393055924,91002,244065,5852679,398908603
2019-06-10,9503729,391986204,16200,245265,6016350,398002554
2019-06-11,25153343,396819429,22800,242865,6142056,402961485
2019-06-12,21983144,400489324,400,211065,5327281,405816605
2019-06-13,22320788,410756431,14600,221365,5523057,416279488
2019-06-14,26712601,405156780,4100,209065,5201537,410358317
2019-06-17,11505562,398460177,17600,225965,5660423,404120600
2019-06-18,17502511,388782294,8000,216065,5513979,394296273
2019-06-19,30140783,381464726,21100,222665,5724717,387189443
2019-06-20,19530314,373948691,40300,236365,6216400,380165091
2019-06-21,24045404,358717064,25500,239965,6354273,365071337
2019-06-24,48046308,386364258,22700,226865,6109474,392473732
2019-06-25,22908228,379111977,32200,218965,5771917,384883894
2019-06-26,19138481,376256055,8000,215165,5770725,382026780
2019-06-27,17243854,373878376,29400,228165,6103414,379981790
2019-06-28,9906325,359057948,18500,225865,6075769,365133717
2019-07-01,36950874,332437580,55100,244465,6815684,339253264
2019-07-02,26217721,334150693,15800,248865,6985641,341136334
2019-07-03,20022937,333771783,8100,228965,6360648,340132431
2019-07-04,14249854,334550154,0,228265,6304679,340854833
2019-07-05,14365886,334001979,5900,224865,6282728,340284707
2019-07-08,15273368,322674173,47400,224465,6053821,328727994
2019-07-09,7005738,321816292,7000,217465,5882428,327698720
2019-07-10,7301859,321147102,6000,223465,6038024,327185126
2019-07-11,11051483,321415115,23300,238065,6458703,327873818
2019-07-12,6662422,320448432,3900,216524,5818000,326266432
2019-07-15,14974916,309082805,43900,224624,6316427,315399232
2019-07-16,11758488,308858355,23500,243024,6794951,315653306
2019-07-17,12903709,309949364,7400,233324,6491074,316440438
2019-07-18,9788082,309396312,22200,234024,6370133,315766445
2019-07-19,8367729,311065718,17100,226524,6188636,317254354
2019-07-22,9994809,305941348,56200,244624,6683128,312624476
2019-07-23,5740073,302955062,12300,229724,6388624,309343686
2019-07-24,16709718,304942119,26898,176122,4996581,309938700
2019-07-25,25758295,308630627,85100,240822,7000696,315631323
2019-07-26,15096365,306969572,23300,238722,6899066,313868638
2019-07-29,9463153,305170556,40200,261322,7513008,312683564
2019-07-30,13494915,296804812,24900,263122,7638432,304443244
2019-07-31,7897041,294511036,6900,234422,6770107,301281143
2019-08-01,6689990,293499132,21778,249800,7226714,300725846
2019-08-02,14182759,292862212,700,221022,6314599,299176811
2019-08-05,16112428,292461426,34000,242322,6831058,299292484
2019-08-06,17703325,291454715,51600,180022,5008212,296462927
2019-08-07,14878374,291441688,69100,234422,6455982,297897670
2019-08-08,12906791,294280514,26700,239122,6707372,300987886
2019-08-09,17040066,297567204,18500,168822,4625723,302192927
2019-08-12,18007478,301668428,66900,221822,6086796,307755224
2019-08-13,27019786,314907001,20800,168522,4467518,319374519
2019-08-14,17683340,304214196,99800,239722,6508453,310722649
2019-08-15,25510957,302979539,34500,232922,6512499,309492038
2019-08-16,44398111,317015036,28100,242922,6949999,323965035
2019-08-19,58866619,329865655,15300,251322,7537147,337402802
2019-08-20,22760301,326331058,30100,249422,7445246,333776304
2019-08-21,19740588,325664556,14000,256522,7670008,333334564
2019-08-22,15704938,326744175,7800,254022,7610499,334354674
2019-08-23,16133297,326918573,9800,248322,7427311,334345884
2019-08-26,20585035,324478773,7900,248822,7372596,331851369
2019-08-27,39187425,330311556,15500,252822,7554321,337865877
2019-08-28,43706743,342075633,13500,245922,7207973,349283606
2019-08-29,46859844,326702237,25300,257122,7842221,334544458
2019-08-30,63094785,337218202,11700,242222,7150393,344368595
2019-09-02,71859800,355273197,21800,252322,7935527,363208724
2019-09-03,65605475,377407457,23200,251722,8034966,385442423
2019-09-04,54759477,373848557,41500,251188,8053087,381901644
2019-09-05,97829673,403642115,56100,265788,8957056,412599171
2019-09-06,39094770,369892275,12800,257988,8854148,378746423
2019-09-09,54642226,361091033,9141,257329,9271564,370362597
2019-09-10,70556466,391578371,21800,258098,8863085,400441456
2019-09-11,37651447,390412153,3500,247109,8520319,398932472
2019-09-12,29531132,390872730,8100,255209,8779190,399651920
2019-09-16,58038535,409899257,11300,257109,8919111,418818368
2019-09-17,44278228,405388942,8800,243609,8209623,413598565
2019-09-18,29855079,410779116,9400,249409,8407578,419186694
2019-09-19,20037835,405904001,11600,253609,8632851,414536852
2019-09-20,27345847,402879422,6600,246009,8359386,411238808
2019-09-23,29903892,403729880,7900,246509,8307353,412037233
2019-09-24,48763224,395203275,2800,248009,8457107,403660382
2019-09-25,32066919,393058094,10500,249209,8390867,401448961
2019-09-26,35125357,377161437,18400,248309,8007966,385169403
2019-09-27,11505455,348888550,11900,238209,7746556,356635106
2019-09-30,32712569,342616418,30700,243009,7771428,350387846
2019-10-08,22718965,358163497,10700,237609,7446666,365610163
2019-10-09,13824976,360750821,10700,222809,7074186,367825007
2019-10-10,12897301,354926137,30963,248472,8117580,363043717
2019-10-11,8290034,349959241,11900,221972,7220749,357179990
2019-10-14,21541397,352621815,16300,235972,7881465,360503280
2019-10-15,22020249,354235993,5300,226472,7364869,361600862
2019-10-16,10200208,344794953,19500,241472,7871987,352666940
2019-10-17,13221564,345432272,5400,244472,8131139,353563411
2019-10-18,15738584,344124245,6600,240772,7825090,351949335
2019-10-21,15370380,340860626,5500,229774,7518205,348378831
2019-10-22,20915198,338133482,27700,244974,8265422,346398904
2019-10-23,15299472,337248865,0,244974,8316867,345565732
2019-10-24,14798858,338232328,6300,243574,8167036,346399364
2019-10-25,32815662,321319458,4100,233474,7756006,329075464
2019-10-28,49346486,332101138,23800,255674,8846320,340947458
2019-10-29,38584930,343016590,23700,265074,8826965,351843555
2019-10-30,13805357,337604595,22400,257274,8559506,346164101
2019-10-31,15823150,338866953,22700,276074,9121485,347988438
2019-11-01,7432809,323744928,2800,250774,8293096,332038024
2019-11-04,17709445,324512488,29500,271174,9051788,333564276
2019-11-05,15404924,321983457,1300,266974,8935620,330919077
2019-11-06,10550056,312841568,1500,243974,8026745,320868313
2019-11-07,6166428,308415767,39700,272974,9035439,317451206
2019-11-08,29829212,305264846,1300,223667,7550999,312815845
2019-11-11,22706506,309408215,14700,219961,7194924,316603139
2019-11-12,10513262,306092574,6500,224161,7296440,313389014
2019-11-13,4900210,299476466,1500,220261,7184914,306661380
2019-11-14,12961716,298701493,23800,240161,8057401,306758894
2019-11-15,20635987,296674483,13100,223961,7558684,304233167
2019-11-18,19860095,298120292,6500,220161,7507490,305627782
2019-11-19,26310936,309949610,6800,221761,7630796,317580406
2019-11-20,28849115,314493639,9600,223461,7769739,322263378
2019-11-21,18120478,312931358,6600,221361,7579400,320510758
2019-11-22,22117419,308931218,4600,221661,7405694,316336912
2019-11-25,34371209,320448772,11500,217861,6886586,327335358
2019-11-26,11243229,311755347,16100,216161,6789617,318544964
2019-11-27,14597142,311213245,8100,207961,6438473,317651718
2019-11-28,11025410,313371811,22700,223761,6813523,320185334
2019-11-29,14480439,318296366,36900,249061,7671079,325967445
2019-12-02,16440003,323015430,4300,239061,7372642,330388072
2019-12-03,12753569,321453946,27300,254161,7878991,329332937
2019-12-04,12879255,320487793,8300,246061,7541769,328029562
2019-12-05,16187599,319752055,17300,259761,8104543,327856598
2019-12-06,28006640,326713517,8600,230451,7116327,333829844
2019-12-09,38511799,342101798,19400,245851,7697595,349799393
2019-12-10,27335908,346472153,12500,243351,7553615,354025768
2019-12-11,32294546,320406197,37500,267451,8686808,329093005
2019-12-12,27324733,324530975,18500,275851,9152737,333683712
2019-12-13,13627324,315113661,6100,273151,9136901,324250562
2019-12-16,22051050,316859809,4400,273351,9326736,326186545
2019-12-17,21201092,309365278,9500,275551,9407311,318772589
2019-12-18,13835150,297491803,10200,270151,9312105,306803908
2019-12-19,19783563,294249277,3100,271451,9527930,303777207
2019-12-20,17491414,286986393,10500,261251,9015772,296002165
2019-12-23,22132854,294347978,1600,232851,7968161,302316139
2019-12-24,17620591,285845901,2000,233351,8050610,293896511
2019-12-25,28775699,301436600,900,233351,8104280,309540880
2019-12-26,15813178,306095593,6100,228851,7856454,313952047
2019-12-27,27302419,312650736,8700,228951,7727096,320377832
2019-12-30,21519341,314510312,16400,242251,8311632,322821944
2019-12-31,14105049,309759566,3200,237951,8042744,317802310
2020-01-02,44353418,312923166,26500,261651,9163018,322086184
2020-01-03,49846851,330766264,2100,252851,8958511,339724775
2020-01-06,54762133,329265675,8000,256051,9473887,338739562
2020-01-07,36284694,316474908,34800,289951,10791976,327266884
2020-01-08,31212184,301251110,9000,290251,10681237,311932347
2020-01-09,32763799,311958876,14000,293551,10920097,322878973
2020-01-10,25227685,306041887,11000,295051,11034908,317076795
2020-01-13,13698576,298817386,18800,296451,11259209,310076595
2020-01-14,33289178,313112585,9200,280551,10346721,323459306
2020-01-15,12685693,311131195,1200,277151,10298931,321430126
2020-01-16,42161966,319058411,8500,262792,9791630,328850041
2020-01-17,33416613,318810105,5900,257592,9912140,328722245
2020-01-20,60283644,329843022,4700,257392,10269941,340112963
2020-01-21,49269613,352255948,4200,249192,9618811,361874759
2020-01-22,25297681,343968954,4600,248992,9997029,353965983
2020-01-23,34442279,324835102,13300,254692,9981379,334816481
2020-02-03,21513239,304427800,6800,248692,8813644,313241444
2020-02-04,35409213,297866636,5700,254092,9876556,307743192
2020-02-05,49112217,309930878,300,247392,9430583,319361461
2020-02-06,67005690,332966682,7300,252192,10264214,343230896
2020-02-07,59667346,334011980,74986,326078,13643103,347655083
2020-02-10,40961001,334452752,73200,387776,16112093,350564845
2020-02-11,33261093,333005643,169383,489273,20397791,353403434
2020-02-12,67008293,353707372,333300,807873,35522176,389229548
2020-02-13,49653091,334422799,100073,865746,37322310,371745109
2020-02-14,51072521,332500530,43700,857546,36865902,369366432
2020-02-17,57366587,359647037,98900,889346,39042289,398689326
2020-02-18,58237992,368999733,45400,905446,40084093,409083826
2020-02-19,40787470,339887309,71400,962927,42253237,382140546
2020-02-20,47808719,345614117,44000,973827,43189227,388803344
2020-02-21,60445187,343981516,652346,1595173,72149675,416131191
2020-02-24,58751619,347016101,24900,1548773,69539908,416556009
2020-02-25,68029877,358886931,100600,1549343,68821816,427708747
2020-02-26,35738317,359408262,38000,1432740,61177998,420586260
2020-02-27,42986037,350069942,102900,1516043,66326881,416396823
2020-02-28,54804605,356376255,204800,1635743,68030551,424406806
2020-03-02,54223015,375746922,18100,1486443,62177910,437924832
2020-03-03,58315607,356871031,30900,1277244,54091283,410962314
2020-03-04,36759038,362443775,35100,1015262,42356731,404800506
2020-03-05,53577075,373678698,16700,728828,30406705,404085403
2020-03-06,35751906,377421828,24100,458728,19151894,396573722
2020-03-09,38700670,379593956,39100,479328,18880730,398474686
2020-03-10,33472140,375838478,17500,379128,15540457,391378935
2020-03-11,20464791,360865745,53200,419328,16848599,377714344
2020-03-12,30802811,355650569,41436,409964,16394460,372045029
2020-03-13,29719093,338946677,43100,409364,16317249,355263926
2020-03-16,36670590,338303112,53500,408164,14963291,353266403
2020-03-17,25259493,336222901,27000,387964,14374065,350596966
2020-03-18,36467654,328859877,79200,450264,16479662,345339539
2020-03-19,45164777,340767655,47414,410978,14795208,355562863
2020-03-20,16375365,328459226,28100,393864,14651740,343110966
2020-03-23,18985949,327261976,93700,456164,16253124,343515100
2020-03-24,26752934,322571520,36400,434164,16107485,338679005
2020-03-25,23684134,313951709,24600,441364,16776246,330727955
2020-03-26,29731366,321032811,39600,438164,16781681,337814492
2020-03-27,14257114,313524866,123100,515164,19823511,333348377
2020-03-30,36481960,328692528,44300,495364,18427540,347120068
2020-03-31,21167090,325001672,119766,593759,21969083,346970755
2020-04-01,21544253,324717560,35900,563759,20859083,345576643
2020-04-02,16421573,314246972,41278,553508,21016699,335263671
2020-04-03,25191039,306775862,39500,557108,21014113,327789975
2020-04-07,14315253,304956534,32200,549108,21195568,326152102
2020-04-08,12629636,305968667,85700,613308,23661423,329630090
2020-04-09,15844913,312645949,55000,641308,24594161,337240110
2020-04-10,19316983,313291110,28000,634408,23638042,336929152
2020-04-13,28879781,317743305,30300,617741,22022467,339765772
2020-04-14,15035234,302541409,35000,608941,22859646,325401055
2020-04-15,16377736,304376610,65000,659841,24829817,329206427
2020-04-16,8086484,298098238,34600,612641,23458024,321556262
2020-04-17,13379454,291140318,70700,624741,24108755,315249073
2020-04-20,25982441,304527967,49500,639741,25007475,329535442
2020-04-21,19785459,301921350,73400,670041,26272308,328193658
2020-04-22,10431211,301803767,53595,697136,27230133,329033900
2020-04-23,9706240,300834203,33600,722336,28243338,329077541
2020-04-24,10043271,290582617,31700,719536,28033122,318615739
2020-04-27,7688196,282116686,106300,790036,30661297,312777983
2020-04-28,20230744,289040832,108727,832763,32227929,321268761
2020-04-29,31612433,287981558,62865,853028,34402619,322384177
2020-04-30,32177934,297529380,46700,840028,34609153,332138533
2020-05-06,58158606,333956441,45765,854493,34948765,368905206
2020-05-07,38938768,346262856,33600,848093,34474981,380737837
2020-05-08,15294217,324493487,16200,853993,35457789,359951276
2020-05-11,10116038,315215372,92400,921763,38492823,353708195
2020-05-12,18570262,321487886,46700,943876,39170856,360658742
2020-05-13,27783221,335719685,64431,984907,40272848,375992533
2020-05-14,14832922,338996427,99417,1056124,42530115,381526542
2020-05-15,16798317,335865318,87196,1074072,43360287,379225605
2020-05-18,29143470,322283399,54465,936537,38538499,360821898
2020-05-19,19193354,305598448,67400,957867,41044600,346643048
2020-05-20,19702050,304672632,64300,995167,41747256,346419888
2020-05-21,27057287,313640338,57400,999467,40528388,354168726
2020-05-22,18528181,316523669,109182,1063849,41649689,358173358
2020-05-25,37349624,334496996,72600,1089349,42495505,376992501
2020-05-26,18593163,327694660,35800,1034484,41296602,368991262
2020-05-27,23893203,331527870,81700,1081184,41949941,373477811
2020-05-28,19831871,334535428,40200,1072684,40922895,375458323
2020-05-29,21982491,325856566,81500,1071784,42024651,367881217
2020-06-01,48134244,354165729,29200,1055502,41977315,396143044
2020-06-02,57827785,386469353,48600,1073402,41841209,428310562
2020-06-03,42138617,397710972,11900,1043402,40264883,437975855
2020-06-04,36747519,412304776,18000,1042302,39659591,451964367
2020-06-05,15539029,411373590,11400,1015702,38850602,450224192
2020-06-08,23356043,412114775,52700,1045521,40127096,452241871
2020-06-09,28040068,424769697,12000,981921,37411191,462180888
2020-06-10,27355389,423403889,29100,1008621,37974581,461378470
2020-06-11,33060842,417956801,75000,1000821,38221354,456178155
2020-06-12,31500291,424615681,1600,942121,35376644,459992325
2020-06-15,35447882,426148062,66574,966995,35701456,461849518
2020-06-16,25803255,411696191,29600,886867,34206460,445902651
2020-06-17,116303285,505385884,73100,950567,36758426,542144310
2020-06-18,40697278,522748185,59200,956959,36469707,559217892
2020-06-19,31267202,502329195,52900,834159,32373712,534702907
2020-06-22,53879039,534666619,61810,841969,33173579,567840198
2020-06-23,30585005,527336388,114200,855569,34547876,561884264
2020-06-24,60767898,543053900,69200,860142,35248619,578302519
2020-06-29,58834861,578000001,35800,843942,34677577,612677578
2020-06-30,79976450,611395639,115188,934530,39315678,650711317
2020-07-01,99037051,654479677,114600,1030830,42109405,696589082
2020-07-02,50605176,655878396,68354,1063384,44119802,699998198
2020-07-03,46349427,648602651,36347,1009392,42505497,691108148
2020-07-06,116022468,684399182,64442,1000338,42484355,726883537
2020-07-07,116040757,711050655,77200,953838,41015034,752065689
2020-07-08,71493264,725456427,53700,925838,40061011,765517438
2020-07-09,94369297,733494199,126600,996196,45127680,778621879
2020-07-10,65310586,710959555,94100,1024183,46497909,757457464
2020-07-13,166397218,805631948,120800,1089383,51407983,857039931
2020-07-14,80470630,801752080,80636,1058798,47518855,849270935
2020-07-15,71538020,812506296,123500,1107271,48498468,861004764
2020-07-16,34776515,782703809,30700,1038985,43512692,826216501
2020-07-17,34645193,768373392,122446,1109443,46097358,814470750
2020-07-20,44236201,783333252,97731,1180488,49863813,833197065
2020-07-21,38205466,789758185,52100,1205174,51051171,840809356
2020-07-22,47329660,790375047,64300,1214231,51483393,841858440
2020-07-23,60745984,808554963,53866,1205897,49900017,858454980
2020-07-24,31033970,791814049,96800,1247922,48756313,840570362
2020-07-27,22083020,692658835,96569,1294439,50599621,743258456
2020-07-28,34011144,689568397,146196,1430366,55483898,745052295
2020-07-29,35909946,679258394,42850,1267731,50633176,729891570
2020-07-30,54837883,691843791,91200,1327481,52143454,743987245
2020-07-31,44562668,701990537,166335,1403850,55423996,757414533
2020-08-03,109328541,735049094,80600,1421747,57225316,792274410
2020-08-04,50816364,705119294,107500,1421017,58730632,763849926
2020-08-05,54760893,709144998,112640,1513657,62816769,771961767
2020-08-06,72845433,717271305,83800,1505557,64723895,781995200
2020-08-07,88219709,750848848,90308,1548110,64788404,815637252
2020-08-10,85481752,770527303,70991,1586293,67718847,838246150
2020-08-11,87445515,790146894,28400,1505295,61867625,852014519
2020-08-12,61399979,795990538,67360,1551755,61294326,857284864
2020-08-13,36127133,794019780,99376,1633031,65092614,859112394
2020-08-14,27301955,718798279,28300,1585466,64766284,783564563
2020-08-17,51615102,732106564,11600,1462495,59786795,791893359
2020-08-18,56458014,750726639,61700,1480476,60714321,811440960
2020-08-19,40042474,744831564,27200,1481513,59527191,804358755
2020-08-20,22007912,741921517,31200,1445513,56953212,798874729
2020-08-21,24902994,724736145,169352,1551765,60192965,784929110
2020-08-24,37681746,729145287,101266,1572589,61676941,790822228
2020-08-25,27769419,722647017,69700,1584789,61806771,784453788
2020-08-26,28208102,717965508,63475,1574764,59841032,777806540
2020-08-27,21150213,723121171,35100,1498665,58043294,781164465
2020-08-28,38139397,716780119,36879,1466244,56597020,773377139
2020-08-31,43879125,724980936,96900,1488944,56788324,781769260
2020-09-01,30322254,739619523,21000,1447444,55509477,795129000
2020-09-02,39704269,753490596,93200,1534382,58383235,811873831
2020-09-03,30809328,678408925,40700,1511087,56650651,735059576
2020-09-04,48858234,674491713,36465,1498790,54990605,729482318
2020-09-07,30987787,667803981,39800,1506963,55019220,722823201
2020-09-08,39373409,669424672,179300,1626863,61397810,730822482
2020-09-09,52347325,667236937,340800,1933280,69095428,736332365
2020-09-10,39021794,667256515,23900,1810876,62330352,729586867
2020-09-11,11592354,654211778,60700,1792157,63334829,717546607
2020-09-14,15325614,648061131,153700,1932357,68511938,716573069
2020-09-15,14068506,643589548,153396,2003353,70518025,714107573
2020-09-16,10399372,641580781,33343,1905244,66035758,707616539
2020-09-17,21115852,628462147,70800,1856219,65505969,693968116
2020-09-18,25721134,638299044,63600,1881919,68313660,706612704
2020-09-21,14422817,636750657,92200,1929119,68966005,705716662
2020-09-22,15574304,638904277,47838,1912057,66826392,705730669
2020-09-23,15825853,630197386,33800,1878857,65421801,695619187
2020-09-24,15580035,632834899,59173,1869257,63928589,696763488
2020-09-25,11234943,627496972,72600,1553357,53233544,680730516
2020-09-28,9206083,625637297,489342,1992399,68737768,694375065
2020-09-29,19227836,632213046,90850,1977449,68479059,700692105
2020-09-30,6436439,613273850,90800,2057249,71036809,684310659
2020-10-09,20465654,602779888,24300,1967589,71384128,674164016
2020-10-12,34267171,611136715,79900,2002851,73504632,684641347
2020-10-13,26623848,591256549,92500,2074051,78378388,669634937
2020-10-14,19322657,583300551,84000,2104651,79555808,662856359
2020-10-15,15704474,581886425,58200,2119951,79286166,661172591
2020-10-16,18765219,585195168,75800,2066251,76327313,661522481
2020-10-19,67259897,615192522,46000,2087551,74609072,689801594
2020-10-20,34195616,619045439,20400,2048951,71405943,690451382
2020-10-21,27716032,631576000,106100,2094151,72101619,703677619
2020-10-22,15843981,637896943,36600,2075051,71091248,708988191
2020-10-23,12570564,634223654,52600,2046151,69732827,703956481
2020-10-26,15107809,628626779,133700,2141551,74418898,703045677
2020-10-27,35497526,639596315,51400,2131951,73189879,712786194
2020-10-28,78870484,636484520,122900,2169951,67051487,703536007
2020-10-29,40375347,604922713,136542,2183993,69298099,674220812
2020-10-30,22079701,600775113,30100,2086151,64336896,665112009
2020-11-02,38030064,603560642,42400,2057371,64786613,668347255
2020-11-03,20580972,601708482,70500,2076171,66271378,667979860
2020-11-04,9477426,593425848,18200,2031971,65023072,658448920
2020-11-05,23669719,583258466,25200,1975971,63487946,646746412
2020-11-06,21457103,584041651,59100,1452744,46487808,630529459
2020-11-09,46666756,595871699,225500,1615944,52291948,648163647
2020-11-10,24432059,604500503,79683,1670291,53232175,657732678
2020-11-11,12002593,592486106,53100,1590791,50746233,643232339
2020-11-12,20634664,591186909,23700,1537807,48440923,639627832
2020-11-13,13398941,586161862,23903,1475801,46133539,632295401
2020-11-16,17538115,580070153,46165,1501763,48386805,628456958
2020-11-17,28450257,592724132,19809,1475708,46617614,639341746
2020-11-18,16120481,594131083,23500,1346408,42075249,636206332
2020-11-19,10940331,590787354,14100,1258372,39726804,630514158
2020-11-20,12515222,585789407,31600,1238372,38922033,624711440
2020-11-23,23674788,577050792,61920,1259024,39495583,616546375
2020-11-24,33498231,584693466,35600,1168254,37255619,621949085
2020-11-25,47412368,608795053,54700,1172057,35806343,644601396
2020-11-26,14880130,606287673,43900,1166003,35166651,641454324
2020-11-27,25250912,606654045,38200,1149185,34464058,641118103
2020-11-30,39666595,628963094,21500,1085385,32029713,660992807
2020-12-01,31735774,628948152,14800,939589,28272233,657220385
2020-12-02,16294847,611061248,30800,812845,24474764,635536012
2020-12-03,24043276,612074812,7100,503291,15113828,627188640
2020-12-04,22198717,602585870,13500,425787,12858768,615444638
2020-12-07,31632501,607430328,24800,295153,8757190,616187518
2020-12-08,19284614,606629886,100,207100,6063888,612693774
2020-12-09,60057412,616277396,25800,216100,6240969,622518365
2020-12-10,20427792,611942939,11100,204600,5872021,617814960
2020-12-11,26577455,624374336,31500,204100,5849507,630223843
2020-12-14,12585216,620042993,19300,209600,5940063,625983056
2020-12-15,14944023,614092026,39000,216500,6278500,620370526
2020-12-16,32928673,585581652,94600,266600,8200616,593782268
2020-12-17,19760075,581393081,61400,297600,9142272,590535353
2020-12-18,26976732,585740040,9100,221100,6723650,592463690
2020-12-21,25669421,587472836,9500,222300,6793488,594266324
2020-12-22,23704426,586064973,32300,241400,7179236,593244209
2020-12-23,23236268,589053555,20000,243600,7286076,596339631
2020-12-24,24243788,586806908,6900,203100,5877714,592684622
2020-12-25,15335078,589754197,7400,168100,4821109,594575306
2020-12-28,24479322,594270155,10700,164499,4569782,598839937
2020-12-29,58757328,630478590,32100,187199,5381972,635860562
2020-12-30,34894541,612587174,4200,158599,4586683,617173857
2020-12-31,32692781,616655493,6200,158199,4620992,621276485
2021-01-04,53341189,632114834,10800,158699,4837146,636951980
2021-01-05,58857016,653119815,22400,171299,5185221,658305036
2021-01-06,55138297,662792237,34930,191929,5719484,668511721
2021-01-07,43643471,663962339,7700,183629,5279335,669241674
2021-01-08,30482148,649107712,26000,196829,5810392,654918104
2021-01-11,45060611,642679133,17100,185475,5601345,648280478
2021-01-12,61076071,662746860,27200,203075,6230341,668977201
2021-01-13,125322732,713252311,66200,248175,7901892,721154203
2021-01-14,83779198,734862376,18900,242575,7781806,742644182
2021-01-15,60671180,747444095,22421,244796,7711075,755155170
2021-01-18,66913191,764953098,35800,215996,7019871,771972969
2021-01-19,70034583,784894791,34500,192875,6131497,791026288
2021-01-20,36123752,786825562,27000,172075,5427245,792252807
2021-01-21,66847284,786834790,20600,190875,6079369,792914159
2021-01-22,41309023,774289390,5900,179375,5668250,779957640
2021-01-25,52770065,777533243,16800,194075,6134710,783667953
2021-01-26,44165128,785763494,6200,165875,5092363,790855857
2021-01-27,18625535,767673676,13700,176475,5502490,773176166
2021-01-28,50518077,765704600,14900,185775,5842624,771547224
2021-01-29,74751634,753702132,36300,216475,7167487,760869619
2021-02-01,80089105,772617020,155364,362539,11960162,784577182
2021-02-02,84090968,781464523,27100,383339,12937692,794402215
2021-02-03,94547721,790977537,17200,364339,11575050,802552587
2021-02-04,82596983,767520535,44300,342739,10453540,777974075
2021-02-05,51174765,755557205,27000,322639,9227475,764784680
2021-02-08,36794235,748755246,20300,313139,8918199,757673445
2021-02-09,30087160,739978016,32200,322139,9525650,749503666
2021-02-10,27524217,716806454,18500,312839,9425839,726232293
2021-02-18,46417138,699093993,15200,321239,10064418,709158411
2021-02-19,45744514,704345779,14700,320039,10097231,714443010
2021-02-22,54578734,712585028,61000,358439,10968233,723553261
2021-02-23,66780820,735745528,29800,321839,9500687,745246215
2021-02-24,37731563,740349627,32000,324639,9466473,749816100
2021-02-25,33997297,713999083,28300,269139,7745820,721744903
2021-02-26,56538840,685548105,60200,290339,8983088,694531193
2021-03-01,35695307,678092010,54500,312739,9816878,687908888
2021-03-02,54219482,696780107,23200,297539,9375454,706155561
2021-03-03,100940770,645831425,383400,650539,22547682,668379107
2021-03-04,75490321,597395603,38500,655739,23029554,620425157
2021-03-05,58430134,601042650,49200,669139,23286037,624328687
2021-03-08,79387149,599387374,116000,771139,26943596,626330970
2021-03-09,97266715,632827485,3600,726239,23450258,656277743
2021-03-10,49234574,613356181,43400,735539,23757910,637114091
2021-03-11,66396332,632175064,313300,961839,31086636,663261700
2021-03-12,85410690,665278021,17700,939839,29604929,694882950
2021-03-15,57798309,667298246,14100,916639,27600000,694898246
2021-03-16,38579252,677259100,52800,957839,29079992,706339092
2021-03-17,35652212,680554309,173200,1064739,32197707,712752016
2021-03-18,40406538,682566818,29000,1082139,32420884,714987702
2021-03-19,59947983,687418373,54500,1121339,34458748,721877121
2021-03-22,60679179,672778059,110700,1203939,38429733,711207792
2021-03-23,31870307,653374254,57900,1170939,38078936,691453190
2021-03-24,35428079,647652654,124700,1237239,40148406,687801060
2021-03-25,42966881,650232047,41700,1251139,40962290,691194337
2021-03-26,30043328,615139998,27200,1148739,38321933,653461931
2021-03-29,30202404,620322108,26000,1149339,37916694,658238802
2021-03-30,21112961,609018125,38200,1125239,36592772,645610897
2021-03-31,24151231,595927389,69600,1159139,38680469,634607858
2021-04-01,17988219,594603766,14100,1144339,38106489,632710255
2021-04-02,41236976,595578128,61000,1169439,38427766,634005894
2021-04-06,28081142,602102854,8400,1135139,36664990,638767844
2021-04-07,28848759,612173022,31000,1133339,36051513,648224535
2021-04-08,19382849,601252455,33200,1138039,36326205,637578660
2021-04-09,23635262,604135097,24200,1123139,35625969,639761066
2021-04-12,22953897,603912979,58700,987739,30797702,634710681
2021-04-13,23097437,595943287,50200,1022839,32004633,627947920
2021-04-14,26685772,606872468,15500,931375,29161351,636033819
2021-04-15,36060730,608761423,12400,901375,27311663,636073086
2021-04-16,32929235,611003428,13100,893275,27084098,638087526
2021-04-19,44720974,585912565,107400,983575,32802227,618714792
2021-04-20,41095042,575962605,37100,991875,33356756,609319361
2021-04-21,33507390,575479811,27900,990075,33652650,609132461
2021-04-22,37560601,589342532,15100,907475,30055572,619398104
2021-04-23,39289604,600962927,25800,842075,26870613,627833540
2021-04-26,27626746,588212750,34300,846675,26763396,614976146
2021-04-27,37510134,598132379,41700,843075,26910954,625043333
2021-04-28,25997721,601514231,15200,842675,26679091,628193322
2021-04-29,30773888,598984905,27800,723075,22646709,621631614
2021-04-30,41450029,603793817,3200,396075,12020877,615814694
2021-05-06,44585985,632671407,19100,409175,12426645,645098052
2021-05-07,29549197,636369660,8800,406975,12217390,648587050
2021-05-10,32055046,633201630,28000,424675,12332562,645534192
2021-05-11,20848452,608067372,64700,469675,14451900,622519272
2021-05-12,15728357,584188927,60547,488322,15079384,599268311
2021-05-13,12639754,578073048,26000,479722,14789829,592862877
2021-05-14,21292974,573641104,42100,490116,15075968,588717072
2021-05-17,16818137,543516211,49800,514816,15897519,559413730
2021-05-18,21654103,538131615,41200,532822,16506825,554638440
2021-05-19,34884255,547204644,15000,497522,15064967,562269611
2021-05-20,17269618,546347451,36900,512822,15553891,561901342
2021-05-21,25716079,547964258,49500,528022,15608330,563572588
2021-05-24,24272619,534988595,68401,581423,17832244,552820839
2021-05-25,17251509,523829751,41400,603123,18932031,542761782
2021-05-26,11395336,515458685,1900,560923,17680293,533138978
2021-05-27,18249897,516575332,48200,571123,17961818,534537150
2021-05-28,13821824,512043766,19800,551123,17365886,529409652
2021-05-31,16683297,508009045,63200,590323,18789981,526799026
2021-06-01,14952534,501488292,22500,531523,17067203,518555495
2021-06-02,44377743,515509535,36400,530323,16089999,531599534
2021-06-03,14736823,516234229,20131,498453,14978513,531212742
2021-06-04,15797184,519028184,21000,497375,14946119,533974303
2021-06-07,41891603,548883479,25300,500775,15173483,564056962
2021-06-08,31884444,567376210,21800,503175,15216012,582592222
2021-06-09,17929304,562126224,42400,518875,15872387,577998611
2021-06-10,41515568,582024765,49600,554175,17445429,599470194
2021-06-11,52574961,588944675,59300,554575,16781440,605726115
2021-06-15,22901391,588331935,55400,534675,16099064,604430999
2021-06-16,15645879,585475302,188000,703675,21075067,606550369
2021-06-17,18583305,587938629,115500,791975,23632534,611571163
2021-06-18,26017524,593153115,410200,948475,28473220,621626335
2021-06-21,25917973,591093931,96200,1024175,31513865,622607796
2021-06-22,41818151,596969773,157600,1128775,33118258,630088031
2021-06-23,61117968,616832477,157400,1153875,34316242,651148719
2021-06-24,53929483,655901172,215000,1322375,38057952,693959124
2021-06-25,30172881,645437161,205300,1504075,43618175,689055336
2021-06-28,34984026,651198112,88195,1582170,45250062,696448174
2021-06-29,17672943,636017967,135900,1655470,47843084,683861051
2021-06-30,32172610,642849086,131800,1760170,51062531,693911617
2021-07-01,28502293,630119106,68000,1798070,51712493,681831599
2021-07-02,45788754,641769042,116800,1889770,52516709,694285751
2021-07-05,19855975,634925479,40200,1896870,53909046,688834525
2021-07-06,13926771,621262414,23300,1814070,52100090,673362504
2021-07-07,22820511,621018282,152769,1914539,55847103,676865385
2021-07-08,45392038,641837594,75500,1924439,55577799,697415393
2021-07-09,20630121,628141899,117212,2008451,57963897,686105796
2021-07-12,93579846,649883345,75100,1997551,63422245,713305590
2021-07-13,172453757,586406042,361697,2291348,80036785,666442827
2021-07-14,121644516,537026185,343700,2498848,88334277,625360462
2021-07-15,89032825,449482591,307900,2333318,84699444,534182035
2021-07-16,70004817,466056846,149100,2195018,76650029,542706875
2021-07-19,69881587,468532243,124800,2165518,76117957,544650200
2021-07-20,38664825,470590101,77900,1979723,68062877,538652978
2021-07-21,62286987,495402809,78900,1847923,63531593,558934402
2021-07-22,81774110,496562419,104933,1833877,60169505,556731924
2021-07-23,59504025,518680173,86400,1790644,57157357,575837530
2021-07-26,57001950,534842245,62600,1722944,53411264,588253509
2021-07-27,42507522,514249225,191200,1815744,57105148,571354373
2021-07-28,29750898,508369002,89800,1735944,54769034,563138036
2021-07-29,62869400,510620777,75500,1754044,55129603,565750380
2021-07-30,32119069,506768844,276456,1966800,62288555,569057399
2021-08-02,47379236,523850468,151400,2046600,64365569,588216037
2021-08-03,58589761,531397284,95700,2044800,65045088,596442372
2021-08-04,42278997,531098132,46100,2015800,63840385,594938517
2021-08-05,28699712,513449746,123100,2091300,66942512,580392258
2021-08-06,23042078,491475442,205600,2234845,70956330,562431772
2021-08-09,33735289,486075890,72782,2219327,73437530,559513420
2021-08-10,32447175,495524363,50100,2220127,72864568,568388931
2021-08-11,55112535,517401568,86600,2261113,70501504,587903072
2021-08-12,42330791,535086316,47800,2276112,70013205,605099521
2021-08-13,48931884,554138576,28800,2111880,63989963,618128539
2021-08-16,16473740,554219512,46902,2122982,63944218,618163730
2021-08-17,38981921,562686983,126952,2243234,68194313,630881296
2021-08-18,45464527,582262187,154000,2331634,69016367,651278554
2021-08-19,27908653,583086549,67700,2388534,70461755,653548304
2021-08-20,24340265,585584703,39800,2396181,70399798,655984501
2021-08-23,41492890,585305346,120688,2429108,74184957,659490303
2021-08-24,27880163,586266934,64577,2433185,73895829,660162763
2021-08-25,22481718,573574121,44700,2454328,75176066,648750187
2021-08-26,23545526,559409713,82400,2505328,75134788,634544501
2021-08-27,24623922,555807030,73900,2476076,75223190,631030220
2021-08-30,30515356,562695439,44300,2494397,75255957,637951396
2021-08-31,16777644,557664808,104565,2519162,75373326,633038134
2021-09-01,20847747,559851222,44100,2515062,74848244,634699466
2021-09-02,33719397,562537965,33300,2497914,72139756,634677721
2021-09-03,19233376,549977649,50200,2457904,70910531,620888180
2021-09-06,16564266,542357190,12300,2334204,67598549,609955739
2021-09-07,17882442,542116140,114200,2428704,70480989,612597129
2021-09-08,20212564,538972353,11200,2407004,70212307,609184660
2021-09-09,14860105,531620393,91300,2478204,72041391,603661784
2021-09-10,13938133,528015651,75600,2507704,72798648,600814299
2021-09-13,13876906,529020180,75100,2499704,71766502,600786682
2021-09-14,19351158,527587537,52800,2497704,72308531,599896068
2021-09-15,17254879,525930831,95500,2546004,72179213,598110044
2021-09-16,7688835,521200689,13100,2513869,71620128,592820817
2021-09-17,23165067,528470812,74400,2460604,69266003,597736815
2021-09-22,14433814,528668625,56200,2484904,70273085,598941710
2021-09-23,13935169,525657708,22300,2484104,70896327,596554035
2021-09-24,22655318,528627381,12200,2373631,68360573,596987954
2021-09-27,14279221,531230062,119900,2471931,71092735,602322797
2021-09-28,11695904,533700375,57400,2491431,70308183,604008558
2021-09-29,8284791,526351376,38700,2468731,69445404,595796780
2021-09-30,24283646,539616904,67300,2513831,69406874,609023778
2021-10-08,33481749,557622328,31100,2515031,67930986,625553314
2021-10-11,15662902,565920342,19000,2460331,66551953,632472295
2021-10-12,16470242,571140011,91300,2539831,67813488,638953499
2021-10-13,29516043,579010329,57000,2564431,66341829,645352158
2021-10-14,17881823,583285035,40700,2494231,65598275,648883310
2021-10-15,53435526,609336816,41500,2410631,60747901,670084717
2021-10-18,9110466,605887603,71000,2256927,56919699,662807302
2021-10-19,7813173,593495635,53800,2276027,58380093,651875728
2021-10-20,9516046,586089703,29800,2260827,57221531,643311234
2021-10-21,6029344,581962077,26204,2227831,56631465,638593542
2021-10-22,11538355,576298963,90800,2299231,58400467,634699430
2021-10-25,9705012,574149375,108800,2342131,59279335,633428710
2021-10-26,18747058,583765660,120200,2443431,61085775,644851435
2021-10-27,6901742,570341035,64300,2469731,60557804,630898839
2021-10-28,13200794,567549045,20500,2463431,62103095,629652140
2021-10-29,5808587,559043006,26500,2447531,62485466,621528472
2021-11-01,27617701,564574363,46600,2442831,64881591,629455954
2021-11-02,12569771,553657250,52300,2435531,65394007,619051257
2021-11-03,6257055,546111854,35700,2412531,65717345,611829199
2021-11-04,8979182,540874089,33100,2388831,64761209,605635298
2021-11-05,15779891,525857129,51800,2328231,65237032,591094161
2021-11-08,7822313,524357792,86800,2390931,66922160,591279952
2021-11-09,8419829,510054362,55900,2388531,69291283,579345645
2021-11-10,7811326,508463642,41300,2393831,69133839,577597481
2021-11-11,4401816,492492797,27900,2407231,69737481,562230278
2021-11-12,10127743,491381611,48200,2271331,65914025,557295636
2021-11-15,11946363,485067801,33600,2137031,61973899,547041700
2021-11-16,10066095,486022271,19400,2052031,58647045,544669316
2021-11-17,8692600,484356434,29800,2049331,58323962,542680396
2021-11-18,11805598,486263456,7100,1962031,54740665,541004121
2021-11-19,14243495,486061328,76787,1907718,54732430,540793758
2021-11-22,14770704,483754644,23700,1857331,52952506,536707150
2021-11-23,18339185,488537232,74800,1880831,54073892,542611124
2021-11-24,13618880,493893131,18900,1817331,51521333,545414464
2021-11-25,22283667,506037164,8600,1746731,49781835,555818999
2021-11-26,11495185,506371375,34200,1667031,46710208,553081583
2021-11-29,20405759,519695366,38800,1503631,41695688,561391054
2021-11-30,16824715,513913005,95300,1435710,41276663,555189668
2021-12-01,23224195,505360387,39000,1305710,38609845,543970232
2021-12-02,44515190,519477275,104500,1185880,34710707,554187982
2021-12-03,47848633,532221128,96700,1101380,33228635,565449763
2021-12-06,42852978,535405045,119800,1057728,30716421,566121466
2021-12-07,23069621,536358569,44500,1016449,29751462,566110031
2021-12-08,19496107,537032569,148000,1114049,32363123,569395692
2021-12-09,38240040,555716717,50719,1023668,29215484,584932201
2021-12-10,22781343,559170336,27600,935968,27021396,586191732
2021-12-13,18974207,545798492,64300,946668,27992973,573791465
2021-12-14,17013383,540388763,115489,1013357,30106837,570495600
2021-12-15,14451411,538785792,157100,1126449,33275303,572061095
2021-12-16,17409134,527159726,123700,1210349,36419401,563579127
2021-12-17,13405444,523382313,98100,1253649,37270985,560653298
2021-12-20,10887955,514227127,136900,1311649,39087140,553314267
2021-12-21,16035196,507615017,111120,1373969,41988492,549603509
2021-12-22,16503912,506740324,154000,1504269,45113028,551853352
2021-12-23,16455478,511852112,84400,1553769,45851723,557703835
2021-12-24,23220666,519056967,116100,1642469,48239314,567296281
2021-12-27,25931861,532919472,90934,1702903,49673681,582593153
2021-12-28,31562751,548068470,91300,1733103,49584076,597652546
2021-12-29,36666196,566899606,98500,1686103,46974829,613874435
2021-12-30,13221845,556002864,84600,1563403,43931624,599934488
2021-12-31,12776774,539294170,101400,1528668,43612898,582907068
2022-01-04,16139249,530207714,59900,1525698,44779236,574986950
2022-01-05,20439050,537751878,28800,1494798,43289350,581041228
2022-01-06,29325513,550730819,33800,1474398,41238912,591969731
2022-01-07,18333794,557939518,18200,1462264,40314618,598254136
2022-01-10,21886585,567156398,52514,1491878,41817340,608973738
2022-01-11,12279800,567867637,41000,1524978,42424887,610292524
2022-01-12,8009053,565735151,14600,1471178,40957596,606692747
2022-01-13,13870779,571200477,39200,1468478,40236298,611436775
2022-01-14,39329445,591894885,32200,1450078,38818588,630713473
2022-01-17,20813941,593069922,65400,1422178,39422774,632492696
2022-01-18,54693903,629800028,49900,1429378,38821906,668621934
2022-01-19,31846050,638430012,333900,1706678,45039232,683469244
2022-01-20,24081080,635130115,22900,1660078,42730408,677860523
2022-01-21,7177134,629190549,152100,1786178,45904776,675095325
2022-01-24,14174353,634887811,124100,1831378,47341121,682228932
2022-01-25,43093639,651349822,361000,2078878,50620679,701970501
2022-01-26,15571082,644294006,178100,2119544,50953838,695247844
2022-01-27,22004389,637807949,286197,2359641,57386469,695194418
2022-01-28,11433092,628897481,78300,2249941,55213552,684111033
2022-02-07,22705965,639899956,130300,2330260,57091371,696991327
2022-02-08,21524588,650420033,60600,2275060,56762747,707182780
2022-02-09,31846095,634560286,164381,2354141,59418519,693978805
2022-02-10,11670896,631543975,80800,2376741,59584898,691128873
2022-02-11,14609024,621344693,78000,2387641,58903104,680247797
2022-02-14,13265429,623023977,40900,2365641,58171111,681195088
2022-02-15,17344932,629477206,60100,2352141,57933233,687410439
2022-02-16,33710211,644716934,171394,2443235,61227470,705944404
2022-02-17,27990848,653042110,79900,2451735,59846853,712888963
2022-02-18,16627534,654231242,75600,1816835,44694140,698925382
2022-02-21,42074645,667222961,78300,1485135,37351146,704574107
2022-02-22,76738238,707102021,320100,1608935,37890420,744992441
2022-02-23,18377478,677938173,139900,1360935,33342909,711281082
2022-02-24,47068563,700789708,309349,1346719,31445888,732235596
2022-02-25,17171067,693036398,71400,1172319,27901192,720937590
2022-02-28,24667547,682548584,171363,1225682,29612477,712161061
2022-03-01,18169043,678208610,77000,1216382,29448609,707657219
2022-03-02,25002735,659809935,222338,1343315,33435111,693245046
2022-03-03,17821689,647821079,64900,1337015,33144601,680965680
2022-03-04,38679848,652341904,87355,1230770,31101557,683443461
2022-03-07,53406058,679392081,445449,1593619,38262792,717654873
2022-03-08,21811337,675594475,627793,2035212,48438046,724032521
2022-03-09,46903953,692812671,226800,2140013,49819503,742632174
2022-03-10,20196625,679153779,92400,2112213,49235685,728389464
2022-03-11,30700515,674372379,114200,2194513,50649360,725021739
2022-03-14,14175838,672549759,65200,2230213,50737348,723287107
2022-03-15,40208373,679917902,74900,2190013,46559676,726477578
2022-03-16,34958064,677723878,101500,2199613,47247687,724971565
2022-03-17,15640609,654559860,76600,2118713,47226112,701785972
2022-03-18,16973740,657553468,130520,2140233,47149333,704702801
2022-03-21,12756834,655303790,127288,2199121,48248715,703552505
2022-03-22,36235393,673464961,174000,2329421,51969382,725434343
2022-03-23,16627436,668100075,60500,2315121,51279931,719380006
2022-03-24,22867526,667082190,49200,2289367,48946667,716028857
2022-03-25,10769699,653562249,82100,2342967,50092635,703654884
2022-03-28,12510555,650966652,61200,1655236,35322737,686289389
2022-03-29,23281359,656375374,16400,1507736,31210137,687585511
2022-03-30,9750593,641120856,21600,1429736,30310404,671431260
2022-03-31,14604459,646616951,127400,1481436,30947199,677564150
2022-04-01,8287976,643657067,12600,1369090,28545526,672202593
2022-04-06,19313162,645162755,117700,1467095,31131756,676294511
2022-04-07,34393634,663967112,275014,1709209,35090061,699057173
2022-04-08,16805769,648211474,112600,1695109,34597176,682808650
2022-04-11,16065354,641995291,40800,1698809,32956895,674952186
2022-04-12,9862505,637810602,157300,1847909,36274453,674085055
2022-04-13,14809885,634858508,19700,1625409,30671468,665529976
2022-04-14,7604186,622896143,39300,1630109,31314394,654210537
2022-04-15,27201512,629987432,11400,1419271,26639716,656627148
2022-04-18,20751813,619348912,344200,1652071,32380591,651729503
2022-04-19,7797058,618194829,52000,1635371,32184102,650378931
2022-04-20,16033289,614748304,71900,1606471,31069150,645817454
2022-04-21,12144606,617259666,95900,1595309,29880137,647139803
