日期,融资买入额(元),融资余额(元),融券卖出量,融券余量,融券余额(元),融资融券余额(元)
2017-07-12,55731947,777689068,0,70500,494205,778183273
2017-07-13,48047207,769085930,0,70500,489270,769575200
2017-07-14,42352008,766091907,0,70500,494910,766586817
2017-07-17,55343477,761806954,50000,120500,803735,762610689
2017-07-18,25454679,746859298,0,120500,835065,747694363
2017-07-19,78486089,750901123,0,120500,873625,751774748
2017-07-20,67044500,758305678,38500,159000,1154340,759460018
2017-07-21,101674407,766749544,50000,209000,1538240,768287784
2017-07-24,126415002,696940179,209400,368400,2947200,699887379
2017-07-25,182677723,746972636,50000,209000,1732610,748705246
2017-07-26,216437201,750302637,209400,279900,2530296,752832933
2017-07-27,309011487,840146777,160000,230494,2051397,842198174
2017-07-28,295716645,894350403,68400,168894,1577470,895927873
2017-07-31,336156293,945563414,164000,279500,2627300,948190714
2017-08-01,224659713,965440585,109600,195100,1734439,967175024
2017-08-02,238819351,1014453862,117500,203000,1786400,1016240262
2017-08-03,153086412,1007528538,7500,130500,1160145,1008688683
2017-08-04,208776245,957358917,170000,300500,2704500,960063417
2017-08-07,172254555,962070277,36700,177200,1548728,963619005
2017-08-08,117958366,946303299,110000,250500,2204400,948507699
2017-08-09,106473256,945578327,0,170500,1543025,947121352
2017-08-10,164266006,956726749,80000,205500,1890600,958617349
2017-08-11,122414837,945603965,88700,264200,2192860,947796825
2017-08-14,83981294,965713161,50000,270500,2261380,967974541
2017-08-15,104131687,952080776,94100,314600,2793648,954874424
2017-08-16,99695278,947952950,0,200500,1780440,949733390
2017-08-17,92144754,945044986,50000,240500,2176525,947221511
2017-08-18,134607543,940336761,222600,352900,3218448,943555209
2017-08-21,95781532,966431781,50000,193500,1762785,968194566
2017-08-22,66443804,958023266,74800,218300,1929772,959953038
2017-08-23,56604899,944344896,37699,192999,1675231,946020127
2017-08-24,37954335,924929010,62300,245299,2104665,927033675
2017-08-25,59743895,932491347,0,145300,1269922,933761269
2017-08-28,87479503,923727297,129900,275200,2504320,926231617
2017-08-29,81053555,918939698,50000,225200,2024548,920964246
2017-08-30,236226759,975517302,269400,419600,4086904,979604206
2017-08-31,174570210,979895783,85000,207200,2061640,981957423
2017-09-01,172931504,982698453,264901,365201,3728702,986427155
2017-09-04,116530166,983918320,15200,165401,1655664,985573984
2017-09-05,67582083,965945617,35000,150500,1480920,967426537
2017-09-06,101255352,973880540,110300,230800,2319540,976200080
2017-09-07,103835906,992548854,23900,214400,2075392,994624246
2017-09-08,82363723,1001493116,0,139100,1338142,1002831258
2017-09-11,65259271,1007017186,50400,189500,1838150,1008855336
2017-09-12,238058556,1080870677,164100,352200,3518478,1084389155
2017-09-13,145259126,1091823751,139400,379900,3878779,1095702530
2017-09-14,83861230,1075797375,28700,260500,2651890,1078449265
2017-09-15,140087757,1068086258,118300,336400,3263080,1071349338
2017-09-18,67637233,1083448428,3900,172500,1687050,1085135478
2017-09-19,49497258,1075576958,15400,184000,1779280,1077356238
2017-09-20,62603349,1084610566,145900,293600,2903704,1087514270
2017-09-21,136470408,1090615641,119400,274700,2689313,1093304954
2017-09-22,85155505,1081297948,253500,411200,4025648,1085323596
2017-09-25,89402224,1055695363,177500,420600,4176558,1059871921
2017-09-26,336319608,1145230414,404000,662200,7231224,1152461638
2017-09-27,335530103,1166500530,281100,586000,6733140,1173233670
2017-09-28,227953446,1222021104,117900,476200,5333440,1227354544
2017-09-29,150191083,1181895836,25000,279300,3105816,1185001652
2017-10-09,190071307,1208620597,42400,283000,3186580,1211807177
2017-10-10,132785181,1232014047,32700,252800,2806080,1234820127
2017-10-11,136481497,1242449733,205200,423000,4572630,1247022363
2017-10-12,80730642,1242509491,21200,335400,3629028,1246138519
2017-10-13,92161637,1257474225,22100,255100,2770386,1260244611
2017-10-16,97612649,1262967280,14600,161700,1699467,1264666747
2017-10-17,81183173,1259134593,329800,438600,4789512,1263924105
2017-10-18,87515643,1272516860,142500,335700,3551706,1276068566
2017-10-19,120497759,1281030780,289462,469462,4633590,1285664370
2017-10-20,48617316,1271916657,9800,169300,1721781,1273638438
2017-10-23,53705637,1259394994,184100,352700,3720985,1263115979
2017-10-24,109477817,1258185370,292200,526400,5695648,1263881018
2017-10-25,131965419,1274516552,168000,418900,4586955,1279103507
2017-10-26,213094466,1284756627,381200,627400,7503704,1292260331
2017-10-27,152154085,1317092324,53900,279600,3260136,1320352460
2017-10-30,125753597,1348002971,156200,386900,4511254,1352514225
2017-10-31,88116224,1322493478,80500,308900,3570884,1326064362
2017-11-01,109543848,1325652823,79600,309500,3636625,1329289448
2017-11-02,86410766,1313334156,285100,455500,5197255,1318531411
2017-11-03,72516293,1281634018,127200,325100,3735399,1285369417
2017-11-06,158046319,1290128541,460999,660299,8022633,1298151174
2017-11-07,106560504,1287665747,21400,347700,4290618,1291956365
2017-11-08,121392391,1308487804,133400,391300,4726904,1313214708
2017-11-09,144833786,1334357748,248535,508735,6440585,1340798333
2017-11-10,128617862,1349479444,189900,511200,6609816,1356089260
2017-11-13,335338899,1385408300,271300,526900,6739051,1392147351
2017-11-14,242023608,1408748722,165000,418800,5310384,1414059106
2017-11-15,176801026,1417206118,320900,586700,7803110,1425009228
2017-11-16,198370224,1453001584,176200,492700,6784479,1459786063
2017-11-17,259019245,1458240109,215100,480900,6612375,1464852484
2017-11-20,252822041,1474658898,270000,571100,8566500,1483225398
2017-11-21,267441899,1541410098,130000,457100,6920494,1548330592
2017-11-22,238866044,1538930270,166700,453200,6693764,1545624034
2017-11-23,315160494,1594600503,315900,587400,8164860,1602765363
2017-11-24,137027211,1578681888,219692,563092,7714361,1586396249
2017-11-27,197504488,1566051407,183698,423585,5921718,1571973125
2017-11-28,217483922,1534906732,404256,647141,9687701,1544594433
2017-11-29,184733867,1439174920,148100,434706,6759678,1445934598
2017-11-30,267041914,1457682088,379200,696006,11414498,1469096586
2017-12-01,272010820,1468587207,126424,474830,7573539,1476160746
2017-12-04,247047955,1485795091,344257,624087,10871596,1496666687
2017-12-05,253976256,1407746595,190000,536287,8408980,1416155575
2017-12-06,211654726,1445771785,272600,642287,10353666,1456125451
2017-12-07,252231842,1462417479,174000,622287,9857026,1472274505
2017-12-08,190361072,1443288109,175910,456097,7147040,1450435149
2017-12-11,156753676,1474293664,320900,601097,9713728,1484007392
2017-12-12,196148932,1517358959,144600,508197,8303939,1525662898
2017-12-13,192969441,1553234679,276339,654536,11107476,1564342155
2017-12-14,205400974,1501335090,39946,477582,8056808,1509391898
2017-12-15,183042516,1478719547,271800,570736,9154605,1487874152
2017-12-18,175465489,1482663954,250100,533436,7910856,1490574810
2017-12-19,173219722,1495310809,184300,567736,8913455,1504224264
2017-12-20,132258128,1499969616,100000,528236,8214070,1508183686
2017-12-21,167494635,1511750015,145159,469195,7624419,1519374434
2017-12-22,138034293,1527369159,126291,397486,6463122,1533832281
2017-12-25,142097607,1530199407,132700,392900,6482850,1536682257
2017-12-26,180622315,1526243684,120700,385900,6085643,1532329327
2017-12-27,131306087,1546551704,120400,372800,5778400,1552330104
2017-12-28,124349772,1537403212,93100,367900,5595759,1542998971
2017-12-29,120010329,1537725795,20800,243200,3871744,1541597539
2018-01-02,222862146,1562547967,227900,458100,7741890,1570289857
2018-01-03,190052375,1569144168,40000,268200,4599630,1573743798
2018-01-04,288110454,1609368926,191938,417138,7525170,1616894096
2018-01-05,154681410,1637183031,0,282200,5073956,1642256987
2018-01-08,203567489,1558581444,90000,322400,6022432,1564603876
2018-01-09,221761816,1598839697,76600,319000,5860030,1604699727
2018-01-10,134855464,1608106491,200,229200,4121016,1612227507
2018-01-11,198557075,1613274089,126400,344000,6367440,1619641529
2018-01-12,162438160,1576725702,0,229600,4162648,1580888350
2018-01-15,150109153,1599374387,85300,299600,5320896,1604695283
2018-01-16,184691150,1613282780,51800,271100,5037038,1618319818
2018-01-17,163911614,1598895470,15700,255400,4684036,1603579506
2018-01-18,208745835,1574937592,168200,388000,7550480,1582488072
2018-01-19,124518694,1578619021,0,231200,4457536,1583076557
2018-01-22,183592615,1578318303,102600,323000,6511680,1584829983
2018-01-23,155924872,1550172001,51700,282100,5698420,1555870421
2018-01-24,204876828,1594628197,99500,320900,6668302,1601296499
2018-01-25,225831722,1578175627,119400,333000,7026300,1585201927
2018-01-26,174870561,1550023419,53800,263600,5532964,1555556383
2018-01-29,297048849,1619675856,125200,360000,7675200,1627351056
2018-01-30,278485537,1638988940,80200,315000,7333200,1646322140
2018-01-31,354043335,1621558748,214827,440827,9958282,1631517030
2018-02-01,257718526,1692177831,39000,359828,8232865,1700410696
2018-02-02,268404272,1691193225,180300,427528,10213644,1701406869
2018-02-05,252715333,1694588738,49000,282100,7024290,1701613028
2018-02-06,287048109,1635632905,193500,426200,9990128,1645623033
2018-02-07,588998100,1719712830,108400,340200,7178220,1726891050
2018-02-08,361443235,1713194049,117000,366700,7700700,1720894749
2018-02-09,246078553,1699417413,95200,309800,5855220,1705272633
2018-02-12,270241014,1629251460,156900,358200,6984900,1636236360
2018-02-13,320283358,1679347640,154700,387500,8083250,1687430890
2018-02-14,299571146,1628645779,0,236500,5032720,1633678499
2018-02-22,363811840,1767108424,236300,472800,10987872,1778096296
2018-02-23,352756948,1842163873,109100,419400,9839124,1852002997
2018-02-26,337597914,1933326381,110600,411600,10063620,1943390001
2018-02-27,395877269,2070722758,141200,475107,11012980,2081735738
2018-02-28,301156343,2133769986,55000,418551,9618302,2143388288
2018-03-01,263751247,2188127639,111400,389751,8769398,2196897037
2018-03-02,275988179,2214932221,253400,475951,10751733,2225683954
2018-03-05,323393283,2040205583,214702,475243,9661690,2049867273
2018-03-06,352135254,1961841508,180700,455743,9616177,1971457685
2018-03-07,333781789,1861440095,264006,507449,9819138,1871259233
2018-03-08,269293791,1894626769,78290,399839,7880826,1902507595
2018-03-09,202590993,1886682826,40000,300899,5837440,1892520266
2018-03-12,458636449,2004992817,205100,432699,8749174,2013741991
2018-03-13,380211434,2040262865,99145,372444,7664898,2047927763
2018-03-14,226938898,2109869176,65800,348344,7081834,2116951010
2018-03-15,189487681,2102477316,96700,325144,6437851,2108915167
2018-03-16,192285891,2100811576,124900,365051,7217058,2108028634
2018-03-19,279444835,2004451929,301500,624851,11334797,2015786726
2018-03-20,178393503,2032747170,293140,738840,13195682,2045942852
2018-03-21,206087520,1974967827,172700,629064,10763285,1985731112
2018-03-22,160546840,2022733105,222100,722640,12501672,2035234777
2018-03-23,217792479,1970251680,188700,618240,9687821,1979939501
2018-03-26,175406441,1991525178,149200,568340,9292359,2000817537
2018-03-27,260909878,2019724456,106600,565040,9679135,2029403591
2018-03-28,248877498,2038371869,202700,578640,9362395,2047734264
2018-03-29,269963844,2017690350,254400,605140,10602053,2028292403
2018-03-30,242842808,1995868485,95000,485400,8523624,2004392109
2018-04-02,288309229,2062917954,183600,554000,9855660,2072773614
2018-04-03,176982944,2025982099,157730,568230,9750827,2035732926
2018-04-04,156540375,2046698109,26000,404900,6834712,2053532821
2018-04-09,134542978,2025948644,49600,336500,5542155,2031490799
2018-04-10,244800707,2063121073,156300,476400,8356056,2071477129
2018-04-11,301248628,2092646225,74400,427500,7600950,2100247175
2018-04-12,238928359,2128994745,204161,523161,9301803,2138296548
2018-04-13,199445280,2174023879,134900,437861,7828954,2181852833
2018-04-16,224399575,2247893472,130500,457761,7983352,2255876824
2018-04-17,192440691,2233567172,10000,347797,5797776,2239364948
2018-04-18,215038938,2228915267,292700,630297,10853714,2239768981
2018-04-19,179642393,2169902302,18000,478197,8378011,2178280313
2018-04-20,165720104,2055310864,41800,367297,6104476,2061415340
2018-04-23,148376749,2106685684,63200,403797,6836283,2113521967
2018-04-24,410944582,2171281074,130100,478600,8624372,2179905446
2018-04-25,216480235,2181237596,50200,424800,7599672,2188837268
2018-04-26,251709948,2189063189,36100,380900,6505772,2195568961
2018-04-27,152857227,2176908306,37800,320400,5539716,2182448022
2018-05-02,173679166,2187682508,162100,415500,7304490,2194986998
2018-05-03,269657645,2154051489,105500,357800,6401042,2160452531
2018-05-04,298845203,2124116051,80800,322100,5855778,2129971829
2018-05-07,437048989,2205193265,124600,431200,8309224,2213502489
2018-05-08,313065784,2267945390,0,333824,6532936,2274478326
2018-05-09,275694247,2311586128,252800,576624,11382558,2322968686
2018-05-10,330363513,2348909991,85000,549100,10762360,2359672351
2018-05-11,314349392,2332713512,65900,540000,10233000,2342946512
2018-05-14,198167261,2277808043,40200,504500,9519915,2287327958
2018-05-15,312112789,2322788582,191800,665900,13098253,2335886835
2018-05-16,232590150,2289652014,11100,425500,8148325,2297800339
2018-05-17,403065129,2423540450,322014,697214,13769977,2437310427
2018-05-18,421813604,2381586338,71300,502400,10449920,2392036258
2018-05-21,532333410,2356956040,170800,489900,10415274,2367371314
2018-05-22,339396211,2367833809,40200,374825,8054989,2375888798
2018-05-23,340844204,2350292464,96800,414625,8657370,2358949834
2018-05-24,231756395,2346455671,126300,439625,9254106,2355709777
2018-05-25,198192905,2385728407,10600,334725,6831737,2392560144
2018-05-28,158372327,2393638825,79600,314300,6405434,2400044259
2018-05-29,194402417,2450882281,41100,279169,5558255,2456440536
2018-05-30,171182787,2361800778,136800,310925,5814297,2367615075
2018-05-31,187138683,2362756534,69300,347625,6761306,2369517840
2018-06-01,171694577,2343476183,45700,206100,3868497,2347344680
2018-06-04,134736274,2340039598,105200,276200,5280944,2345320542
2018-06-05,161948926,2304985960,64300,314400,6212544,2311198504
2018-06-06,132109000,2302764092,12400,271600,5315212,2308079304
2018-06-07,165889533,2301286743,202841,467341,9328126,2310614869
2018-06-08,161197732,2285243617,14300,292941,5680126,2290923743
2018-06-11,96977312,2231891184,70800,342200,6601038,2238492222
2018-06-12,144433878,2242718205,31500,301200,5960748,2248678953
2018-06-13,162398985,2247626868,42900,335900,6647461,2254274329
2018-06-14,117597408,2237579793,52500,283900,5462236,2243042029
2018-06-15,89893312,2181712537,47500,226900,4267989,2185980526
2018-06-19,169627546,2081881121,321234,477534,8084651,2089965772
2018-06-20,155089800,2099891044,23200,263000,4476260,2104367304
2018-06-21,129331865,2027684546,119286,326386,5538770,2033223316
2018-06-22,123899531,2030390780,60100,199700,3464795,2033855575
2018-06-25,107210698,1983392784,77900,269000,4551480,1987944264
2018-06-26,73680866,1992567351,38900,283900,4851851,1997419202
2018-06-27,79837401,1949098621,49400,319100,5319397,1954418018
2018-06-28,58928199,1909862982,6000,296000,4857360,1914720342
2018-06-29,115461551,1922894533,26900,189900,3243492,1926138025
2018-07-02,97931331,1921756630,38000,215700,3623760,1925380390
2018-07-03,180708026,1956015248,29800,218800,3846504,1959861752
2018-07-04,120968226,1956393623,106000,304100,5194028,1961587651
2018-07-05,156351559,1989859799,56700,285500,4662215,1994522014
2018-07-06,128935086,1988750753,42300,152000,2523200,1991273953
2018-07-09,183118517,1998460231,82800,215900,3801999,2002262230
2018-07-10,181649875,1990284693,100479,313379,5640822,1995925515
2018-07-11,129836777,1909672376,3000,245800,4308874,1913981250
2018-07-12,245062523,1975163994,4600,218800,3947152,1979111146
2018-07-13,174444858,1951109087,99400,240900,4437378,1955546465
2018-07-16,140366258,1935423746,10000,151500,2746695,1938170441
2018-07-17,139203480,1954377477,50000,201500,3610880,1957988357
2018-07-18,138665931,1952738400,10000,161500,2863395,1955601795
2018-07-19,102706991,1939617703,10000,156400,2765152,1942382855
2018-07-20,112944724,1939885826,0,146400,2610312,1942496138
2018-07-23,240525483,2003766577,121281,244281,4489885,2008256462
2018-07-24,290124147,2003419893,11000,151400,2769106,2006188999
2018-07-25,126369725,1980247960,0,142900,2622215,1982870175
2018-07-26,171484191,2012663419,123200,256100,4584190,2017247609
2018-07-27,126463973,2037714420,10500,206600,3613434,2041327854
2018-07-30,105098262,2045815344,600,164600,2875562,2048690906
2018-07-31,78262357,2048934324,54600,184200,3223500,2052157824
2018-08-01,116839445,2074726900,10000,144200,2475914,2077202814
2018-08-02,103002372,2029916395,77500,210600,3479112,2033395507
2018-08-03,70853241,2011739173,41100,213100,3420255,2015159428
2018-08-06,95042905,1983738207,172500,353500,5412085,1989150292
2018-08-07,79462575,1953189141,1600,139600,2244768,1955433909
2018-08-08,92181990,1956982346,32000,170600,2673302,1959655648
2018-08-09,96918970,1960988117,2500,153100,2486344,1963474461
2018-08-10,68278968,1950669480,0,143100,2339685,1953009165
2018-08-13,71876131,1960954130,0,133100,2188164,1963142294
2018-08-14,125805099,1991957319,200,133300,2223444,1994180763
2018-08-15,95145884,2017845109,10000,143300,2325759,2020170868
2018-08-16,56763204,2001904917,0,123100,1990527,2003895444
2018-08-17,64495736,1989742354,0,123100,1967138,1991709492
2018-08-20,53250581,1984683986,35000,138160,2264442,1986948428
2018-08-21,95995672,1994487045,10000,123160,2029677,1996516722
2018-08-22,69936376,2002133425,0,113160,1832060,2003965485
2018-08-23,44927889,1976636006,19898,123058,1998462,1978634468
2018-08-24,46032698,1966831265,0,123058,1975081,1968806346
2018-08-27,86183951,1958760019,0,103158,1701075,1960461094
2018-08-28,53787333,1949947782,0,103158,1687665,1951635447
2018-08-29,54179683,1943725842,0,103158,1660844,1945386686
2018-08-30,54892454,1938072096,0,103158,1636086,1939708182
2018-08-31,46094309,1933348366,10000,112658,1754085,1935102451
2018-09-03,58424842,1931186702,24300,126858,1940927,1933127629
2018-09-04,39285883,1926807764,9600,135958,2096472,1928904236
2018-09-05,52500136,1921181680,10000,145958,2174774,1923356454
2018-09-06,26715199,1895290135,0,135958,1997223,1897287358
2018-09-07,46919528,1898027039,10600,146558,2188111,1900215150
2018-09-10,52427080,1895210823,0,136558,1940489,1897151312
2018-09-11,110152927,1867022430,130000,266558,3574543,1870596973
2018-09-12,32139435,1846607860,0,156558,2105705,1848713565
2018-09-13,49288834,1835726482,1200,157758,2158129,1837884611
2018-09-14,44248873,1826064904,24000,130358,1758529,1827823433
2018-09-17,41768461,1795521782,43200,153358,1990587,1797512369
2018-09-18,61666488,1789167129,68800,187858,2573655,1791740784
2018-09-19,73558007,1775767797,6900,142058,1943353,1777711150
2018-09-20,79403996,1788995432,7900,143658,1986790,1790982222
2018-09-21,78338975,1785403112,41100,180058,2553222,1787956334
2018-09-25,59490843,1790237101,22600,177558,2498241,1792735342
2018-09-26,76323533,1747469938,15700,168001,2434334,1749904272
2018-09-27,66674647,1739221796,10696,162997,2327597,1741549393
2018-09-28,66488889,1703392515,32500,187297,2734536,1706127051
2018-10-08,92799774,1747585426,6600,167897,2335447,1749920873
2018-10-09,53108137,1734538145,23700,184997,2634357,1737172502
2018-10-10,64640102,1749902855,15000,168097,2370168,1752273023
2018-10-11,96780311,1702406882,37500,185597,2390489,1704797371
2018-10-12,61084548,1679921737,36300,184297,2359001,1682280738
2018-10-15,40181710,1675959264,15000,165497,2063747,1678023011
2018-10-16,44211757,1639438378,56200,203697,2419920,1641858298
2018-10-17,35719447,1628560284,22500,172997,2067314,1630627598
2018-10-18,37294558,1594037425,22500,169997,1937966,1595975391
2018-10-19,40918107,1566063104,22500,150097,1753133,1567816237
2018-10-22,82822614,1561654389,47400,171997,2174042,1563828431
2018-10-23,63145582,1554935681,14500,159797,1939935,1556875616
2018-10-24,36452844,1549174226,22500,165797,1979617,1551153843
2018-10-25,43222673,1542915148,22500,165797,1939825,1544854973
2018-10-26,35558630,1543738332,22500,165797,1931535,1545669867
2018-10-29,53814317,1534379679,32500,173997,1917447,1536297126
2018-10-30,40381708,1520122648,22500,163997,1841686,1521964334
2018-10-31,74535501,1532875342,22500,163997,1902365,1534777707
2018-11-01,83442978,1557900401,24800,166297,1922393,1559822794
2018-11-02,100314127,1509596018,72500,213997,2649283,1512245301
2018-11-05,100969872,1543775695,15000,206997,2506733,1546282428
2018-11-06,60415732,1545850072,31450,222947,2657528,1548507600
2018-11-07,72606950,1561568854,16600,210447,2495902,1564064756
2018-11-08,53329610,1546962537,24100,215623,2514164,1549476701
2018-11-09,26448732,1527753338,39500,231023,2652144,1530405482
2018-11-12,67517635,1546893402,32500,233523,2767247,1549660649
2018-11-13,87720882,1551926565,34200,240723,2859789,1554786354
2018-11-14,78371014,1566364995,14600,241223,2846431,1569211426
2018-11-15,87615489,1592400502,29900,249623,3002965,1595403467
2018-11-16,85283660,1584077363,24500,250923,3016094,1587093457
2018-11-19,92241443,1593400382,29400,189623,2328570,1595728952
2018-11-20,88553917,1593697305,17700,200923,2376919,1596074224
2018-11-21,61582365,1592168582,15700,200923,2342762,1594511344
2018-11-22,38524939,1595367203,6800,195323,2267700,1597634903
2018-11-23,63952266,1499893651,37200,206923,2274083,1502167734
2018-11-26,43189147,1453307309,29200,204884,2196357,1455503666
2018-11-27,28020094,1447674130,0,202184,2177522,1449851652
2018-11-28,53627763,1460347208,31100,190384,2080897,1462428105
2018-11-29,51579247,1429225895,35500,185884,1979665,1431205560
2018-11-30,46189371,1427456559,32400,184284,2023438,1429479997
2018-12-03,80642698,1422346067,31539,193523,2202291,1424548358
2018-12-04,73134767,1436452636,18800,179323,2049661,1438502297
2018-12-05,36772299,1423993099,33600,186684,2098328,1426091427
2018-12-06,32187013,1413794595,7600,172184,1897468,1415692063
2018-12-07,22665587,1408982177,0,168684,1867332,1410849509
2018-12-10,33098437,1414840895,32100,183884,1978592,1416819487
2018-12-11,18963798,1412726849,0,183884,1993303,1414720152
2018-12-12,18825124,1409907563,0,183884,2000658,1411908221
2018-12-13,66153922,1421188187,15800,184184,2055493,1423243680
2018-12-14,34560208,1393576766,0,176584,1910639,1395487405
2018-12-17,32051738,1400927552,14100,176584,1905342,1402832894
2018-12-18,30432201,1392621467,7700,167284,1804995,1394426462
2018-12-19,25586636,1387843640,3900,171184,1821398,1389665038
2018-12-20,28894244,1385675470,14100,168984,1806439,1387481909
2018-12-21,28785280,1367435151,16300,171184,1780313,1369215464
2018-12-24,20303161,1372706345,0,165584,1740288,1374446633
2018-12-25,44636097,1370345647,14200,171084,1762165,1372107812
2018-12-26,23105825,1367187389,0,168084,1695967,1368883356
2018-12-27,34492425,1354326579,14200,171084,1714262,1356040841
2018-12-28,25975351,1311034808,14000,159684,1564903,1312599711
2019-01-02,25199834,1316696914,14100,159714,1552420,1318249334
2019-01-03,20028989,1316099598,14100,159814,1556588,1317656186
2019-01-04,45747516,1319723571,14000,157514,1587741,1321311312
2019-01-07,43359314,1324875195,14100,137556,1396193,1326271388
2019-01-08,22783588,1317287261,1200,137956,1380940,1318668201
2019-01-09,64831033,1314169167,17700,133856,1358638,1315527805
2019-01-10,24433235,1301075094,6600,134756,1356993,1302432087
2019-01-11,30704649,1295938808,6500,141256,1429511,1297368319
2019-01-14,19659747,1269702906,500,136956,1381886,1271084792
2019-01-15,46406907,1271986496,27200,150456,1552706,1273539202
2019-01-16,35866996,1268844557,0,150456,1542174,1270386731
2019-01-17,39661314,1272612855,14000,150356,1524610,1274137465
2019-01-18,97891170,1291289240,14100,150356,1601291,1292890531
2019-01-21,112214875,1310877343,15100,151356,1667943,1312545286
2019-01-22,99408369,1331914279,19300,156556,1745599,1333659878
2019-01-23,165008326,1368620148,14100,155556,1787338,1370407486
2019-01-24,65477259,1348595211,14100,155556,1773338,1350368549
2019-01-25,90480853,1364972164,14100,155556,1767116,1366739280
2019-01-28,66063740,1338736350,14100,155556,1773338,1340509688
2019-01-29,105529024,1319060208,14100,131484,1531789,1320591997
2019-01-30,94061788,1328246446,1000,118300,1372280,1329618726
2019-01-31,58135376,1303664725,1000,112200,1314984,1304979709
2019-02-01,60343272,1246743111,1000,109000,1314540,1248057651
2019-02-11,115860312,1299029520,1000,110000,1346400,1300375920
2019-02-12,110683427,1321178672,500,67400,816214,1321994886
2019-02-13,123962720,1327022494,28800,94200,1155834,1328178328
2019-02-14,117600753,1343488890,16400,104700,1260588,1344749478
2019-02-15,95072933,1375222579,37700,128600,1517480,1376740059
2019-02-18,119599892,1327089425,29500,117500,1431150,1328520575
2019-02-19,281875813,1426894553,30200,118200,1501140,1428395693
2019-02-20,236502356,1417512041,29500,118200,1530690,1419042731
2019-02-21,145667880,1411310305,29500,118200,1495230,1412805535
2019-02-22,134083830,1396541936,29500,117500,1496950,1398038886
2019-02-25,287290267,1451687814,34800,122800,1627100,1453314914
2019-02-26,221765933,1457995449,60200,150400,1995808,1459991257
2019-02-27,158386547,1455417590,32600,152300,1993607,1457411197
2019-02-28,99335641,1454036676,29500,149200,1969440,1456006116
2019-03-01,112800133,1438419805,35100,154800,2054196,1440474001
2019-03-04,269415419,1464707686,29500,137300,1805495,1466513181
2019-03-05,254562507,1496984752,45500,135100,1749545,1498734297
2019-03-06,193112790,1501983612,47900,150200,1964616,1503948228
2019-03-07,200873004,1522723741,35500,154300,1985841,1524709582
2019-03-08,164077697,1520438655,30800,152300,1826077,1522264732
2019-03-11,110387157,1502042948,30600,124500,1546290,1503589238
2019-03-12,117437391,1468665688,32700,111600,1380492,1470046180
2019-03-13,96685872,1478465744,31000,109900,1337483,1479803227
2019-03-14,139482174,1497039829,61400,138100,1727631,1498767460
2019-03-15,295545513,1528201809,35000,142700,1897910,1530099719
2019-03-18,273548722,1547243953,30400,142700,1942147,1549186100
2019-03-19,178614207,1528483236,30400,139400,1869354,1530352590
2019-03-20,214981964,1584284394,30400,139400,1874930,1586159324
2019-03-21,141789810,1570393349,33700,142300,1894013,1572287362
2019-03-22,249562123,1600100152,30800,142700,1957844,1602057996
2019-03-25,173243146,1619480623,17400,112300,1491344,1620971967
2019-03-26,150365536,1580488635,30400,112300,1432948,1581921583
2019-03-27,240349431,1602493020,30400,112300,1548617,1604041637
2019-03-28,451982054,1643565973,34400,114900,1640772,1645206745
2019-03-29,389451690,1663613452,30400,114900,1659156,1665272608
2019-04-01,470120224,1775946294,27200,111700,1773796,1777720090
2019-04-02,613688438,1830646340,41400,127100,2092066,1832738406
2019-04-03,312045192,1788030368,41600,138300,2265354,1790295722
2019-04-04,615373740,1899969802,103600,192100,3461642,1903431444
2019-04-08,923363543,2347007769,19400,205500,4073010,2351080779
2019-04-09,374837621,2050200316,6000,205400,3664336,2053864652
2019-04-10,943171582,2111084501,41300,198600,3435780,2114520281
2019-04-11,547447785,2165939273,48400,206600,3282874,2169222147
2019-04-12,266071285,2103511184,45400,218000,3444400,2106955584
2019-04-15,310146228,2094925206,64000,226600,3489640,2098414846
2019-04-16,325580057,2078930542,70400,256600,4090204,2083020746
2019-04-17,414950550,2096205600,40400,261600,4206528,2100412128
2019-04-18,235335741,2045987656,43400,224200,3564780,2049552436
2019-04-19,355364041,2111902298,72600,256400,3945996,2115848294
2019-04-22,200048190,2071023867,37900,217300,3283403,2074307270
2019-04-23,164026237,2060811170,95900,262300,3965976,2064777146
2019-04-24,168288509,2061670244,78400,251300,3854942,2065525186
2019-04-25,241140352,2069063784,63900,252300,3696195,2072759979
2019-04-26,215465147,1989600004,95876,267876,4028855,1993628859
2019-04-29,225297933,1991910641,37400,230276,3274525,1995185166
2019-04-30,122490405,1960895493,53400,238176,3394008,1964289501
2019-05-06,159597485,1900395999,32500,219276,2813311,1903209310
2019-05-07,129072738,1927323640,34900,218776,2826586,1930150226
2019-05-08,96846233,1890976655,60600,233976,3039348,1894016003
2019-05-09,93539423,1895964153,52900,228576,2953202,1898917355
2019-05-10,160090467,1891435916,88800,247976,3293121,1894729037
2019-05-13,76507450,1784392702,32900,203476,2632979,1787025681
2019-05-14,62542717,1772867824,59800,185576,2371661,1775239485
2019-05-15,149459776,1773891504,105500,239576,3179174,1777070678
2019-05-16,140371663,1787307460,67100,253000,3395260,1790702720
2019-05-17,131100263,1786504622,53800,240200,3045736,1789550358
2019-05-20,76284028,1756181446,49200,215700,2752332,1758933778
2019-05-21,112116801,1759114806,35700,180700,2378012,1761492818
2019-05-22,70552470,1747052207,95200,237700,3073461,1750125668
2019-05-23,57907348,1740164717,42200,192100,2456959,1742621676
2019-05-24,97068074,1691712800,73679,176979,2072424,1693785224
2019-05-27,56305678,1674859497,67300,176779,2123116,1676982613
2019-05-28,49282963,1650815065,50700,184679,2214301,1653029366
2019-05-29,52901880,1642443555,48700,171179,2066131,1644509686
2019-05-30,33267912,1625810718,44800,169879,2047042,1627857760
2019-05-31,63188182,1614383765,46000,147079,1728178,1616111943
2019-06-03,63676838,1616922722,45500,141379,1608893,1618531615
2019-06-04,95740882,1593931500,117800,205079,2155380,1596086880
2019-06-05,37100514,1577760925,42300,179325,1882913,1579643838
2019-06-06,28662927,1560182417,70100,182425,1875329,1562057746
2019-06-10,35843818,1558429328,51100,187325,1948180,1560377508
2019-06-11,84922348,1577269587,37500,131925,1437983,1578707570
2019-06-12,70231130,1591018971,26900,134125,1443185,1592462156
2019-06-13,34949082,1572897960,28500,116725,1268801,1574166761
2019-06-14,44750114,1555969413,43500,131625,1380746,1557350159
2019-06-17,29398850,1551591973,36288,118613,1267973,1552859946
2019-06-18,16243122,1548879184,24100,119913,1284268,1550163452
2019-06-19,57164584,1533253826,36400,128413,1397133,1534650959
2019-06-20,83420155,1527422848,45700,120413,1353442,1528776290
2019-06-21,98509646,1539048339,53700,126313,1421021,1540469360
2019-06-24,68478203,1540313778,46600,119313,1364941,1541678719
2019-06-25,47893299,1525160787,50900,134613,1504973,1526665760
2019-06-26,25959028,1516888482,12000,122713,1358433,1518246915
2019-06-27,46249624,1510424364,49322,123835,1381999,1511806363
2019-06-28,40047822,1504075637,47400,131735,1433277,1505508914
2019-07-01,89209453,1498792864,24200,101935,1157982,1499950846
2019-07-02,101248202,1489875008,42800,133935,1552307,1491427315
2019-07-03,69461561,1514289552,3500,127635,1447381,1515736933
2019-07-04,47540150,1528499608,8600,132635,1490817,1529990425
2019-07-05,35147162,1532942228,35300,165635,1868363,1534810591
2019-07-08,75933669,1552433606,44500,131035,1416488,1553850094
2019-07-09,48205490,1548660103,85000,193935,2098377,1550758480
2019-07-10,27680407,1547336563,11700,159535,1691071,1549027634
2019-07-11,27754255,1537645055,1800,139360,1466067,1539111122
2019-07-12,95793787,1530438939,123400,225260,2522912,1532961851
2019-07-15,76750658,1499027288,37500,153060,1689782,1500717070
2019-07-16,63898690,1503619196,76200,198860,2199392,1505818588
2019-07-17,74990129,1491464701,59700,196560,2203438,1493668139
2019-07-18,56671841,1498593078,50800,189860,2054285,1500647363
2019-07-19,42769722,1489024760,35079,146939,1576655,1490601415
2019-07-22,45760782,1481170445,71700,180239,1915941,1483086386
2019-07-23,26445605,1467785080,30700,153739,1655769,1469440849
2019-07-24,39708593,1472049144,48000,183739,1993568,1474042712
2019-07-25,31979427,1469416171,600,147339,1588314,1471004485
2019-07-26,24631887,1445676849,15000,130739,1430285,1447107134
2019-07-29,41267160,1443883408,0,117739,1295129,1445178537
2019-07-30,60815972,1428618082,92500,170539,1906626,1430524708
2019-07-31,34141961,1435713284,30000,162539,1797681,1437510965
2019-08-01,41540672,1430617516,31100,155939,1710651,1432328167
2019-08-02,28690686,1420437838,40400,157339,1689821,1422127659
2019-08-05,41354109,1418960558,31400,171339,1792206,1420752764
2019-08-06,51911330,1417039568,50300,164839,1663226,1418702794
2019-08-07,21594994,1405861813,56500,207939,2066914,1407928727
2019-08-08,27567747,1400195727,11500,199939,1991392,1402187119
2019-08-09,45428501,1396101652,25300,208539,1997804,1398099456
2019-08-12,26591627,1390071868,0,195539,1904550,1391976418
2019-08-13,19078128,1392955955,3000,161439,1559501,1394515456
2019-08-14,33434896,1385184422,24800,157539,1537581,1386722003
2019-08-15,31971805,1387374131,43300,129539,1263005,1388637136
2019-08-16,27525200,1385414753,6400,134739,1305621,1386720374
2019-08-19,36648193,1352660983,8500,137739,1388409,1354049392
2019-08-20,36106998,1352491232,1400,139139,1389999,1353881231
2019-08-21,21206461,1356029280,10000,149139,1486916,1357516196
2019-08-22,20823919,1349069707,0,139139,1377476,1350447183
2019-08-23,16641464,1337363756,26000,138939,1376885,1338740641
2019-08-26,19584490,1326678268,38100,150136,1459322,1328137590
2019-08-27,36206514,1334777394,400,150136,1483344,1336260738
2019-08-28,22343032,1324861163,7100,133836,1300886,1326162049
2019-08-29,23118880,1320037123,8700,135236,1310437,1321347560
2019-08-30,30362006,1312800648,100,135336,1305992,1314106640
2019-09-02,46184574,1319188293,0,113836,1121285,1320309578
2019-09-03,34033729,1325642398,3600,117436,1147350,1326789748
2019-09-04,78882956,1335526652,101700,179836,1832529,1337359181
2019-09-05,97665861,1347629927,38700,162936,1653800,1349283727
2019-09-06,43147326,1335245455,22500,158436,1622385,1336867840
2019-09-09,85187746,1353969233,29700,156236,1637353,1355606586
2019-09-10,75069030,1347626591,20800,164536,1742436,1349369027
2019-09-11,93534267,1339680305,81300,186136,2025160,1341705465
2019-09-12,69140024,1334991240,22600,187336,2040089,1337031329
2019-09-16,80808184,1330922270,35500,183206,1967632,1332889902
2019-09-17,75749178,1326368618,1000,180206,1897569,1328266187
2019-09-18,61167110,1321588465,13700,169006,1745832,1323334297
2019-09-19,47114481,1304325005,40900,179006,1865243,1306190248
2019-09-20,27229605,1297047192,11800,160306,1654358,1298701550
2019-09-23,27457002,1280404151,22000,130006,1320861,1281725012
2019-09-24,18933625,1272116775,31800,130106,1325780,1273442555
2019-09-25,23583471,1257630106,47400,141406,1411232,1259041338
2019-09-26,25135688,1247778558,36200,142006,1398759,1249177317
2019-09-27,14634941,1225760680,0,141206,1393703,1227154383
2019-09-30,6432728,1211389398,35400,128606,1266769,1212656167
2019-10-08,16837862,1211362288,0,128606,1277058,1212639346
2019-10-09,24404389,1211903757,16000,144606,1459075,1213362832
2019-10-10,20147714,1209911221,700,127306,1288337,1211199558
2019-10-11,23352331,1202082392,3100,113406,1140864,1203223256
2019-10-14,31048982,1202375741,18700,128506,1305621,1203681362
2019-10-15,56648534,1197873671,37400,156406,1512446,1199386117
2019-10-16,21980126,1197639696,2200,145606,1396362,1199036058
2019-10-17,14279022,1187966860,1800,140706,1339521,1189306381
2019-10-18,8458955,1173051834,10700,135806,1284725,1174336559
2019-10-21,9728239,1171216873,5900,124736,1168776,1172385649
2019-10-22,10176141,1170126881,18700,129936,1242188,1171369069
2019-10-23,9448931,1169236518,500,122836,1166942,1170403460
2019-10-24,5008823,1165294272,900,123736,1169305,1166463577
2019-10-25,11270044,1157060067,200,123936,1174913,1158234980
2019-10-28,13162983,1158742511,5200,121536,1159453,1159901964
2019-10-29,75817661,1160463314,13400,134936,1334517,1161797831
2019-10-30,41910639,1129376761,6900,137136,1353532,1130730293
2019-10-31,29832590,1122274728,8700,132236,1258887,1123533615
2019-11-01,13272038,1116689823,0,127036,1209383,1117899206
2019-11-04,16402519,1114282284,1200,128236,1224654,1115506938
2019-11-05,18485496,1114438740,10200,132236,1260209,1115698949
2019-11-06,12965096,1109834162,2500,134736,1271908,1111106070
2019-11-07,14328029,1101371496,6800,141536,1331854,1102703350
2019-11-08,11786727,1097741735,2600,127336,1200778,1098942513
2019-11-11,25661918,1092252864,10300,114725,1045145,1093298009
2019-11-12,18722708,1091773889,26200,140925,1271144,1093045033
2019-11-13,17172005,1087343143,0,140925,1290873,1088634016
2019-11-14,12922831,1087326118,1400,142325,1293734,1088619852
2019-11-15,29544824,1091812989,23800,163525,1502795,1093315784
2019-11-18,18045490,1088256028,4100,152325,1413576,1089669604
2019-11-19,17167982,1084421252,1300,151825,1416527,1085837779
2019-11-20,18040495,1087301200,0,151825,1386162,1088687362
2019-11-21,10732257,1090091945,9400,161225,1475209,1091567154
2019-11-22,14822543,1083804967,0,150125,1381150,1085186117
2019-11-25,58658055,1090945030,36000,183925,1776716,1092721746
2019-11-26,31212109,1088673658,3300,172425,1600104,1090273762
2019-11-27,15332810,1088656086,6800,172625,1601960,1090258046
2019-11-28,23682278,1091350808,17500,190125,1743446,1093094254
2019-11-29,11671934,1085280851,2300,187925,1725152,1087006003
2019-12-02,7767463,1076806058,2200,188025,1724189,1078530247
2019-12-03,5240090,1068070203,5400,191225,1761182,1069831385
2019-12-04,8736279,1070616656,0,188925,1730553,1072347209
2019-12-05,17113229,1071444316,0,139225,1285047,1072729363
2019-12-06,10917613,1064678804,0,134225,1240239,1065919043
2019-12-09,11876990,1061278777,1800,130325,1202900,1062481677
2019-12-10,14167964,1063994728,800,129925,1201806,1065196534
2019-12-11,29890574,1060714724,0,129225,1209546,1061924270
2019-12-12,32798577,1061856356,5100,134325,1251909,1063108265
2019-12-13,35356640,1072585752,2800,136225,1285964,1073871716
2019-12-16,62438937,1085197144,1100,136125,1328580,1086525724
2019-12-17,73904323,1091768011,10400,145425,1449887,1093217898
2019-12-18,41723125,1088436987,9500,153125,1512875,1089949862
2019-12-19,42120047,1095320572,16300,169425,1692556,1097013128
2019-12-20,22563412,1085150342,500,169925,1690754,1086841096
2019-12-23,61473468,1108539266,600,170525,1681377,1110220643
2019-12-24,19926484,1103123036,0,170525,1693313,1104816349
2019-12-25,27889432,1101749324,32300,201225,2010238,1103759562
2019-12-26,67280934,1118624787,21400,222625,2301943,1120926730
2019-12-27,47508330,1114603248,63500,270125,2760678,1117363926
2019-12-30,36733218,1115225801,28900,295425,3022198,1118247999
2019-12-31,68193871,1105769762,10600,290125,3049214,1108818976
2020-01-02,61485437,1100550450,0,290125,3144955,1103695405
2020-01-03,45382799,1087718835,0,282825,3088449,1090807284
2020-01-06,58492228,1061106432,42600,320425,3428548,1064534980
2020-01-07,40307585,1057659930,0,287325,3082997,1060742927
2020-01-08,75486140,1074443329,27200,258925,2679874,1077123203
2020-01-09,26964939,1067309844,0,258925,2710945,1070020789
2020-01-10,23735453,1060953078,0,258825,2686604,1063639682
2020-01-13,27174797,1062493110,0,234125,2453630,1064946740
2020-01-14,51666809,1066435379,0,228325,2415679,1068851058
2020-01-15,35621259,1069443702,400,225725,2345283,1071788985
2020-01-16,23893194,1067768901,300,183325,1886413,1069655314
2020-01-17,21750389,1061557821,4700,182325,1856069,1063413890
2020-01-20,37851575,1061584403,300,182025,1838453,1063422856
2020-01-21,59174674,1078712470,2200,183925,1806144,1080518614
2020-01-22,30539013,1073043921,1100,149925,1500749,1074544670
2020-01-23,51316902,1058132302,1100,149825,1447310,1059579612
2020-02-03,16974177,1048683068,0,130125,1130786,1049813854
2020-02-04,44723990,1053126381,0,117925,1005900,1054132281
2020-02-05,34055796,1036956473,0,117925,1023589,1037980062
2020-02-06,47151339,1012333658,300,117925,1075476,1013409134
2020-02-07,51776603,998708206,27700,144325,1336450,1000044656
2020-02-10,55562662,1004575633,1200,144225,1396098,1005971731
2020-02-11,60884414,1007433499,15800,153700,1444780,1008878279
2020-02-12,21889055,993037312,0,152200,1438290,994475602
2020-02-13,47675495,999824816,7000,159200,1506032,1001330848
2020-02-14,47572554,980119043,10400,169600,1623072,981742115
2020-02-17,54142036,993694541,0,159200,1549016,995243557
2020-02-18,47227737,991026165,44700,177500,1704000,992730165
2020-02-19,53448934,995655282,10400,187900,1783171,997438453
2020-02-20,53375962,995155220,0,177500,1702225,996857445
2020-02-21,41705360,987618725,2600,180100,1718154,989336879
2020-02-24,65690195,986154408,26400,206500,1965880,988120288
2020-02-25,62893518,995011975,10700,203900,1898309,996910284
2020-02-26,84879326,995649575,27800,231700,2212735,997862310
2020-02-27,52720645,1011261257,0,231700,2166395,1013427652
2020-02-28,38474282,1004841911,11000,233700,2079930,1006921841
2020-03-02,40469568,993086701,600,215200,1994904,995081605
2020-03-03,36698683,997046380,0,215200,1994904,999041284
2020-03-04,42184073,997465381,4400,191300,1805872,999271253
2020-03-05,76874398,1002219742,22100,187000,1812030,1004031772
2020-03-06,63958160,1000666113,8400,195400,1879748,1002545861
2020-03-09,59024195,989110989,36800,219600,2002752,991113741
2020-03-10,40961317,983195847,0,219600,2026908,985222755
2020-03-11,32899445,981485340,23209,242809,2214418,983699758
2020-03-12,25052596,981063758,34900,277709,2485496,983549254
2020-03-13,32270926,971436409,22800,300509,2632459,974068868
2020-03-16,32324007,910779898,6700,302809,2522399,913302297
2020-03-17,23835102,902287304,0,302809,2480006,904767310
2020-03-18,16555388,890587642,7200,310009,2489371,893077013
2020-03-19,24365949,892897444,16700,321909,2572053,895469497
2020-03-20,19171312,887445378,79900,401809,3250635,890696013
2020-03-23,17404168,875678185,2600,399309,3078672,878756857
2020-03-24,15673607,874626097,10500,404709,3197201,877823298
2020-03-25,18702482,870880783,19500,424209,3427609,874308392
2020-03-26,19413101,868999101,48400,448109,3620721,872619822
2020-03-27,15161201,869398756,59900,415609,3337340,872736096
2020-03-30,18279961,873353229,60900,453609,3669697,877022926
2020-03-31,25151791,879908936,34200,441509,3602713,883511649
2020-04-01,13389113,874392727,184000,602709,4833726,879226453
2020-04-02,17134553,865468526,55600,651309,5269090,870737616
2020-04-03,12570259,860290914,31400,668009,5357432,865648346
2020-04-07,33623704,855274718,20000,663609,5501319,860776037
2020-04-08,19497367,852761759,91000,743509,6104209,858865968
2020-04-09,23121006,855376285,49600,776609,6375960,861752245
2020-04-10,14054272,844761261,28400,695109,5560872,850322133
2020-04-13,12537017,844163723,30900,650209,5221178,849384901
2020-04-14,18214526,847947478,11700,650509,5217082,853164560
2020-04-15,14427764,844185261,13800,658909,5225148,849410409
2020-04-16,13425548,849014162,30600,618009,4845191,853859353
2020-04-17,15525547,846636034,37700,627409,4931435,851567469
2020-04-20,12623361,845457709,68300,686809,5370846,850828555
2020-04-21,6470345,839155951,73700,759009,5912680,845068631
2020-04-22,58724114,844749641,178800,931009,7624964,852374605
2020-04-23,25271350,840731704,17600,935609,7606501,848338205
2020-04-24,12723667,838119230,43000,962809,7606191,845725421
2020-04-27,9750692,838678603,8500,869429,6859795,845538398
2020-04-28,13223928,834814343,125500,928509,7158804,841973147
2020-04-29,7439420,830478030,83900,1002709,7710832,838188862
2020-04-30,14708146,826019772,26900,952209,7465319,833485091
2020-05-06,11861214,825653803,74100,995509,7874476,833528279
2020-05-07,10510648,826893781,20000,1014909,7977185,834870966
2020-05-08,19182458,825569326,1000,1014909,8129421,833698747
2020-05-11,30768922,823064624,122800,1123909,9148619,832213243
2020-05-12,8017490,820874842,30900,1111509,9014338,829889180
2020-05-13,11411751,817987593,84200,1193709,9764540,827752133
2020-05-14,12597240,814837433,78700,1270909,10268945,825106378
2020-05-15,12819081,799456964,106300,1352909,10173876,809630840
2020-05-18,11573151,803809020,101100,1436009,10712627,814521647
2020-05-19,9595405,804468027,101400,1488609,11194340,815662367
2020-05-20,17805526,803064268,103900,1584409,11661250,814725518
2020-05-21,12055306,802476572,21700,1592309,11560163,814036735
2020-05-22,5700354,797793147,104400,1692509,12135290,809928437
2020-05-25,7184702,795538423,35200,1653709,11956316,807494739
2020-05-26,6482226,795908981,1300,1544409,11181521,807090502
2020-05-27,6051421,791406859,76100,1566509,11247535,802654394
2020-05-28,6216376,790351458,21900,1557509,11182915,801534373
2020-05-29,8502594,786986493,0,1552009,10972704,797959197
2020-06-01,23929969,791723926,16600,1554809,11225721,802949647
2020-06-02,17043716,781301866,6200,1535009,11389767,792691633
2020-06-03,15422847,780841033,157500,1675509,12214461,793055494
2020-06-04,10413335,776247273,8700,1677809,12113781,788361054
2020-06-05,12237200,775123091,6600,1675009,12093565,787216656
2020-06-08,24549570,775641233,27900,1659309,12262294,787903527
2020-06-09,22986249,779761672,106400,1726209,12791209,792552881
2020-06-10,15166381,781480842,0,1714909,12673178,794154020
2020-06-11,21343999,786041643,24100,1716309,12494730,798536373
2020-06-12,19641831,794346474,30300,1689909,12201143,806547617
2020-06-15,13772315,798644116,23000,1547909,11113987,809758103
2020-06-16,5847994,791982800,0,1510909,10969199,802951999
2020-06-17,11741971,793932992,108800,1608309,11724573,805657565
2020-06-18,34060684,802746360,87700,1456509,10821862,813568222
2020-06-19,15792013,804004323,49300,1311909,9747484,813751807
2020-06-22,39253779,808221562,20500,1180309,8946742,817168304
2020-06-23,13070120,805839379,274800,1355609,10167068,816006447
2020-06-24,6931672,802117345,68800,1305709,9688361,811805706
2020-06-29,14777361,805859579,44700,1213509,8907156,814766735
2020-06-30,20802389,802597150,144100,1330109,9922613,812519763
2020-07-01,28268225,805340601,208100,1535709,11640674,816981275
2020-07-02,63404933,782418540,143500,1512609,12252133,794670673
2020-07-03,66970646,748056907,130600,1451509,12555553,760612460
2020-07-06,55026892,723025499,86600,1403909,12649220,735674719
2020-07-07,62394212,727462530,206700,1463809,12837605,740300135
2020-07-08,51584869,723144482,51800,1437209,12963625,736108107
2020-07-09,64484816,747271758,100700,1407209,12580448,759852206
2020-07-10,48568126,740521384,119200,1385609,11999374,752520758
2020-07-13,40076518,742898770,89600,1193509,10598360,753497130
2020-07-14,82511992,755149258,310600,1247109,11323750,766473008
2020-07-15,66630334,775572185,135900,1296109,11587214,787159399
2020-07-16,82712612,765635319,129500,1296609,11851006,777486325
2020-07-17,108737810,780963186,182190,1368240,13066693,794029879
2020-07-20,99337367,807652444,100200,1447650,15214802,822867246
2020-07-21,345219758,818705848,623100,2022650,22653680,841359528
2020-07-22,169191289,751986356,187800,1900650,22465683,774452039
2020-07-23,141629425,734714262,290900,2172250,25654272,760368534
2020-07-24,122838846,727865797,149200,2154950,24501781,752367578
2020-07-27,76617626,733173732,198900,2256550,25318491,758492223
2020-07-28,73358462,743297773,118800,2270750,24637638,767935411
2020-07-29,61571355,741513846,44500,2146350,24124974,765638820
2020-07-30,59727077,742300799,263855,2318505,25944071,768244870
2020-07-31,52777087,730344755,164200,2382205,26823628,757168383
2020-08-03,106085617,762102862,78800,2394105,26646388,788749250
2020-08-04,64551971,743180338,104000,2430605,26736655,769916993
2020-08-05,39629055,730530607,104000,2312105,25479397,756010004
2020-08-06,34481492,711887532,160900,2435505,26473940,738361472
2020-08-07,63420896,728818604,115700,2532905,27760639,756579243
2020-08-10,67045231,731670299,105700,2530105,26211888,757882187
2020-08-11,28760210,721111425,91000,2377150,23961672,745073097
2020-08-12,35571672,683237262,10900,2273350,22551632,705788894
2020-08-13,24350015,659646845,31200,2223550,22880330,682527175
2020-08-14,16388792,659026595,89600,2172350,22266587,681293182
2020-08-17,38888144,647090172,50800,2058497,22252352,669342524
2020-08-18,30321914,649974850,143200,2137797,23152341,673127191
2020-08-19,34233151,653268088,100500,2184997,22898769,676166857
2020-08-20,16548775,650931039,79500,2137797,22275845,673206884
2020-08-21,24515494,660395492,41700,2105897,21817093,682212585
2020-08-24,13921178,642926749,139573,2143182,23082070,666008819
2020-08-25,33223900,644236246,59523,2111705,22637477,666873723
2020-08-26,22543504,643591948,133400,2167305,22388260,665980208
2020-08-27,26247710,654228756,27100,2092905,21201127,675429883
2020-08-28,16911771,648112615,14700,2015905,20804139,668916754
2020-08-31,27616274,642592651,117200,2056005,21012371,663605022
2020-09-01,22413825,648816961,34700,2021505,20437416,669254377
2020-09-02,31471451,660445605,113400,2108605,21339082,681784687
2020-09-03,34245882,671341437,86700,1876605,18540858,689882295
2020-09-04,15379597,675578541,10200,1761799,17230395,692808936
2020-09-07,16248250,676339356,193823,1865422,17758817,694098173
2020-09-08,14982153,675603703,53800,1869522,17872630,693476333
2020-09-09,14447802,672763795,130900,1973322,18272961,691036756
2020-09-10,13950497,674333595,45300,1853422,16792003,691125598
2020-09-11,6142754,669519706,60100,1749422,16129670,685649376
2020-09-14,19717295,681030204,229200,1955522,17782000,698812204
2020-09-15,14896200,669620937,189600,1994922,18792166,688413103
2020-09-16,6603534,667268283,23400,1975422,18529459,685797742
2020-09-17,12302665,664119579,76500,1926122,18105547,682225126
2020-09-18,46712593,690771540,50500,1963922,18971486,709743026
2020-09-21,20903442,696230008,172100,2050622,18947748,715177756
2020-09-22,17545925,698398074,103800,2105122,18946098,717344172
2020-09-23,17390169,683567698,33200,2047619,18489999,702057697
2020-09-24,6472974,678646261,8500,2005622,17749756,696396017
2020-09-25,11260685,680509556,27100,1976022,17270433,697779989
2020-09-28,7545143,677699180,15100,1937622,17341718,695040898
2020-09-29,5750955,671063152,24900,1866922,16951653,688014805
2020-09-30,7624790,669015772,126300,1877622,16917374,685933146
2020-10-09,10035181,669721708,22500,1778022,16322242,686043950
2020-10-12,33349998,690794606,3800,1752122,16294735,707089341
2020-10-13,34920873,709670391,89900,1812622,16440482,726110873
2020-10-14,17926651,707940715,56000,1837922,16927262,724867977
2020-10-15,22432422,702695172,23900,1803380,17023908,719719080
2020-10-16,14061764,699470061,310739,2096819,19710098,719180159
2020-10-19,20353298,696786697,105300,2198619,20403184,717189881
2020-10-20,24347364,678729587,93900,2292519,22076958,700806545
2020-10-21,28451620,692274331,187700,2404519,23035292,715309623
2020-10-22,18062425,684286289,19800,2375719,22949445,707235734
2020-10-23,19750004,681247845,17900,2254868,21714379,702962224
2020-10-26,21461850,689000449,119200,2373368,23164070,712164519
2020-10-27,29970133,684267340,45800,2310368,23288511,707555851
2020-10-28,42301998,699507798,120300,2417068,25064995,724572793
2020-10-29,50052854,713960721,69000,2419268,24845883,738806604
2020-10-30,47562301,726928235,9300,2378768,23906619,750834854
2020-11-02,47682933,729065640,55400,2412768,25165170,754230810
2020-11-03,41987999,740980825,23500,2404368,25197777,766178602
2020-11-04,29956836,744790205,72600,2466668,25974015,770764220
2020-11-05,82344399,769621102,56000,2379568,25984881,795605983
2020-11-06,47000383,746635411,59100,2325622,25000439,771635850
2020-11-09,77387987,758497702,210600,2393022,25772848,784270550
2020-11-10,95262530,720141246,117000,2362022,27446694,747587940
2020-11-11,105429006,734758334,264100,2470122,28505206,763263540
2020-11-12,78675004,768091287,64800,2300222,26912597,795003884
2020-11-13,100486183,810401449,193700,2382022,27369431,837770880
2020-11-16,180545175,812657114,249700,2409922,30461415,843118529
2020-11-17,131669627,801097726,273700,2430948,29900661,830998387
2020-11-18,204600885,901678754,326358,2437606,32030142,933708896
2020-11-19,226305061,980535241,286168,2538674,31149531,1011684772
2020-11-20,110880879,904247958,116400,2431574,30200149,934448107
2020-11-23,242428990,843422745,227516,2372090,31264146,874686891
2020-11-24,151502281,902945130,259693,2337983,30276880,933222010
2020-11-25,140369591,941330030,58500,2217790,27544952,968874982
2020-11-26,185230149,1043859783,170131,2191141,27564554,1071424337
2020-11-27,125985053,1083297121,126600,2208641,27585924,1110883045
2020-11-30,111610782,1087104654,91900,2049095,25921052,1113025706
2020-12-01,95907776,1117483968,51100,1674595,21351088,1138835056
2020-12-02,90257027,1139706549,46400,1426869,18007085,1157713634
2020-12-03,76410962,1149222877,23400,919018,11276350,1160499227
2020-12-04,172487487,1197383365,124800,777970,10308102,1207691467
2020-12-07,104221126,1227753485,5600,539421,7239030,1234992515
2020-12-08,90522413,1260383925,47800,426621,5597267,1265981192
2020-12-09,54418931,1284961135,8021,429342,5547098,1290508233
2020-12-10,69812679,1291373005,26800,433942,5610870,1296983875
2020-12-11,45211252,1261579715,59600,462021,5978551,1267558266
2020-12-14,69473507,1242135350,22100,406004,5209031,1247344381
2020-12-15,45313935,1224756592,141700,521604,6780852,1231537444
2020-12-16,32550304,1213484306,36100,547704,7087289,1220571595
2020-12-17,69865298,1191699819,61372,545776,7007764,1198707583
2020-12-18,99329801,1172056115,233499,704975,9587659,1181643774
2020-12-21,69078187,1149113466,98400,690375,9354582,1158468048
2020-12-22,119301030,1178458747,300500,922675,11801013,1190259760
2020-12-23,40238966,1172278507,192100,1033075,12996083,1185274590
2020-12-24,45928941,1165314386,228100,1140875,13781771,1179096157
2020-12-25,110101448,1107758367,262000,1283175,16591452,1124349819
2020-12-28,38347136,1083366968,312938,1482113,19341575,1102708543
2020-12-29,19672233,1069601978,183000,1585613,20248277,1089850255
2020-12-30,39076883,1069537003,126000,1649113,21075664,1090612667
2020-12-31,39331843,1070492054,172800,1658113,21190684,1091682738
2021-01-04,51469667,1085568115,190900,1788013,22922326,1108490441
2021-01-05,83840473,1078737218,190200,1921513,25018099,1103755317
2021-01-06,96101069,1059168747,220300,2069213,27210151,1086378898
2021-01-07,161501912,1030324342,149000,2056713,29704010,1060028352
2021-01-08,129492681,1037663251,118400,1889113,27732178,1065395429
2021-01-11,113289940,1016794005,211900,1872313,28646390,1045440395
2021-01-12,168913858,1013117987,97400,1494141,23024714,1036142701
2021-01-13,90797769,982524889,227800,1518141,23713362,1006238251
2021-01-14,97181401,925203695,59000,1326841,19371878,944575573
2021-01-15,72577599,926817483,79400,1291641,18483384,945300867
2021-01-18,81332755,955452063,111500,1253341,18612114,974064177
2021-01-19,72488241,938514190,90400,1185341,17424512,955938702
2021-01-20,52741025,948138950,52500,1120558,16304119,964443069
2021-01-21,60770377,958473023,272997,1351455,19690699,978163722
2021-01-22,119779330,964966406,174800,1501955,21808386,986774792
2021-01-25,92911754,964315424,23300,1450362,20595141,984910565
2021-01-26,75983328,963616580,111200,1246739,16893313,980509893
2021-01-27,41167674,936573758,136556,1379195,18315710,954889468
2021-01-28,71139945,940590942,75900,1431495,17249515,957840457
2021-01-29,47896296,941162526,38700,1411482,16754291,957916817
2021-02-01,70502320,963491073,114200,1525682,18704862,982195935
2021-02-02,68777707,985147610,60400,1534582,19535229,1004682839
2021-02-03,107477442,1009973791,9200,1503682,20059118,1030032909
2021-02-04,46512703,974555025,132100,1625782,21330260,995885285
2021-02-05,63986906,959283600,60800,1560782,19197620,978481220
2021-02-08,35298321,925663478,103800,1576282,21327095,946990573
2021-02-09,52935059,921059577,126084,1630966,22931382,943990959
2021-02-10,59103669,895715904,88200,1675466,24009428,919725332
2021-02-18,150341191,926093562,111900,1635166,25770217,951863779
2021-02-19,213303075,996349703,102700,1611466,26057406,1022407109
2021-02-22,254617883,1056028131,292500,1837966,31024865,1087052996
2021-02-23,139777207,1025866844,128300,1873676,31571442,1057438286
2021-02-24,176758418,998513260,128900,1933276,33310345,1031823605
2021-02-25,146024159,877896317,104400,1893876,34089768,911986085
2021-02-26,97571591,824269444,293100,2092576,36368970,860638414
2021-03-01,86463818,806467029,53600,1984376,34349549,840816578
2021-03-02,143489547,859530452,69400,1778176,27721764,887252216
2021-03-03,76849338,872080899,166700,1857986,29987894,902068793
2021-03-04,88462558,894653947,59100,1855786,28560547,923214494
2021-03-05,52658820,886913250,36600,1668586,25112219,912025469
2021-03-08,120443849,954932178,183100,1836186,27487704,982419882
2021-03-09,105792792,1008228967,69900,1842986,26981315,1035210282
2021-03-10,57961354,1027265373,54900,1761376,25522337,1052787710
2021-03-11,193791916,1144909293,137300,1889176,28715475,1173624768
2021-03-12,66529647,1142519670,138800,1978676,29660353,1172180023
2021-03-15,80607261,1145092304,65100,2007418,30813867,1175906171
2021-03-16,53571088,1140987995,224200,2172518,33456777,1174444772
2021-03-17,40247788,1135656128,201200,2328918,35166663,1170822791
2021-03-18,77817016,951178733,152700,2215418,36798092,987976825
2021-03-19,187403478,1049876324,180700,2157918,32908250,1082784574
2021-03-22,76105551,1065575295,91100,2185418,32868687,1098443982
2021-03-23,93102049,1082905639,157700,2265918,32311991,1115217630
2021-03-24,130058391,1156579985,141100,2259818,31886032,1188466017
2021-03-25,47781909,1160164490,82100,2187218,31495939,1191660429
2021-03-26,73169022,1194186774,216600,2293378,33552121,1227738895
2021-03-29,85288412,1202040185,255000,2445978,39355786,1241395971
2021-03-30,183206262,1066309820,366500,2738078,44165198,1110475018
2021-03-31,162038554,1109487675,100600,2114978,32845609,1142333284
2021-04-01,132464739,1119533581,334300,2379878,37744865,1157278446
2021-04-02,98666404,1118267992,981200,3115478,48944159,1167212151
2021-04-06,136345335,1133118695,285300,3301678,53322100,1186440795
2021-04-07,143923828,1137032718,227400,3440078,56279676,1193312394
2021-04-08,112926538,1128547983,174500,3565878,58337764,1186885747
2021-04-09,113769639,1143724350,199600,3576978,57195878,1200920228
2021-04-12,138872695,1111048047,211300,3571778,52612291,1163660338
2021-04-13,71187761,1133160794,211700,3458078,49658000,1182818794
2021-04-14,83528909,1160814876,171700,3543778,51916348,1212731224
2021-04-15,43686338,1161898985,80700,3422678,50450274,1212349259
2021-04-16,74014429,1166641569,172500,3483378,52250670,1218892239
2021-04-19,75682465,1161374070,170200,3504478,53583469,1214957539
2021-04-20,52061962,1145490164,117900,3490778,53304179,1198794343
2021-04-21,45225897,1139729150,92400,3387678,51492706,1191221856
2021-04-22,81445794,1148431780,68200,3306678,50790574,1199222354
2021-04-23,43270708,1129346146,124400,3329778,51045497,1180391643
2021-04-26,71716318,1126577170,183500,3362678,52323269,1178900439
2021-04-27,60458939,1114914543,116000,3410778,53378676,1168293219
2021-04-28,82706466,1107767256,138700,3252578,51878620,1159645876
2021-04-29,67744308,1088157256,142200,2850378,45663055,1133820311
2021-04-30,56514964,1071597853,530000,3236848,49782721,1121380574
2021-05-06,99078212,1070037804,163600,3184148,50882685,1120920489
2021-05-07,115373052,1068122495,324695,3398743,56521097,1124643592
2021-05-10,134082931,1060501156,184400,3298443,55644734,1116145890
2021-05-11,115784248,1088809092,212200,3066843,49437510,1138246602
2021-05-12,83940213,1090499705,268800,3167743,52679567,1143179272
2021-05-13,71936074,1059380374,454600,3403243,54962374,1114342748
2021-05-14,72545153,1015030367,254300,3502751,55168329,1070198696
2021-05-17,63510724,1020543920,208300,3182451,50123604,1070667524
2021-05-18,65053549,1021156913,248500,3198976,51279586,1072436499
2021-05-19,45526628,1019591660,150200,3006698,47596030,1067187690
2021-05-20,73048356,1002384287,449500,3207598,48787566,1051171853
2021-05-21,41181525,999194594,173400,3301798,49857152,1049051746
2021-05-24,52669389,1008997224,108900,3117098,48470875,1057468099
2021-05-25,71663299,1013383325,34500,3089098,49240223,1062623548
2021-05-26,79443603,1048040339,112100,3020973,48486617,1096526956
2021-05-27,55686224,1012844995,99200,3013113,48450857,1061295852
2021-05-28,74317945,999912319,119800,3020613,49356817,1049269136
2021-05-31,57411912,1002989196,88900,3013713,49063249,1052052445
2021-06-01,206428748,1026989210,296600,2813113,50382854,1077372064
2021-06-02,192279896,1028381281,273300,2622204,47199672,1075580953
2021-06-03,127867689,1011826860,51300,2325509,41394060,1053220920
2021-06-04,88291073,1011234354,93600,2092709,37166512,1048400866
2021-06-07,147589071,1066810909,271500,2218909,40606035,1107416944
2021-06-08,94507896,1062119793,26100,1986409,35675905,1097795698
2021-06-09,183991242,1089511559,330600,1923094,36154167,1125665726
2021-06-10,122991384,1055917525,62100,1763694,33245632,1089163157
2021-06-11,174088036,1121703157,156500,1792494,34057386,1155760543
2021-06-15,118245386,1103670172,120000,1816694,34353684,1138023856
2021-06-16,79621811,1055730833,226700,1935694,35403843,1091134676
2021-06-17,46879123,1040686043,110600,1903294,34754149,1075440192
2021-06-18,71447804,1035710987,231800,2094394,37720036,1073431023
2021-06-21,143541905,1086273101,98409,2061303,36114029,1122387130
2021-06-22,86817896,1058276534,258100,2239603,39864933,1098141467
2021-06-23,123640557,1089831553,154100,2016503,35893753,1125725306
2021-06-24,106761538,1104327812,490900,2339903,41837465,1146165277
2021-06-25,136852839,1105890985,191800,2196656,41077467,1146968452
2021-06-28,95569613,1121818923,225500,2345556,44026086,1165845009
2021-06-29,155611912,1164592429,457700,2735256,52407504,1216999933
2021-06-30,314922523,1214516170,947800,3530456,66125442,1280641612
2021-07-01,220557699,1274417435,246936,3551092,62854328,1337271763
2021-07-02,79262420,1211204219,334000,3553239,63709575,1274913794
2021-07-05,134866559,1181443056,340900,3641039,69143330,1250586386
2021-07-06,148358501,1178576474,204700,3469339,66333762,1244910236
2021-07-07,102093322,1183703009,325600,3641126,69436273,1253139282
2021-07-08,154279703,1235043277,309100,3638501,69568140,1304611417
2021-07-09,133089806,1228393500,261000,3656601,72217871,1300611371
2021-07-12,186009790,1244039558,346954,3829255,75704371,1319743929
2021-07-13,174052345,1234360456,222800,3332855,67756942,1302117398
2021-07-14,260554712,1290722233,283537,3311192,70693949,1361416182
2021-07-15,142819612,1240478251,228500,3188192,67462143,1307940394
2021-07-16,141924520,1193541394,394100,3390608,74593376,1268134770
2021-07-19,104671018,1184550278,464500,3619410,77672539,1262222817
2021-07-20,159031578,1199387725,230608,3297602,67633818,1267021543
2021-07-21,105927150,1191179638,258030,3104032,64222422,1255402060
2021-07-22,138087308,1184472496,300500,3171432,70056933,1254529429
2021-07-23,133436968,1181062844,691117,3587449,78601007,1259663851
2021-07-26,130884810,1188945223,177900,3576634,76754567,1265699790
2021-07-27,122457185,1110575668,220600,3315172,66303440,1176879108
2021-07-28,71224366,1105969729,285400,3026272,59042568,1165012297
2021-07-29,145886691,1121248506,310300,2916472,61420900,1182669406
2021-07-30,158730735,1180268025,595536,3268608,65666335,1245934360
2021-08-02,123893982,1205723554,541799,3489707,70282700,1276006254
2021-08-03,78886318,1205900471,368190,3378698,66053547,1271954018
2021-08-04,91781439,1223285074,260256,3300054,65671075,1288956149
2021-08-05,163812212,1280567086,707778,3727776,70566799,1351133885
2021-08-06,69761706,1259299316,256380,3197320,62443660,1321742976
2021-08-09,108795653,1257506181,576870,3500690,69418682,1326924863
2021-08-10,186696280,1292069924,405100,3616490,67881517,1359951441
2021-08-11,108445145,1314972891,271100,3318020,63838704,1378811595
2021-08-12,111363621,1306885438,240393,3350613,66610187,1373495625
2021-08-13,195363154,1374321156,526000,3678213,74851636,1449172792
2021-08-16,178162488,1403077724,432300,3885413,76426074,1479503798
2021-08-17,88606052,1357078403,340356,3936651,74993201,1432071604
2021-08-18,82218906,1363966321,275760,4030084,77337314,1441303635
2021-08-19,138014615,1397981534,217356,4005695,73704788,1471686322
2021-08-20,41828388,1348420093,272800,3537595,67002050,1415422143
2021-08-23,88776271,1346188655,348700,3659395,69528505,1415717160
2021-08-24,134915189,1372879325,408300,3898795,75870551,1448749876
2021-08-25,137975997,1354279223,394600,4065402,81023460,1435302683
2021-08-26,223310190,1358197699,264900,4126379,84673297,1442870996
2021-08-27,245460834,1415495407,332100,4273677,90302795,1505798202
2021-08-30,492247898,1473311942,239598,4001675,90477871,1563789813
2021-08-31,289369598,1481559041,413661,4144526,95987222,1577546263
2021-09-01,353474720,1523652254,445800,3643504,75967059,1599619313
2021-09-02,210352778,1550384742,473600,3762870,81428508,1631813250
2021-09-03,170749229,1518987592,225000,3747992,78820272,1597807864
2021-09-06,164939091,1533377051,443836,3944928,85210445,1618587496
2021-09-07,347083218,1643195404,834211,4570639,106084532,1749279936
2021-09-08,247903394,1714514523,528516,4771155,110118257,1824632780
2021-09-09,353137945,1710586795,480100,4793739,119316163,1829902958
2021-09-10,328816778,1726514627,329091,4537039,109297270,1835811897
2021-09-13,508960727,1904988518,689800,4811739,120293475,2025281993
2021-09-14,291643706,1891474883,355228,4645667,108847977,2000322860
2021-09-15,232236787,1902044572,542300,4758439,113964614,2016009186
2021-09-16,301321988,1908021150,469100,4803092,114601775,2022622925
2021-09-17,231172666,1855339280,184022,4453414,105590446,1960929726
2021-09-22,344826073,1905606072,647947,4954061,124891878,2030497950
2021-09-23,385866092,1961383966,293200,5087061,122089464,2083473430
2021-09-24,295317218,1963674864,326505,4911366,106085506,2069760370
2021-09-27,166219670,1943074921,277528,4960989,99914319,2042989240
2021-09-28,71897323,1936581455,345200,5120989,102931880,2039513335
2021-09-29,103265598,1822306526,317500,5135589,95830091,1918136617
2021-09-30,87938699,1675173754,384400,5027889,94524312,1769698066
2021-10-08,95390122,1698916973,356651,5026340,92132812,1791049785
2021-10-11,71937293,1695345954,222800,4894318,89174473,1784520427
2021-10-12,64531241,1663497155,497000,4919961,85607322,1749104477
2021-10-13,88373925,1684208659,432200,4939867,86348875,1770557534
2021-10-14,78358835,1690482978,410733,4840226,85526794,1776009772
2021-10-15,63945491,1694523292,276200,4775726,84578108,1779101400
2021-10-18,141749049,1757983765,412400,4818726,87170753,1845154518
2021-10-19,93135107,1760125221,295000,4800226,87412116,1847537337
2021-10-20,74013554,1740784140,257533,4688611,84254339,1825038479
2021-10-21,127915484,1759183711,769600,4992711,91216829,1850400540
2021-10-22,111038362,1756404007,328200,4748859,86239279,1842643286
2021-10-25,91997845,1774825117,244000,4703792,84291952,1859117069
2021-10-26,77906705,1786929300,279500,4355892,77534876,1864464176
2021-10-27,127036233,1747732173,454025,4490117,81720131,1829452304
2021-10-28,146666542,1756553144,425117,4555834,75034585,1831587729
2021-10-29,73338460,1753573728,436400,4548534,74595957,1828169685
2021-11-01,48608669,1709847388,286200,4053957,67782162,1777629550
2021-11-02,87095614,1670097886,439600,3865657,60574846,1730672732
2021-11-03,36949824,1653339023,348277,3642559,57953115,1711292138
2021-11-04,27859638,1635102935,255800,3488859,55228636,1690331571
2021-11-05,49850058,1593246231,312478,3323158,50345842,1643592073
2021-11-08,23745748,1579665393,189000,3035558,46019058,1625684451
2021-11-09,30358756,1567330498,205543,2965901,44696129,1612026627
2021-11-10,42032388,1539111121,191400,2946634,43875379,1582986500
2021-11-11,54119980,1549990027,437628,3217762,48652561,1598642588
2021-11-12,67992343,1575111163,435976,3499113,52696642,1627807805
2021-11-15,45845269,1562067326,230900,3529013,52688163,1614755489
2021-11-16,54833748,1576244568,344689,3742041,54521538,1630766106
2021-11-17,28329622,1564090675,92200,3731141,55220886,1619311561
2021-11-18,69961447,1579840578,361417,3933558,58806693,1638647271
2021-11-19,102689141,1600800370,174200,3788936,58198057,1658998427
2021-11-22,71545102,1614731595,119600,3801536,58277548,1673009143
2021-11-23,74890758,1605724390,276100,3962736,60748744,1666473134
2021-11-24,48734695,1590256759,83600,3869536,59049119,1649305878
2021-11-25,35401955,1577529313,39600,3797436,57759001,1635288314
2021-11-26,37915215,1550678838,113101,3712237,56537368,1607216206
2021-11-29,36416081,1523220949,80600,3396756,51121177,1574342126
2021-11-30,100338756,1540005347,250600,3136247,48392289,1588397636
2021-12-01,51922609,1523923461,113474,2736721,42911786,1566835247
2021-12-02,59521960,1517589969,199900,2387217,37718029,1555307998
2021-12-03,65767919,1513718148,100900,2197217,34540252,1548258400
2021-12-06,89771752,1538292179,109100,2038309,32103369,1570395548
2021-12-07,160272756,1622299705,328400,2030208,32422421,1654722126
2021-12-08,52837765,1627458617,31800,1994508,31772512,1659231129
2021-12-09,54530258,1628898156,41800,1969208,31015028,1659913184
2021-12-10,32672758,1626017009,15300,1739892,27351102,1653368111
2021-12-13,79749919,1578237617,100800,1768492,29374653,1607612270
2021-12-14,83781074,1608755226,203400,1882092,30376965,1639132191
2021-12-15,54568036,1621489670,226600,1948292,30860945,1652350615
2021-12-16,39296037,1614138200,257200,1945292,31338654,1645476854
2021-12-17,45141448,1615513596,176690,2082482,33069814,1648583410
2021-12-20,60693272,1581555970,339800,2302982,34890178,1616446148
2021-12-21,26441638,1575294066,97900,2380782,36306927,1611600993
2021-12-22,21232182,1559398556,293900,2565582,39740865,1599139421
2021-12-23,27656486,1556905839,151000,2713182,41918662,1598824501
2021-12-24,36296252,1474385109,206098,2913180,44076414,1518461523
2021-12-27,23004902,1471708847,91900,2728980,41153018,1512861865
2021-12-28,17872289,1451961404,49800,2643980,40320696,1492282100
2021-12-29,28437821,1447738408,77000,2590980,39797452,1487535860
2021-12-30,33595802,1458581839,169665,2676645,40711771,1499293610
2021-12-31,17321131,1434829694,92900,2560145,39067812,1473897506
2022-01-04,25446124,1430410719,53900,2457445,37402313,1467813032
2022-01-05,22199695,1419153587,116100,2402045,36655206,1455808793
2022-01-06,21805155,1413398042,70855,2411290,36844511,1450242553
2022-01-07,57424343,1420295223,142857,2504847,38624741,1458919964
2022-01-10,34455611,1418944696,111600,2570747,40155069,1459099765
2022-01-11,98557780,1448984590,183139,2696786,43256448,1492241038
2022-01-12,60588509,1446603434,102200,2578247,40994128,1487597562
2022-01-13,50086004,1440248712,97200,2620038,40951195,1481199907
2022-01-14,24232745,1422374769,18400,2628838,40852143,1463226912
2022-01-17,30000470,1404888401,21700,2618770,40302870,1445191271
2022-01-18,32340580,1397446643,3900,2401170,37770405,1435217048
2022-01-19,43428838,1408914845,18300,2416270,37717976,1446632821
2022-01-20,54090653,1405813160,125116,2540486,39580771,1445393931
2022-01-21,32884044,1407174332,66900,2578486,39321913,1446496245
2022-01-24,16228749,1396637667,11700,2445686,37516823,1434154490
2022-01-25,26806423,1388316647,143600,2423686,35773605,1424090252
2022-01-26,16088413,1390443058,89700,2463186,36800000,1427243058
2022-01-27,31179710,1401491716,176500,2517886,36131666,1437623382
2022-01-28,16757636,1381550157,103300,2534313,35683126,1417233283
2022-02-07,14116770,1362522986,171200,2498813,36732551,1399255537
2022-02-08,55971542,1352971739,123500,2357713,36662439,1389634178
2022-02-09,50220340,1333437141,73600,2146513,34279812,1367716953
2022-02-10,80086243,1333005416,159067,1511723,25139954,1358145370
2022-02-11,44415537,1321351312,23400,1372223,22490734,1343842046
2022-02-14,47341192,1311455782,4800,1301796,20750629,1332206411
2022-02-15,28895596,1320940555,6800,1280196,20291107,1341231662
2022-02-16,51322806,1334546044,812405,2033801,32337436,1366883480
2022-02-17,57665830,1332619421,161000,2074701,33651651,1366271072
2022-02-18,41189194,1326643499,54466,2014967,32702915,1359346414
2022-02-21,37312111,1328096735,74300,2034567,32858258,1360954993
2022-02-22,59494938,1351522224,84400,1865467,30145946,1381668170
2022-02-23,154186243,1428759553,291200,2091567,34845506,1463605059
2022-02-24,102774540,1428583296,85100,1825113,29895350,1458478646
2022-02-25,65712850,1439384772,32600,1773013,28776001,1468160773
2022-02-28,93861247,1479211697,71800,1739113,29077969,1508289666
2022-03-01,74136568,1450224778,227400,1952213,32680047,1482904825
2022-03-02,103176562,1441848631,308800,2163047,37031366,1478879997
2022-03-03,121309910,1448914755,240499,2306546,40918128,1489832883
2022-03-04,71819319,1447306616,160654,2300700,39917146,1487223762
2022-03-07,87566583,1426526872,298200,2366946,41776597,1468303469
2022-03-08,110269681,1432096227,280200,2397946,40837021,1472933248
2022-03-09,156046299,1488667177,226600,2211449,36135077,1524802254
2022-03-10,109009578,1501563386,408000,2451375,40717339,1542280725
2022-03-11,78072563,1517762603,109700,2457575,41238108,1559000711
2022-03-14,45658641,1521455781,101700,2307946,38311904,1559767685
2022-03-15,109232464,1572380194,273600,2297046,35673125,1608053319
2022-03-16,124505500,1639217304,408300,2625246,42423974,1681641278
2022-03-17,60181524,1639567286,134200,2094046,33651319,1673218605
2022-03-18,69249999,1664447461,486899,2310231,37957096,1702404557
2022-03-21,52311139,1616678864,268100,2189631,35997533,1652676397
2022-03-22,84309244,1472827838,516130,2324261,39187040,1512014878
2022-03-23,79660768,1470150045,421900,2450861,42424404,1512574449
2022-03-24,56746819,1468244488,364400,2413361,41220207,1509464695
2022-03-25,64857638,1489374355,464469,2597446,43715016,1533089371
2022-03-28,67344582,1452563729,323492,2325211,41132982,1493696711
2022-03-29,113379397,1472444278,734128,2811339,50885236,1523329514
2022-03-30,84393889,1464490571,192671,2899510,52423141,1516913712
2022-03-31,117071480,1484780322,73900,2827310,50665395,1535445717
2022-04-01,73900489,1465935889,230500,2701939,49580580,1515516469
2022-04-06,57108510,1472412653,314577,2915716,53474233,1525886886
2022-04-07,127648211,1503371853,127400,2812166,51715732,1555087585
2022-04-08,175955085,1528700862,279551,2966017,56324662,1585025524
2022-04-11,191061754,1534031221,206600,2855466,51883818,1585915039
2022-04-12,95097450,1518052758,234803,2583769,45526011,1563578769
2022-04-13,43131996,1479102969,468529,2859598,50443309,1529546278
2022-04-14,88930932,1430637713,239400,2546666,46502121,1477139834
2022-04-15,93103904,1353576573,618000,2814566,51225102,1404801675
2022-04-18,0,1341640582,0,2810666,51154122,1392794704
2022-04-19,0,1333745322,0,2806766,51083142,1384828464
2022-04-20,0,1324710880,0,2806766,51083142,1375794022
2022-04-21,0,1318144560,0,2805366,51057662,1369202222
2022-04-22,0,1311852644,0,2805366,51057662,1362910306
2022-04-25,0,1302082820,0,2715566,49423302,1351506122
2022-04-26,0,1277362192,0,2715566,49423302,1326785494
2022-04-27,0,1272724559,0,2675666,48697122,1321421681
2022-04-28,0,1269219030,0,2575666,46877122,1316096152
2022-04-29,0,1263037816,0,2547666,46367522,1309405338
2022-05-05,127790582,1327342108,184444,1794891,33546512,1360888620
2022-05-06,115127108,1340791548,620000,2374291,44779128,1385570676
2022-05-09,97643020,1332525238,167200,2465814,45050422,1377575660
2022-05-10,65864635,1332587021,99946,2476360,44425899,1377012920
2022-05-11,56003238,1338795483,108300,2428360,43443360,1382238843
2022-05-12,50787442,1349012462,213500,2489614,44066169,1393078631
2022-05-13,44138412,1343268783,187800,2463714,44371489,1387640272
2022-05-16,98079200,1335251312,162300,2465914,46334525,1381585837
2022-05-17,39361650,1331625019,87500,2442514,46016965,1377641984
2022-05-18,38653762,1322139912,37500,2349914,44037389,1366177301
2022-05-19,49747422,1290919837,37900,2271914,42280320,1333200157
2022-05-20,48356020,1257055859,63100,2277714,43299343,1300355202
2022-05-23,91686637,1279380579,91173,2345996,46309962,1325690541
2022-05-24,123025486,1332402213,186120,2464407,46823733,1379225946
2022-05-25,62837576,1351816738,70444,2446951,46932521,1398749259
2022-05-26,41709152,1347141468,42690,2433050,46860542,1394002010
