日期,融资买入额(元),融资余额(元),融券卖出量,融券余量,融券余额(元),融资融券余额(元)
2017-07-12,18735175,636721937,15000,15000,94350,636816287
2017-07-13,7712482,629225505,15000,30000,190800,629416305
2017-07-14,5202848,622488770,0,30000,190200,622678970
2017-07-17,27169102,624476418,0,0,0,624476418
2017-07-18,6551445,620121567,28400,28400,172104,620293671
2017-07-19,10811414,620926763,0,0,0,620926763
2017-07-20,12126312,620805059,0,0,0,620805059
2017-07-21,10523897,619637138,0,0,0,619637138
2017-07-24,14610830,613011343,0,0,0,613011343
2017-07-25,15803125,613155080,15000,15000,96150,613251230
2017-07-26,10932689,615723434,15000,15000,95100,615818534
2017-07-27,20946908,619742331,30300,30300,193920,619936251
2017-07-28,11802097,615467238,0,0,0,615467238
2017-07-31,15867600,611678101,15000,15000,95700,611773801
2017-08-01,14099936,612164075,1000,16000,101760,612265835
2017-08-02,19042641,605827898,14000,14000,87220,605915118
2017-08-03,24177039,602657987,100000,100000,646000,603303987
2017-08-04,16089759,602014403,0,0,0,602014403
2017-08-07,8727415,598030310,0,0,0,598030310
2017-08-08,8904312,598233832,0,0,0,598233832
2017-08-09,11958568,600965565,0,0,0,600965565
2017-08-10,10049132,596418689,30000,30000,188700,596607389
2017-08-11,4891159,591978519,0,0,0,591978519
2017-08-14,6735298,590905047,0,0,0,590905047
2017-08-15,11131498,596288732,0,0,0,596288732
2017-08-16,9864776,597905178,0,0,0,597905178
2017-08-17,12941648,590365081,0,0,0,590365081
2017-08-18,9101764,587271036,30000,30000,194100,587465136
2017-08-21,10016142,585382998,0,30000,192900,585575898
2017-08-22,13337670,583982251,0,30000,190500,584172751
2017-08-23,8595098,586264463,0,0,0,586264463
2017-08-24,10434291,591508580,0,0,0,591508580
2017-08-25,11503784,593329861,0,0,0,593329861
2017-08-28,28009133,596781745,0,0,0,596781745
2017-08-29,21754796,589550330,0,0,0,589550330
2017-08-30,29422112,606724172,0,0,0,606724172
2017-08-31,30715209,625000188,0,0,0,625000188
2017-09-01,26877338,628939234,0,0,0,628939234
2017-09-04,17579732,627891021,0,0,0,627891021
2017-09-05,15631454,627214444,30000,30000,192300,627406744
2017-09-06,16606466,620863670,0,30000,192900,621056570
2017-09-07,17631477,621862130,0,30000,191400,622053530
2017-09-08,9075829,619247285,0,30000,192000,619439285
2017-09-11,11854510,616640034,0,30000,193800,616833834
2017-09-12,38992597,622718945,0,30000,196800,622915745
2017-09-13,40701300,625929077,0,0,0,625929077
2017-09-14,23089167,625547897,40000,40000,263200,625811097
2017-09-15,23439383,634380099,0,0,0,634380099
2017-09-18,21890222,625627458,0,0,0,625627458
2017-09-19,18574597,624339966,0,0,0,624339966
2017-09-20,19083264,626610004,0,0,0,626610004
2017-09-21,71511252,654427305,50000,50000,338500,654765805
2017-09-22,91187618,693948307,20000,20000,141200,694089507
2017-09-25,53315529,698159054,0,0,0,698159054
2017-09-26,42449401,700388835,12000,12000,81840,700470675
2017-09-27,29635986,681079370,20000,20000,137800,681217170
2017-09-28,16128195,675624300,0,0,0,675624300
2017-09-29,17191613,665678261,0,0,0,665678261
2017-10-09,32900613,679107381,26400,26400,178992,679286373
2017-10-10,81288239,709965956,0,26400,186384,710152340
2017-10-11,36639299,702783555,0,26400,182952,702966507
2017-10-12,51341064,704753375,83600,110000,775500,705528875
2017-10-13,62307659,720299261,0,0,0,720299261
2017-10-16,63805425,716447876,29988,29988,219812,716667688
2017-10-17,39779063,706912551,40000,40000,292000,707204551
2017-10-18,37394329,694209433,60000,60000,434400,694643833
2017-10-19,27510183,694018488,0,28900,205479,694223967
2017-10-20,28708800,683988494,0,0,0,683988494
2017-10-23,49341729,691972717,65800,65800,477708,692450425
2017-10-24,20120888,692622436,30000,30000,216600,692839036
2017-10-25,21355979,693228996,0,30000,214500,693443496
2017-10-26,26832803,687786161,0,26000,184860,687971021
2017-10-27,29248652,681987150,24000,50000,357000,682344150
2017-10-30,42086459,672431835,0,30000,204300,672636135
2017-10-31,20804796,670422409,0,17900,121899,670544308
2017-11-01,13163570,667822412,0,0,0,667822412
2017-11-02,15705804,654461094,50500,50500,339865,654800959
2017-11-03,25598020,658226461,30000,30000,204000,658430461
2017-11-06,24865366,673359827,0,0,0,673359827
2017-11-07,20522703,679548033,0,0,0,679548033
2017-11-08,25005649,683800455,0,0,0,683800455
2017-11-09,18260539,684334767,0,0,0,684334767
2017-11-10,24237855,683111309,30000,30000,195900,683307209
2017-11-13,42184320,687392554,24900,54900,343674,687736228
2017-11-14,27295882,684581866,40000,70000,456400,685038266
2017-11-15,16459549,687280199,0,30000,190200,687470399
2017-11-16,7703378,682392573,0,25900,165760,682558333
2017-11-17,8582182,667255127,4100,30000,191400,667446527
2017-11-20,14670674,668008850,31000,31000,197780,668206630
2017-11-21,22898350,671542163,500,500,3140,671545303
2017-11-22,18532438,678589011,20600,20600,127926,678716937
2017-11-23,20594299,670976544,0,0,0,670976544
2017-11-24,6604051,657803550,34000,34000,207740,658011290
2017-11-27,5175653,653732436,0,30000,183000,653915436
2017-11-28,8800409,655889043,0,0,0,655889043
2017-11-29,13777611,657020035,30000,30000,182400,657202435
2017-11-30,8591989,653872528,0,0,0,653872528
2017-12-01,9806157,652361525,30000,30000,180000,652541525
2017-12-04,5953598,646980611,0,30000,178500,647159111
2017-12-05,13323748,642989310,0,30000,179100,643168410
2017-12-06,9611948,644572432,0,0,0,644572432
2017-12-07,7575567,642313036,0,0,0,642313036
2017-12-08,11933542,643396629,50000,50000,300000,643696629
2017-12-11,11646150,642378909,0,0,0,642378909
2017-12-12,10886756,641884326,30000,30000,179100,642063426
2017-12-13,9034419,639426275,12900,42900,258258,639684533
2017-12-14,16159734,645882939,20000,20000,121400,646004339
2017-12-15,45107811,656526199,50000,50000,308000,656834199
2017-12-18,17165739,653227424,30000,30000,181500,653408924
2017-12-19,10359595,653372645,0,30000,182100,653554745
2017-12-20,14766032,654313998,50000,50000,304500,654618498
2017-12-21,14081970,654649449,30000,30000,179700,654829149
2017-12-22,5081556,650482605,0,30000,178200,650660805
2017-12-25,5841941,650224559,0,30000,177600,650402159
2017-12-26,9550939,653025603,0,0,0,653025603
2017-12-27,4975971,645782021,30000,30000,177600,645959621
2017-12-28,10544145,649720896,0,30000,175800,649896696
2017-12-29,9010069,649515585,0,30000,176100,649691685
2018-01-02,10273918,651927370,0,30000,177600,652104970
2018-01-03,16720077,660192169,0,0,0,660192169
2018-01-04,10015863,659435225,67800,67800,402054,659837279
2018-01-05,8509866,647550472,0,0,0,647550472
2018-01-08,10167975,638255887,30000,30000,177300,638433187
2018-01-09,6118632,637674726,0,30000,177600,637852326
2018-01-10,14424573,637546898,0,30000,179100,637725998
2018-01-11,19448938,642245454,50000,80000,485600,642731054
2018-01-12,24052883,648720782,0,30000,180600,648901382
2018-01-15,11176636,635858493,50000,80000,480800,636339293
2018-01-16,14104560,636610649,0,6300,37422,636648071
2018-01-17,8153210,636138230,23700,23700,140778,636279008
2018-01-18,7587793,635422068,0,23700,140541,635562609
2018-01-19,8263514,634359881,6300,6300,37359,634397240
2018-01-22,15885955,636006034,600,600,3594,636009628
2018-01-23,7487252,623179403,79400,80000,481600,623661003
2018-01-24,11442003,623644562,0,0,0,623644562
2018-01-25,19701721,624544573,30000,30000,178800,624723373
2018-01-26,17781190,630163251,0,0,0,630163251
2018-01-29,11478912,624798668,1600,1600,9408,624808076
2018-01-30,12874290,627702330,55700,55700,328630,628030960
2018-01-31,19885700,627468126,1600,30000,171300,627639426
2018-02-01,37099070,629025247,50000,50000,260000,629285247
2018-02-02,31774016,636585835,80000,80000,392000,636977835
2018-02-05,8551308,629557224,0,0,0,629557224
2018-02-06,9365922,620500591,28100,28100,130103,620630694
2018-02-07,12768371,617757208,1900,1900,8835,617766043
2018-02-08,5134661,618470762,0,0,0,618470762
2018-02-09,7653198,608529905,30000,30000,133800,608663705
2018-02-12,5099796,604977352,0,0,0,604977352
2018-02-13,3859980,599428538,30000,30000,139200,599567738
2018-02-14,2092173,591713068,0,0,0,591713068
2018-02-22,7770583,593961005,0,0,0,593961005
2018-02-23,11274984,597426496,7700,7700,37576,597464072
2018-02-26,7594884,597712755,0,0,0,597712755
2018-02-27,4588005,591738145,0,0,0,591738145
2018-02-28,6936685,591012598,0,0,0,591012598
2018-03-01,5353421,590237360,0,0,0,590237360
2018-03-02,5322284,591018521,0,0,0,591018521
2018-03-05,7943656,594920431,0,0,0,594920431
2018-03-06,9046071,593623714,0,0,0,593623714
2018-03-07,6420669,592438213,0,0,0,592438213
2018-03-08,5842576,592108171,0,0,0,592108171
2018-03-09,13737705,594733298,0,0,0,594733298
2018-03-12,17706068,592593255,0,0,0,592593255
2018-03-13,17879899,591833977,0,0,0,591833977
2018-03-14,12717782,593059352,0,0,0,593059352
2018-03-15,6838690,589932235,0,0,0,589932235
2018-03-16,11895091,586207487,0,0,0,586207487
2018-03-19,13566585,589221244,0,0,0,589221244
2018-03-20,8517286,587305606,0,0,0,587305606
2018-03-21,12478574,588435646,0,0,0,588435646
2018-03-22,21861855,589177937,100000,100000,513000,589690937
2018-03-23,14286071,584441446,0,0,0,584441446
2018-03-26,11300088,584747410,0,0,0,584747410
2018-03-27,9373248,582426710,0,0,0,582426710
2018-03-28,5960444,581097146,0,0,0,581097146
2018-03-29,5049463,575871944,0,0,0,575871944
2018-03-30,6029977,575358354,0,0,0,575358354
2018-04-02,6371494,569159868,0,0,0,569159868
2018-04-03,2273255,568098739,0,0,0,568098739
2018-04-04,3738542,564105318,0,0,0,564105318
2018-04-09,4686901,564148897,0,0,0,564148897
2018-04-10,7812482,566049104,0,0,0,566049104
2018-04-11,7307996,566822273,0,0,0,566822273
2018-04-12,4661415,564773933,0,0,0,564773933
2018-04-13,5354659,561212842,0,0,0,561212842
2018-04-16,6572588,559533859,0,0,0,559533859
2018-04-17,12359966,562701872,0,0,0,562701872
2018-04-18,5887353,562469056,0,0,0,562469056
2018-04-19,6032159,564573213,0,0,0,564573213
2018-04-20,6888914,565799386,0,0,0,565799386
2018-04-23,6018807,568361306,0,0,0,568361306
2018-04-24,2470827,566849356,0,0,0,566849356
2018-04-25,2924485,564529119,0,0,0,564529119
2018-04-26,3272882,561960572,0,0,0,561960572
2018-04-27,7467484,561266409,0,0,0,561266409
2018-05-02,4727177,560228789,0,0,0,560228789
2018-05-03,5974649,555756297,0,0,0,555756297
2018-05-04,4048447,552447405,0,0,0,552447405
2018-05-07,6222458,550416106,0,0,0,550416106
2018-05-08,5526120,550101019,0,0,0,550101019
2018-05-09,5852576,547616353,0,0,0,547616353
2018-05-10,7605341,548276008,0,0,0,548276008
2018-05-11,25621538,553511613,55400,55400,279216,553790829
2018-05-14,17686832,559965635,0,0,0,559965635
2018-05-15,10673109,562873733,0,0,0,562873733
2018-05-16,14457472,559591103,0,0,0,559591103
2018-05-17,9650171,560472893,0,0,0,560472893
2018-05-18,9788600,556318966,0,0,0,556318966
2018-05-21,10565766,556434967,0,0,0,556434967
2018-05-22,7521004,554225568,28800,28800,146016,554371584
2018-05-23,4973084,551146052,0,28800,144864,551290916
2018-05-24,3945801,549090979,50000,78800,399516,549490495
2018-05-25,9676579,548427399,0,28800,141984,548569383
2018-05-28,54243366,572467628,102000,130800,695856,573163484
2018-05-29,58985633,579268714,0,30800,165704,579434418
2018-05-30,50068034,581601466,0,30800,162008,581763474
2018-05-31,57513600,594329694,17600,48400,265716,594595410
2018-06-01,36023896,596010691,0,30800,164472,596175163
2018-06-04,28630328,598354589,25000,55800,290160,598644749
2018-06-05,14728509,590807264,0,30800,162316,590969580
2018-06-06,22390376,593776786,0,30800,159236,593936022
2018-06-07,19510960,585229278,0,30800,156464,585385742
2018-06-08,15739462,588530162,2000,32800,167280,588697442
2018-06-11,6666683,587120522,0,32800,165640,587286162
2018-06-12,17265158,591238464,0,32800,167608,591406072
2018-06-13,11186134,592842034,0,32800,164656,593006690
2018-06-14,10056642,589604554,0,32800,162032,589766586
2018-06-15,15720233,587662696,0,32800,161376,587824072
2018-06-19,13779075,582505373,50000,80800,362792,582868165
2018-06-20,11818681,584199334,0,30800,141064,584340398
2018-06-21,10701395,576037625,0,30800,139216,576176841
2018-06-22,17238782,582630105,0,30800,141680,582771785
2018-06-25,6661004,585011533,0,30800,140140,585151673
2018-06-26,12302014,591278044,0,30800,141680,591419724
2018-06-27,10621036,593989335,20000,50800,230124,594219459
2018-06-28,9220328,596061440,0,30800,139216,596200656
2018-06-29,8126521,598558238,0,30800,141988,598700226
2018-07-02,8419362,599442003,0,30800,139524,599581527
2018-07-03,7883282,599638445,0,28800,131040,599769485
2018-07-04,3302419,591768295,0,28800,129888,591898183
2018-07-05,9330119,595433712,0,3000,13260,595446972
2018-07-06,7985807,595383566,0,3000,13230,595396796
2018-07-09,23952003,612036776,0,3000,13290,612050066
2018-07-10,23538747,610689198,123500,126500,538890,611228088
2018-07-11,22352424,607181328,0,36500,147460,607328788
2018-07-12,26014310,626242136,0,28800,117792,626359928
2018-07-13,18522568,634860663,0,28800,116352,634977015
2018-07-16,9656526,632582336,0,25800,105264,632687600
2018-07-17,4462989,631309217,0,25800,105006,631414223
2018-07-18,4633682,627450543,0,25800,105006,627555549
2018-07-19,9357122,630554954,0,25800,105522,630660476
2018-07-20,6466031,625300196,0,25800,106812,625407008
2018-07-23,35094170,648994151,0,25800,109134,649103285
2018-07-24,11526279,647589689,0,25800,111972,647701661
2018-07-25,7383946,644494826,0,25800,111198,644606024
2018-07-26,8758918,646622696,0,25800,112230,646734926
2018-07-27,3975365,645155686,0,25800,111456,645267142
2018-07-30,6415300,642613780,0,25800,111972,642725752
2018-07-31,4036018,644072587,0,25800,111456,644184043
2018-08-01,5350958,640928403,0,25800,110940,641039343
2018-08-02,8840937,639577639,0,25800,106812,639684451
2018-08-03,10638306,638632442,50000,75800,329730,638962172
2018-08-06,13600157,642854932,0,25800,106038,642960970
2018-08-07,4940966,640444812,0,25800,109134,640553946
2018-08-08,18048488,636259499,0,25800,107844,636367343
2018-08-09,7626624,639623567,0,25800,110424,639733991
2018-08-10,24925268,646831611,0,25800,113004,646944615
2018-08-13,14953769,649434391,0,25800,113778,649548169
2018-08-14,5471538,648896750,36900,62700,273372,649170122
2018-08-15,4159457,647263848,0,25800,111456,647375304
2018-08-16,5044436,644980955,0,25800,111198,645092153
2018-08-17,6264360,645889644,0,25800,111714,646001358
2018-08-20,6081789,646974556,0,25800,114036,647088592
2018-08-21,8575567,648958263,0,25800,112488,649070751
2018-08-22,11170311,649453902,0,25800,109134,649563036
2018-08-23,3700311,635025851,0,25800,109650,635135501
2018-08-24,1898504,632128529,0,25800,109908,632238437
2018-08-27,14469593,636728141,0,25800,110424,636838565
2018-08-28,4268930,636039805,0,25800,109650,636149455
2018-08-29,5553552,637740580,0,25800,109134,637849714
2018-08-30,7773510,641322110,0,25800,107586,641429696
2018-08-31,2508272,639272343,0,25800,107586,639379929
2018-09-03,7050267,642308618,27100,52900,221651,642530269
2018-09-04,3253119,642390074,6000,58900,249147,642639221
2018-09-05,3901084,643595027,0,58900,249147,643844174
2018-09-06,3386037,642229503,0,58900,247380,642476883
2018-09-07,2973012,640082414,0,58900,247969,640330383
2018-09-10,3844291,640393420,0,58900,246791,640640211
2018-09-11,8438344,642551245,0,58900,250325,642801570
2018-09-12,2786948,639413013,0,58900,247380,639660393
2018-09-13,3909464,640326449,3600,62500,264375,640590824
2018-09-14,3187310,639232836,25700,88200,369558,639602394
2018-09-17,3975874,637441296,8600,96200,392496,637833792
2018-09-18,3665075,634826137,3900,91000,374010,635200147
2018-09-19,3187963,632604431,17800,105200,439736,633044167
2018-09-20,6661877,630249939,0,105200,452360,630702299
2018-09-21,9926958,627810215,8300,108300,471105,628281320
2018-09-25,12426789,631030593,0,108300,474354,631504947
2018-09-26,6804373,624752450,19600,125700,540510,625292960
2018-09-27,13354769,624405629,12000,121100,502565,624908194
2018-09-28,4559749,618580157,3100,115200,475776,619055933
2018-10-08,9615621,616536855,7600,113700,453663,616990518
2018-10-09,4485056,615954032,5500,119200,475608,616429640
2018-10-10,3219119,613135301,12000,120300,478794,613614095
2018-10-11,13815879,602390536,83900,190000,680200,603070736
2018-10-12,8981647,593502960,22500,128600,444956,593947916
2018-10-15,3201402,589153531,0,104100,350817,589504348
2018-10-16,5364008,583111315,16500,111600,366048,583477363
2018-10-17,6160208,580831896,22600,117700,389587,581221483
2018-10-18,4610968,573281334,22500,117600,377496,573658830
2018-10-19,3545684,568563250,24100,119200,387400,568950650
2018-10-22,13025268,572788811,16500,111615,377259,573166070
2018-10-23,5996642,566807702,16700,111815,367871,567175573
2018-10-24,5400590,563406796,7500,102615,341708,563748504
2018-10-25,5704266,564443808,22500,117615,385777,564829585
2018-10-26,3678593,560728394,6700,101815,333953,561062347
2018-10-29,2694812,557864353,22500,117615,383425,558247778
2018-10-30,4058719,557190077,21600,116813,385483,557575560
2018-10-31,6715886,557314992,82500,177713,600670,557915662
2018-11-01,6088082,557599876,17200,112413,377708,557977584
2018-11-02,8377145,555429675,16500,111713,382058,555811733
2018-11-05,7432123,553932553,9000,104213,357451,554290004
2018-11-06,9720559,554548643,21600,116813,410014,554958657
2018-11-07,10967056,552871517,20800,116013,397925,553269442
2018-11-08,6712902,554351760,18200,113413,386738,554738498
2018-11-09,3792755,553701057,22100,121013,410234,554111291
2018-11-12,13818883,551295743,0,115313,404749,551700492
2018-11-13,20003435,555644667,43400,152313,554419,556199086
2018-11-14,9076881,548729814,14800,134813,489371,549219185
2018-11-15,8094838,547903839,13000,147813,540996,548444835
2018-11-16,8521482,548154948,0,145213,534384,548689332
2018-11-19,7187161,545477335,0,108113,397856,545875191
2018-11-20,10027982,548963436,13900,122013,438027,549401463
2018-11-21,4375475,544205319,17000,122013,442907,544648226
2018-11-22,8841635,547471213,0,113613,413551,547884764
2018-11-23,9874802,542192898,14600,117213,402041,542594939
2018-11-26,8710574,545799668,12500,119213,408901,546208569
2018-11-27,5177847,546048638,3300,120413,411812,546460450
2018-11-28,7645781,547827414,5400,118313,410546,548237960
2018-11-29,10846768,551324506,1900,112613,381758,551706264
2018-11-30,8152053,554672343,12700,106613,363550,555035893
2018-12-03,7837389,551316753,14500,96783,344547,551661300
2018-12-04,8657565,554091692,0,96783,345515,554437207
2018-12-05,9694320,560302580,0,96783,340676,560643256
2018-12-06,11217351,565807951,26400,104683,361156,566169107
2018-12-07,5586288,569476989,0,104683,361156,569838145
2018-12-10,5684657,571980911,9700,106083,361743,572342654
2018-12-11,2641675,571789299,0,106083,364926,572154225
2018-12-12,3030275,571302938,0,106083,365986,571668924
2018-12-13,7968682,572315187,3500,106183,367393,572682580
2018-12-14,11495702,577597376,0,96483,324183,577921559
2018-12-17,4093164,576098340,1400,96383,319028,576417368
2018-12-18,4082241,575957274,6600,91183,301816,576259090
2018-12-19,3774857,571014550,1100,92283,300843,571315393
2018-12-20,2600369,570664695,10000,96183,313557,570978252
2018-12-21,2921064,570049780,0,90483,294070,570343850
2018-12-24,2925786,570725126,0,90483,294070,571019196
2018-12-25,5483464,568530229,12700,91283,290280,568820509
2018-12-26,4320188,566214901,0,88883,279981,566494882
2018-12-27,7127940,568187524,5000,91283,284803,568472327
2018-12-28,4766286,564486967,12400,79983,252746,564739713
2019-01-02,2176364,564035022,0,79983,253546,564288568
2019-01-03,3197438,555913869,53300,122783,400273,556314142
2019-01-04,6236686,554218970,15200,83583,280839,554499809
2019-01-07,3322800,550519670,12100,83083,279159,550798829
2019-01-08,1385595,546374509,7200,80583,271565,546646074
2019-01-09,4629822,544383875,12800,85083,289282,544673157
2019-01-10,6802421,547996308,0,85083,293536,548289844
2019-01-11,3535726,545553938,15300,87783,301974,545855912
2019-01-14,1634883,537859782,3000,90783,310478,538170260
2019-01-15,3546959,539209009,0,90783,314109,539523118
2019-01-16,1351051,535735447,0,88783,308077,536043524
2019-01-17,3084439,536459165,6500,92783,319174,536778339
2019-01-18,5374130,538310815,0,90283,307865,538618680
2019-01-21,2249090,533758332,0,90283,311476,534069808
2019-01-22,3364713,532028037,1400,91683,316306,532344343
2019-01-23,4165513,532944668,0,91683,313556,533258224
2019-01-24,9836081,535030549,10100,89183,309465,535340014
2019-01-25,15342445,539345030,12600,89183,315708,539660738
2019-01-28,19416967,548336671,12600,89183,313924,548650595
2019-01-29,20328680,547112621,12600,66384,241638,547354259
2019-01-30,20867868,548771421,0,53600,181704,548953125
2019-01-31,10201071,550819511,0,43000,142330,550961841
2019-02-01,1434148,544143160,0,43000,145770,544288930
2019-02-11,5493529,541940183,1500,44500,155305,542095488
2019-02-12,7083570,541278973,3000,4500,15975,541294948
2019-02-13,7592299,534107630,13100,17600,63008,534170638
2019-02-14,7955329,536900931,19300,36900,130995,537031926
2019-02-15,5969491,538972452,6200,43100,151281,539123733
2019-02-18,9815916,540984075,0,43100,155160,541139235
2019-02-19,13002056,543067899,18000,44200,159120,543227019
2019-02-20,6883844,542543829,4400,44200,159562,542703391
2019-02-21,15345949,541963360,17900,44200,161330,542124690
2019-02-22,21937217,550708995,8200,44256,165960,550874955
2019-02-25,51162791,570412041,17800,44256,175696,570587737
2019-02-26,33407971,566539159,17800,44156,172208,566711367
2019-02-27,22132553,566954908,17900,44156,172650,567127558
2019-02-28,15169769,562684869,17900,44156,174416,562859285
2019-03-01,13830630,559036321,17900,44156,173533,559209854
2019-03-04,27325998,555474534,17900,44256,175254,555649788
2019-03-05,23919840,560106403,18800,45056,183378,560289781
2019-03-06,31234415,566039777,18800,45056,186532,566226309
2019-03-07,32796518,565202951,18800,45056,191488,565394439
2019-03-08,37621135,568146742,18800,45056,182026,568328768
2019-03-11,23914059,565623437,18800,45056,187433,565810870
2019-03-12,27984195,563828884,18800,45056,187884,564016768
2019-03-13,21685733,564923291,18800,45056,187433,565110724
2019-03-14,29519177,572674048,18800,45056,182026,572856074
2019-03-15,13432060,568219199,18800,45056,183378,568402577
2019-03-18,20427768,563500136,15300,45056,187433,563687569
2019-03-19,13664452,559415535,18800,45056,186982,559602517
2019-03-20,15436207,551416188,18800,45056,190136,551606324
2019-03-21,17206614,542167785,18800,45118,191300,542359085
2019-03-22,16565107,540049279,18700,45018,189976,540239255
2019-03-25,18583034,544106343,0,45018,187275,544293618
2019-03-26,22919840,555905165,18800,45018,180522,556085687
2019-03-27,10940803,556613475,18800,40518,162072,556775547
2019-03-28,13376188,555287327,18800,40518,158020,555445347
2019-03-29,13240184,548419224,18800,40518,164908,548584132
2019-04-01,14235686,543618612,18800,40518,170581,543789193
2019-04-02,11432554,531201871,18800,40518,170176,531372047
2019-04-03,21461546,522140207,32300,54018,232277,522372484
2019-04-04,20599750,526636012,18800,54018,233358,526869370
2019-04-08,33755154,540853664,18800,54018,232277,541085941
2019-04-09,17697793,546067638,18843,54061,231922,546299560
2019-04-10,35718969,561748178,28400,63661,276289,562024467
2019-04-11,18638864,558758988,58800,80561,340773,559099761
2019-04-12,6814404,553472483,18800,80561,343190,553815673
2019-04-15,16748419,548773141,30100,91861,381223,549154364
2019-04-16,17757959,552006832,19200,92261,386574,552393406
2019-04-17,13522486,552286626,18800,92261,389341,552675967
2019-04-18,14701391,556627716,4200,96461,403207,557030923
2019-04-19,21223504,562515423,29987,107348,450862,562966285
2019-04-22,22463219,573501659,8700,103348,436129,573937788
2019-04-23,28940583,587840722,18600,103148,420844,588261566
2019-04-24,14014583,582871287,18800,103248,423317,583294604
2019-04-25,17151017,587302508,23200,67648,265180,587567688
2019-04-26,10362546,586177515,18800,63248,244137,586421652
2019-04-29,16373698,594442435,18700,63248,239077,594681512
2019-04-30,6105298,590976688,18700,40548,154082,591130770
2019-05-06,14898416,594967918,33800,55648,194212,595162130
2019-05-07,5770350,593449496,26328,63176,224907,593674403
2019-05-08,2220561,591384836,18800,63276,225895,591610731
2019-05-09,5127843,589154653,23200,67676,238896,589393549
2019-05-10,14248839,592346471,18800,67734,245874,592592345
2019-05-13,7108551,595013730,18700,67634,243482,595257212
2019-05-14,5115671,596454797,18800,46034,164802,596619599
2019-05-15,7210661,595371710,15200,42345,153712,595525422
2019-05-16,4633737,590218462,5200,40500,148230,590366692
2019-05-17,6905224,590057261,14089,52289,186149,590243410
2019-05-20,5655028,588790460,26900,62589,219687,589010147
2019-05-21,3921199,584342917,7200,62489,219336,584562253
2019-05-22,7241135,584458693,9300,63489,221577,584680270
2019-05-23,4102363,584547633,18600,62589,214680,584762313
2019-05-24,2880972,585108195,9400,62589,213428,585321623
2019-05-27,7470768,587608715,22500,63689,222275,587830990
2019-05-28,4641781,586207957,0,63689,222275,586430232
2019-05-29,2174369,584700006,4300,63689,221638,584921644
2019-05-30,2421308,583567486,7100,62089,215449,583782935
2019-05-31,1638102,579973407,3400,65489,225937,580199344
2019-06-03,6737625,584103656,0,62089,211103,584314759
2019-06-04,5467872,575700456,39000,92589,310173,576010629
2019-06-05,4824180,575587406,600,92589,308321,575895727
2019-06-06,3231731,571275952,17200,96189,314538,571590490
2019-06-10,4307081,572475170,0,96189,316462,572791632
2019-06-11,7805194,573746744,0,91689,311743,574058487
2019-06-12,4952128,572329618,0,91689,309909,572639527
2019-06-13,5973288,569824611,11295,100584,343996,570168607
2019-06-14,3513339,567720446,0,89289,303583,568024029
2019-06-17,5648542,570964919,3800,87989,295643,571260562
2019-06-18,4359516,572639184,2100,87989,295643,572934827
2019-06-19,9895433,572000421,0,87989,297403,572297824
2019-06-20,8430549,570415547,17800,87989,302682,570718229
2019-06-21,10495753,573358128,8700,65389,228208,573586336
2019-06-24,7161604,573941981,0,65389,226900,574168881
2019-06-25,6518538,574372592,0,65389,224938,574597530
2019-06-26,5863896,574443306,0,65389,223630,574666936
2019-06-27,4671769,572940835,900,66289,227371,573168206
2019-06-28,6780831,571719168,3500,65489,221353,571940521
2019-07-01,9469439,574135379,0,65489,225937,574361316
2019-07-02,9658063,577669683,1800,67289,232147,577901830
2019-07-03,4671341,577978487,0,67289,230801,578209288
2019-07-04,7496606,578742059,2700,69989,240062,578982121
2019-07-05,3750098,579352863,0,69989,242162,579595025
2019-07-08,7664422,577483821,10200,76789,258011,577741832
2019-07-09,5550383,579585658,4500,81289,273131,579858789
2019-07-10,4863363,581154238,0,81289,269067,581423305
2019-07-11,4364145,581229746,0,81289,269879,581499625
2019-07-12,3061014,579846163,400,75989,253803,580099966
2019-07-15,4856880,581471188,15200,76689,257675,581728863
2019-07-16,3533186,579477073,0,76689,258442,579735515
2019-07-17,1781478,575601718,0,76689,257675,575859393
2019-07-18,2652811,572332974,0,76689,255374,572588348
2019-07-19,3116623,570665940,0,76689,256908,570922848
2019-07-22,5774837,568894123,3200,79689,262177,569156300
2019-07-23,2695331,569418123,4400,79689,262974,569681097
2019-07-24,4492620,568109951,0,76689,254607,568364558
2019-07-25,2268998,564662275,0,76689,254607,564916882
2019-07-26,1768441,564174326,1600,78289,259919,564434245
2019-07-29,2547954,564529691,5600,83889,276834,564806525
2019-07-30,5397901,564908479,4100,87989,292123,565200602
2019-07-31,1721300,564336070,0,87989,291244,564627314
2019-08-01,3879192,565403128,0,87989,288604,565691732
2019-08-02,5876801,566247576,0,87989,283325,566530901
2019-08-05,3668456,568592054,1700,87989,280685,568872739
2019-08-06,5771962,567746918,1000,87989,272766,568019684
2019-08-07,1796484,566577409,0,87989,272766,566850175
2019-08-08,1382765,564908576,0,87989,274526,565183102
2019-08-09,2898150,565310533,0,87989,271886,565582419
2019-08-12,2206738,565096524,0,87989,275406,565371930
2019-08-13,1218536,564306254,0,87989,272766,564579020
2019-08-14,3594215,564594155,0,87989,274526,564868681
2019-08-15,2509664,564578007,0,87989,273646,564851653
2019-08-16,6090549,567051868,0,87989,277165,567329033
2019-08-19,7981637,570492911,0,87989,284204,570777115
2019-08-20,3157306,570687056,0,87989,282445,570969501
2019-08-21,2715396,568823170,0,87989,283325,569106495
2019-08-22,796161,566935843,0,87989,283325,567219168
2019-08-23,1665650,564463819,0,87989,282445,564746264
2019-08-26,5027487,562945718,0,87989,277165,563222883
2019-08-27,6026127,562808044,0,87989,284204,563092248
2019-08-28,5246792,562086293,4500,92489,298739,562385032
2019-08-29,2734829,559960897,0,87989,283325,560244222
2019-08-30,4292927,558128068,0,87989,278925,558406993
2019-09-02,4776188,560531995,0,87989,284204,560816199
2019-09-03,4151368,560564614,0,87989,283325,560847939
2019-09-04,5625113,561189690,0,87989,285084,561474774
2019-09-05,12378881,562859780,16100,97389,318462,563178242
2019-09-06,4675161,561659848,0,97389,318462,561978310
2019-09-09,10113919,560137521,0,97389,321384,560458905
2019-09-10,22434463,561308006,4500,101889,345404,561653410
2019-09-11,18796003,569925729,0,97389,325279,570251008
2019-09-12,3538499,569350482,0,97389,326253,569676735
2019-09-16,6488816,569223775,0,97389,326253,569550028
2019-09-17,9002698,566965374,0,97389,318462,567283836
2019-09-18,1409092,565459293,0,97389,318462,565777755
2019-09-19,6715553,567011704,0,97389,319436,567331140
2019-09-20,4883793,566743786,0,97389,317488,567061274
2019-09-23,4204664,566217812,0,97389,311645,566529457
2019-09-24,3281395,563851428,0,97389,312619,564164047
2019-09-25,7382424,568800118,0,97389,307749,569107867
2019-09-26,4195291,569839403,1000,98389,309925,570149328
2019-09-27,5368816,567565667,0,98389,311893,567877560
2019-09-30,2396129,563389201,2600,88989,280315,563669516
2019-10-08,2247355,561870811,3500,92489,292265,562163076
2019-10-09,3021030,560990600,0,92489,295040,561285640
2019-10-10,2287145,559169504,0,89989,287965,559457469
2019-10-11,2930535,556989119,0,84289,271411,557260530
2019-10-14,7739713,557633165,0,82889,271047,557904212
2019-10-15,2506833,557030535,3800,86689,282606,557313141
2019-10-16,4303522,556731141,0,86689,279139,557010280
2019-10-17,22238646,564750169,3800,90489,299519,565049688
2019-10-18,13358587,563906407,5400,88789,287676,564194083
2019-10-21,9120739,565903596,0,82389,265293,566168889
2019-10-22,7486181,565267327,4300,82189,266292,565533619
2019-10-23,6115431,568760894,0,77489,249515,569010409
2019-10-24,6033415,570123825,1000,78489,254304,570378129
2019-10-25,4196253,569993338,1700,80189,263822,570257160
2019-10-28,7096000,571676834,0,80189,264624,571941458
2019-10-29,5253913,564215690,0,80189,261416,564477106
2019-10-30,7946877,557563379,4400,84589,269839,557833218
2019-10-31,2576614,556681907,4700,89289,283939,556965846
2019-11-01,3102914,556494686,300,89589,286685,556781371
2019-11-04,1908366,550025253,0,89589,287581,550312834
2019-11-05,3774606,548295024,0,89589,289372,548584396
2019-11-06,2364050,546406471,0,89589,285789,546692260
2019-11-07,3363220,545976579,0,89589,289372,546265951
2019-11-08,5894624,549481363,0,84389,271733,549753096
2019-11-11,4185888,546264955,900,70100,220815,546485770
2019-11-12,2219416,545992282,0,70100,221516,546213798
2019-11-13,2031010,546801596,0,69900,220185,547021781
2019-11-14,2234339,545183211,1400,71300,223882,545407093
2019-11-15,2653375,539788675,3100,74400,231384,540020059
2019-11-18,3489689,538248980,200,44600,139152,538388132
2019-11-19,4210016,539175987,0,44600,140936,539316923
2019-11-20,1165625,538587017,0,44600,140044,538727061
2019-11-21,1222487,537921858,0,44600,139598,538061456
2019-11-22,1302887,536319583,0,44600,139598,536459181
2019-11-25,2999422,537089106,0,44600,141382,537230488
2019-11-26,3209512,536996719,2500,47100,150249,537146968
2019-11-27,2842088,538262991,0,47100,148836,538411827
2019-11-28,2066047,538893184,0,47100,147894,539041078
2019-11-29,3373476,539368211,5300,52400,164536,539532747
2019-12-02,2245754,540546797,0,52400,164012,540710809
2019-12-03,2213786,539255476,0,52400,165060,539420536
2019-12-04,2674163,540067802,0,52200,163908,540231710
2019-12-05,4332638,540108391,200,52400,165584,540273975
2019-12-06,5479114,541015438,0,52400,167156,541182594
2019-12-09,5906454,541175273,900,53300,171093,541346366
2019-12-10,7271543,543480458,1400,54300,173760,543654218
2019-12-11,4515502,542662612,0,53400,170880,542833492
2019-12-12,2752768,539513676,1000,54400,171904,539685580
2019-12-13,4234329,539792881,0,51000,163710,539956591
2019-12-16,4829593,536092595,0,50200,162648,536255243
2019-12-17,10127706,537508853,0,46800,153036,537661889
2019-12-18,4871151,535504769,0,46800,152100,535656869
2019-12-19,4573529,534252339,0,46800,153504,534405843
2019-12-20,4464517,528220163,3400,50200,162648,528382811
2019-12-23,6624833,529907073,3400,53600,170984,530078057
2019-12-24,2878267,530325632,100,53700,173451,530499083
2019-12-25,4741667,529626695,0,53700,172914,529799609
2019-12-26,3598989,528404299,0,53700,173988,528578287
2019-12-27,4282766,526453115,0,53700,173451,526626566
2019-12-30,10294320,523959534,0,53700,177210,524136744
2019-12-31,8741141,527110010,0,53700,177747,527287757
2020-01-02,24168246,526924247,0,53700,185802,527110049
2020-01-03,25363694,536642215,0,53700,187413,536829628
2020-01-06,17066449,536380574,0,51200,178688,536559262
2020-01-07,13052619,533356280,0,51200,178176,533534456
2020-01-08,11700356,537292960,2500,53700,182043,537475003
2020-01-09,25565475,538889590,0,53700,200301,539089891
2020-01-10,0,525234293,0,53700,220170,525454463
2020-01-13,133412454,542438358,0,49900,225049,542663407
2020-01-14,131745958,552692635,0,49600,220720,552913355
2020-01-15,119901644,574701511,300,33700,136485,574837996
2020-01-16,64620974,573531704,0,28300,112917,573644621
2020-01-17,43800837,567906477,10000,38300,147455,568053932
2020-01-20,53264198,582220406,11400,39700,154433,582374839
2020-01-21,38501566,590419727,300,40000,152800,590572527
2020-01-22,30619775,594629028,0,30000,114000,594743028
2020-01-23,35158608,557480055,10800,40800,140760,557620815
2020-02-03,1849206,552682923,0,38500,119735,552802658
2020-02-04,25517687,545953877,0,38500,115115,546068992
2020-02-05,30834407,553144262,0,36000,110160,553254422
2020-02-06,30960180,563434630,0,36000,115200,563549830
2020-02-07,17707828,555457252,0,36000,114480,555571732
2020-02-10,29712858,543493704,6900,31700,103976,543597680
2020-02-11,19419801,542876517,10000,31300,104542,542981059
2020-02-12,15383769,542480797,0,21000,70350,542551147
2020-02-13,10331133,531717961,500,21500,69660,531787621
2020-02-14,9634574,531410470,100,21600,69552,531480022
2020-02-17,26494937,539916816,700,22300,76935,539993751
2020-02-18,37786110,544673270,2700,25000,87500,544760770
2020-02-19,19849962,538268175,900,25900,88578,538356753
2020-02-20,27950323,544477827,200,26100,92916,544570743
2020-02-21,29460238,531786679,0,26100,96831,531883510
2020-02-24,26086705,527849898,0,26100,95265,527945163
2020-02-25,29443026,525170188,0,26100,92133,525262321
2020-02-26,16967892,523995744,0,26100,90306,524086050
2020-02-27,16462954,523060099,0,26100,91350,523151449
2020-02-28,13773557,521828344,0,26100,84564,521912908
2020-03-02,12333702,523720322,0,26100,87435,523807757
2020-03-03,17745537,525794218,0,26100,88479,525882697
2020-03-04,65318590,527071645,0,26100,97353,527168998
2020-03-05,84731801,534006232,0,26100,102834,534109066
2020-03-06,66821312,537941251,10000,36100,137541,538078792
2020-03-09,27995061,528083404,0,21800,78916,528162320
2020-03-10,32840161,537245729,0,21800,80442,537326171
2020-03-11,17597077,527496833,0,21800,78044,527574877
2020-03-12,13030535,518624313,0,21800,75646,518699959
2020-03-13,16001931,515530406,0,21800,74774,515605180
2020-03-16,17328476,518129375,0,21600,71496,518200871
2020-03-17,14063940,520206330,0,21600,73224,520279554
2020-03-18,14932057,522838041,0,21600,71280,522909321
2020-03-19,8035288,520184658,4500,26100,94743,520279401
2020-03-20,58759642,522427826,0,26100,95265,522523091
2020-03-23,39649409,507632112,0,26100,95004,507727116
2020-03-24,33453274,518559453,0,26100,94221,518653674
2020-03-25,52435611,530951589,0,26100,99441,531051030
2020-03-26,24629998,522080406,0,26100,96831,522177237
2020-03-27,42307115,522975073,0,26100,96570,523071643
2020-03-30,41308979,520654473,0,21600,82296,520736769
2020-03-31,44704870,522511365,0,21600,84240,522595605
2020-04-01,31811189,528131996,0,21600,79920,528211916
2020-04-02,20149177,525407703,600,22200,81030,525488733
2020-04-03,21787734,526205753,4000,26200,91438,526297191
2020-04-07,20327580,527453026,0,21600,77976,527531002
2020-04-08,20646585,529840128,0,21600,78408,529918536
2020-04-09,39032929,525713335,4000,25600,98560,525811895
2020-04-10,24720730,517999870,0,21600,80784,518080654
2020-04-13,25522911,526772450,4000,25600,93952,526866402
2020-04-14,16964707,520555818,0,25600,94464,520650282
2020-04-15,18781503,517963165,0,21600,77760,518040925
2020-04-16,11729482,518017448,0,21600,76680,518094128
2020-04-17,11145552,517978912,0,21600,76032,518054944
2020-04-20,8666693,517670427,0,21600,77760,517748187
2020-04-21,18946344,520980901,0,21600,79920,521060821
2020-04-22,39619852,521601300,4000,25600,104192,521705492
2020-04-23,63760160,527865633,0,25600,100608,527966241
2020-04-24,40142562,531561680,0,25600,101376,531663056
2020-04-27,36287744,529374127,0,25600,97792,529471919
2020-04-28,51263344,523727737,0,25600,101888,523829625
2020-04-29,46490795,538021030,0,21600,79920,538100950
2020-04-30,20757495,538732702,0,21600,80784,538813486
2020-05-06,22454015,543164113,0,21600,82296,543246409
2020-05-07,29695130,547243238,4000,25600,99584,547342822
2020-05-08,22283526,543172824,0,21600,83376,543256200
2020-05-11,23194638,547186711,0,10400,39832,547226543
2020-05-12,9683655,539059539,0,5300,20193,539079732
2020-05-13,34932624,530642210,4000,9300,36735,530678945
2020-05-14,22310576,524428070,0,5300,20299,524448369
2020-05-15,23713084,534390472,0,5300,19928,534410400
2020-05-18,20113095,537060323,0,5300,20299,537080622
2020-05-19,82893259,542922218,4000,4000,16200,542938418
2020-05-20,52914754,539919502,0,0,0,539919502
2020-05-21,50940561,540600491,4000,4000,16080,540616571
2020-05-22,47759365,527570237,0,4000,16120,527586357
2020-05-25,54352488,531689646,0,4000,16720,531706366
2020-05-26,71486355,559377001,0,4000,17080,559394081
2020-05-27,76460827,561193234,0,4000,16960,561210194
2020-05-28,53753733,568450316,66100,70100,288111,568738427
2020-05-29,116720474,570432471,10000,80100,351639,570784110
2020-06-01,101609582,578423939,0,80100,357246,578781185
2020-06-02,64984265,564060137,0,80100,393291,564453428
2020-06-03,140024245,560427162,0,80100,391689,560818851
2020-06-04,84969463,556931992,0,80100,386082,557318074
2020-06-05,89174996,546370406,0,80100,353241,546723647
2020-06-08,42187709,548839786,20000,75100,320677,549160463
2020-06-09,33671755,547250822,0,55100,238032,547488854
2020-06-10,31164085,546441488,0,55100,240236,546681724
2020-06-11,39301282,546659188,35000,65100,269514,546928702
2020-06-12,24920230,548121501,50000,115100,476514,548598015
2020-06-15,54008829,547898383,35000,150100,654436,548552819
2020-06-16,41698180,561722858,0,100100,430430,562153288
2020-06-17,32339199,569522863,50000,150100,636424,570159287
2020-06-18,30744423,574196151,0,80100,337221,574533372
2020-06-19,32408465,569268341,65000,145100,612322,569880663
2020-06-22,24667008,558445139,0,44000,187000,558632139
2020-06-23,29062000,560331568,50000,94000,383520,560715088
2020-06-24,12933556,555475477,0,40000,160800,555636277
2020-06-29,19130568,557355132,10000,50000,197500,557552632
2020-06-30,15213683,554155531,0,35000,140000,554295531
2020-07-01,17430746,551001106,0,35000,137900,551139006
2020-07-02,25027162,552055781,20000,55000,222750,552278531
2020-07-03,31566085,544512892,50000,105000,438900,544951792
2020-07-06,53967477,557869017,0,55000,238150,558107167
2020-07-07,75609311,572080990,50000,105000,456750,572537740
2020-07-08,54466589,575240612,0,0,0,575240612
2020-07-09,56714022,576679843,50000,50000,232000,576911843
2020-07-10,63521095,590975665,0,0,0,590975665
2020-07-13,74247699,602068206,80000,80000,392000,602460206
2020-07-14,185916103,629690853,24000,54000,291060,629981913
2020-07-15,173310738,654366686,50000,80000,388000,654754686
2020-07-16,77816006,641648633,0,30000,131400,641780033
2020-07-17,31234170,639316030,0,30000,133800,639449830
2020-07-20,45282418,641717211,0,0,0,641717211
2020-07-21,50753709,629800749,80000,80000,372000,630172749
2020-07-22,41903601,620274587,0,30000,138300,620412887
2020-07-23,73642823,618838004,54000,54000,261360,619099364
2020-07-24,116545795,616166390,30000,34000,167280,616333670
2020-07-27,66420568,621259189,50000,54000,272700,621531889
2020-07-28,58504783,642259551,30000,34000,165920,642425471
2020-07-29,46708832,635041346,50000,54000,262980,635304326
2020-07-30,47407469,644771536,6400,10400,49504,644821040
2020-07-31,41006160,649161580,0,10400,49504,649211084
2020-08-03,39670278,640970616,103600,114000,557460,641528076
2020-08-04,46066326,634974034,0,114000,531240,635505274
2020-08-05,25125175,630677010,0,34000,160140,630837150
2020-08-06,20380993,626866005,0,34000,157080,627023085
2020-08-07,20432543,623088168,0,34000,153680,623241848
2020-08-10,16383849,627778812,0,34000,157080,627935892
2020-08-11,17653947,630595785,0,34000,153000,630748785
2020-08-12,17717189,628382758,0,34000,156400,628539158
2020-08-13,30436803,640663207,50000,84000,396480,641059687
2020-08-14,18635637,637985827,0,84000,392280,638378107
2020-08-17,21707151,634938538,0,34000,159800,635098338
2020-08-18,24357249,642074452,0,34000,159460,642233912
2020-08-19,22977355,640883243,0,34000,154360,641037603
2020-08-20,10195458,638016878,0,34000,154020,638170898
2020-08-21,7944656,632427848,0,34000,154360,632582208
2020-08-24,8063888,633357371,1000,35000,159950,633517321
2020-08-25,10033615,631744106,0,35000,156450,631900556
2020-08-26,13728837,622222342,0,34000,145520,622367862
2020-08-27,7216636,619083068,0,34000,145520,619228588
2020-08-28,6489654,617431117,0,34000,147900,617579017
2020-08-31,10031708,619206587,0,4000,17440,619224027
2020-09-01,6577492,620446844,0,4000,17720,620464564
2020-09-02,12989371,620052447,0,4000,18040,620070487
2020-09-03,45696593,630926100,0,4000,19000,630945100
2020-09-04,26753076,630251488,0,4000,19080,630270568
2020-09-07,17160896,619296608,0,4000,18840,619315448
2020-09-08,51840408,609950881,0,4000,20720,609971601
2020-09-09,90719437,620586007,0,4000,19160,620605167
2020-09-10,51838763,626684689,0,4000,19200,626703889
2020-09-11,33329456,628679282,0,4000,18760,628698042
2020-09-14,27350125,633286670,0,4000,18520,633305190
2020-09-15,40455263,626309470,0,4000,19400,626328870
2020-09-16,30718625,632525758,0,4000,19760,632545518
2020-09-17,30054731,639567496,0,0,0,639567496
2020-09-18,31201733,644081119,4000,4000,19520,644100639
2020-09-21,66529989,643401150,0,0,0,643401150
2020-09-22,34957835,638204352,4000,4000,19280,638223632
2020-09-23,19730667,638898763,0,0,0,638898763
2020-09-24,17493016,634900799,0,0,0,634900799
2020-09-25,13456052,627993382,20000,20000,93200,628086582
2020-09-28,12660638,631048005,0,20000,89000,631137005
2020-09-29,9045074,629677624,0,20000,89600,629767224
2020-09-30,7836026,617626390,0,20000,91200,617717590
2020-10-09,14998736,623137883,0,20000,93600,623231483
2020-10-12,27647449,625962433,0,20000,96400,626058833
2020-10-13,16045228,626418251,0,20000,94600,626512851
2020-10-14,12984680,621852453,0,20000,92600,621945053
2020-10-15,8742568,620290452,0,20000,91000,620381452
2020-10-16,12619671,623291625,0,20000,91800,623383425
2020-10-19,25534929,634512780,0,20000,89200,634601980
2020-10-20,6880956,633593876,0,20000,91600,633685476
2020-10-21,9975329,636105842,0,20000,90000,636195842
2020-10-22,5898483,569159887,0,20000,91000,569250887
2020-10-23,10419520,575846411,0,20000,91000,575937411
2020-10-26,9667819,580316157,0,20000,91200,580407357
2020-10-27,7162229,580710079,0,20000,90400,580800479
2020-10-28,5870710,574968087,0,20000,89600,575057687
2020-10-29,6219973,573407722,0,20000,88200,573495922
2020-10-30,6858452,569808900,0,20000,83800,569892700
2020-11-02,7110835,568082821,0,20000,81200,568164021
2020-11-03,3222783,566214228,0,20000,83600,566297828
2020-11-04,3927212,567835910,0,20000,83000,567918910
2020-11-05,5754257,567165861,0,20000,84000,567249861
2020-11-06,4243737,566247363,0,20000,84200,566331563
2020-11-09,8700118,565509464,0,20000,85600,565595064
2020-11-10,8547641,568503335,0,20000,84400,568587735
2020-11-11,5445281,564486321,0,20000,82800,564569121
2020-11-12,4473759,564697069,0,20000,82400,564779469
2020-11-13,2284190,563230838,0,20000,82000,563312838
2020-11-16,4105603,562003772,0,20000,82400,562086172
2020-11-17,4057685,556915548,0,20000,81800,556997348
2020-11-18,2263270,553686708,0,20000,82400,553769108
2020-11-19,2743707,553220929,0,20000,81800,553302729
2020-11-20,5856792,552697925,0,20000,82000,552779925
2020-11-23,8593596,549391409,0,20000,81800,549473209
2020-11-24,5692122,549904517,0,20000,81000,549985517
2020-11-25,9392706,546761463,4000,24000,94800,546856263
2020-11-26,4857269,546974778,0,20000,78400,547053178
2020-11-27,5050276,542704967,0,20000,80800,542785767
2020-11-30,5557049,544031419,0,20000,80200,544111619
2020-12-01,5448365,547158073,0,20000,80600,547238673
2020-12-02,7929622,548009457,0,20000,81200,548090657
2020-12-03,5186249,550143456,0,20000,80800,550224256
2020-12-04,2646567,549669749,0,20000,80400,549750149
2020-12-07,2669801,550836582,0,20000,80000,550916582
2020-12-08,2280602,547027374,0,20000,78800,547106174
2020-12-09,3633307,544395454,0,20000,77400,544472854
2020-12-10,2057766,542913703,0,20000,77000,542990703
2020-12-11,5614433,540436526,0,20000,74600,540511126
2020-12-14,2285940,539645205,0,20000,76200,539721405
2020-12-15,3024465,540945841,0,20000,75400,541021241
2020-12-16,4070895,517856487,0,20000,73400,517929887
2020-12-17,8338720,501419142,0,20000,73400,501492542
2020-12-18,6849914,497177043,0,20000,72800,497249843
2020-12-21,2229084,496247824,0,20000,73600,496321424
2020-12-22,4429583,496964001,0,20000,73400,497037401
2020-12-23,2465762,496195817,0,20000,73400,496269217
2020-12-24,5203691,494385329,0,20000,71400,494456729
2020-12-25,3959574,494749243,0,20000,71800,494821043
2020-12-28,6324785,495172507,0,20000,70600,495243107
2020-12-29,3478755,487809067,0,20000,72600,487881667
2020-12-30,9733872,492210816,0,20000,72400,492283216
2020-12-31,11911883,494480537,0,20000,73600,494554137
2021-01-04,3639946,494988956,0,20000,73600,495062556
2021-01-05,3494124,493083673,0,20000,73000,493156673
2021-01-06,3278537,492379891,0,20000,71600,492451491
2021-01-07,7406353,489666856,0,20000,68400,489735256
2021-01-08,5774579,488745888,0,20000,67600,488813488
2021-01-11,4865819,487784335,0,20000,65200,487849535
2021-01-12,2875090,486197431,0,20000,65600,486263031
2021-01-13,3856598,484695662,0,20000,63800,484759462
2021-01-14,5266140,484403770,0,20000,65600,484469370
2021-01-15,2891486,482724881,0,20000,66000,482790881
2021-01-18,2171774,481783317,0,20000,66200,481849517
2021-01-19,6386999,479650611,0,20000,69000,479719611
2021-01-20,5316139,482783925,0,20000,67600,482851525
2021-01-21,2201468,481456757,0,20000,67600,481524357
2021-01-22,2492903,481849359,0,20000,66400,481915759
2021-01-25,3945780,481636074,0,20000,64200,481700274
2021-01-26,2472988,479622398,0,20000,63800,479686198
2021-01-27,1742263,479885146,0,20000,64400,479949546
2021-01-28,1970512,478377269,0,20000,63200,478440469
2021-01-29,2974657,477310398,0,20000,62000,477372398
2021-02-01,993766,476403316,0,20000,62400,476465716
2021-02-02,2884465,475797959,0,20000,62200,475860159
2021-02-03,3490021,473974921,0,20000,60400,474035321
2021-02-04,3649696,472190483,0,20000,60000,472250483
2021-02-05,6307795,470232149,4000,24000,75360,470307509
2021-02-08,3275308,467446924,0,20000,62400,467509324
2021-02-09,4551522,466177085,0,20000,62600,466239685
2021-02-10,3369909,463934511,0,20000,62800,463997311
2021-02-18,4816421,452384476,0,20000,63800,452448276
2021-02-19,6894172,450315451,0,20000,67400,450382851
2021-02-22,8934245,449714974,0,20000,67200,449782174
2021-02-23,3519585,448938852,0,20000,67200,449006052
2021-02-24,4175122,448425593,0,20000,67400,448492993
2021-02-25,5841629,451362514,0,20000,67600,451430114
2021-02-26,3553717,452402579,0,20000,67800,452470379
2021-03-01,3337098,452828912,0,20000,68600,452897512
2021-03-02,3274250,452615648,0,20000,67600,452683248
2021-03-03,3384274,451816795,0,20000,68000,451884795
2021-03-04,2984869,450868298,0,20000,68200,450936498
2021-03-05,5205288,449271236,0,20000,69800,449341036
2021-03-08,8746299,449842139,0,20000,69400,449911539
2021-03-09,8687202,442089632,0,20000,67200,442156832
2021-03-10,2199296,441017684,0,20000,66800,441084484
2021-03-11,4264759,442646002,0,20000,67600,442713602
2021-03-12,2983638,437729784,0,20000,68000,437797784
2021-03-15,3195680,435171739,0,20000,69200,435240939
2021-03-16,2238394,434794384,0,20000,69400,434863784
2021-03-17,2361102,434862447,0,0,0,434862447
2021-03-18,3643795,435026753,0,0,0,435026753
2021-03-19,2383052,433591099,0,0,0,433591099
2021-03-22,5195620,431485880,0,0,0,431485880
2021-03-23,3569717,432474738,0,0,0,432474738
2021-03-24,1733265,432803384,0,0,0,432803384
2021-03-25,3422091,433977320,18000,18000,58680,434036000
2021-03-26,3880127,434233249,0,18000,59760,434293009
2021-03-29,3576086,435547294,0,18000,58860,435606154
2021-03-30,3551568,434669771,0,18000,57960,434727731
2021-03-31,2143607,432401790,0,18000,58860,432460650
2021-04-01,2160816,432745438,0,18000,58860,432804298
2021-04-02,2742188,432109896,0,18000,59220,432169116
2021-04-06,2325481,433473027,0,18000,59220,433532247
2021-04-07,1247131,433292297,0,18000,59580,433351877
2021-04-08,4774395,436673331,0,18000,59040,436732371
2021-04-09,5885140,437514119,0,18000,60120,437574239
2021-04-12,7328310,436524733,0,18000,60660,436585393
2021-04-13,6754910,436352706,0,18000,59040,436411746
2021-04-14,8083610,437493708,0,18000,61020,437554728
2021-04-15,8124899,438443460,0,18000,61200,438504660
2021-04-16,8378483,432494252,0,18000,62640,432556892
2021-04-19,11085705,437643886,0,8100,28269,437672155
2021-04-20,4409794,437576889,0,8100,28026,437604915
2021-04-21,3065750,436823161,10000,18100,62264,436885425
2021-04-22,4362878,437614988,0,8100,27783,437642771
2021-04-23,6300408,438064431,0,8100,27297,438091728
2021-04-26,1803235,437476272,0,8100,27054,437503326
2021-04-27,3131438,437246104,0,8100,27054,437273158
2021-04-28,4533725,435579318,0,8100,27459,435606777
2021-04-29,5663373,435728054,0,8100,27864,435755918
2021-04-30,2644756,433219769,0,8100,27945,433247714
2021-05-06,2214412,432521993,10000,18100,62988,432584981
2021-05-07,4546355,428484631,0,18100,61902,428546533
2021-05-10,5292064,431656603,0,18100,62264,431718867
2021-05-11,11604530,435941258,0,18100,64617,436005875
2021-05-12,7206427,437336591,0,18100,64436,437401027
2021-05-13,14610535,435363871,0,18100,66065,435429936
2021-05-14,6676905,434849777,0,8100,29646,434879423
2021-05-17,9957786,432380911,10000,18100,64255,432445166
2021-05-18,8292321,426092133,0,18100,65703,426157836
2021-05-19,7176393,427458201,0,18100,64617,427522818
2021-05-20,8238899,421593620,0,18100,64436,421658056
2021-05-21,2069320,418819829,0,18100,65341,418885170
2021-05-24,7981242,419167850,0,18100,66970,419234820
2021-05-25,12896817,426443121,0,18100,66065,426509186
2021-05-26,3999930,426577079,0,18100,66246,426643325
2021-05-27,10585719,431152361,0,18100,65160,431217521
2021-05-28,4685820,425916396,0,18100,65160,425981556
2021-05-31,14063320,422597764,0,8100,30294,422628058
2021-06-01,12817540,420660577,0,8100,29727,420690304
2021-06-02,11080004,416820388,0,8100,29727,416850115
2021-06-03,12311508,419041295,0,8100,29403,419070698
2021-06-04,7743583,423070310,0,8100,29403,423099713
2021-06-07,8856997,425749251,0,8100,28917,425778168
2021-06-08,13882620,428625936,0,8100,28755,428654691
2021-06-09,3136875,419767777,0,8100,29079,419796856
2021-06-10,7722829,424456417,0,8100,28917,424485334
2021-06-11,8806537,415888919,0,8100,28188,415917107
2021-06-15,4818839,416484432,0,8100,28350,416512782
2021-06-16,7817526,419877973,0,8100,28188,419906161
2021-06-17,8136308,412858699,0,8100,27702,412886401
2021-06-18,5760943,407941113,0,8100,28026,407969139
2021-06-21,6157666,408083944,0,8100,27864,408111808
2021-06-22,12613825,410597036,0,8100,28431,410625467
2021-06-23,10823659,411053358,0,8100,28026,411081384
2021-06-24,4812067,410864528,0,8100,28350,410892878
2021-06-25,16199617,419554315,0,8100,28350,419582665
2021-06-28,6946165,420109866,0,8100,28188,420138054
2021-06-29,7329947,421872914,0,8100,27864,421900778
2021-06-30,7072725,420465159,0,8100,28026,420493185
2021-07-01,4693922,411941903,0,8100,27864,411969767
2021-07-02,7246812,414501105,0,8100,27621,414528726
2021-07-05,7031504,411118136,0,8100,27459,411145595
2021-07-06,4984496,407809048,0,8100,27540,407836588
2021-07-07,2892080,403584657,0,8100,27540,403612197
2021-07-08,9952289,403774198,0,8100,27621,403801819
2021-07-09,7212619,400243307,0,8100,27540,400270847
2021-07-12,5729972,400056094,0,8100,27621,400083715
2021-07-13,5681104,400418765,0,8100,27702,400446467
2021-07-14,5518370,399947941,0,8100,27459,399975400
2021-07-15,8368020,400452686,0,8100,27783,400480469
2021-07-16,5483462,400976052,0,8100,27540,401003592
2021-07-19,4726998,402456319,0,8100,27378,402483697
2021-07-20,3544015,402541633,0,8100,27459,402569092
2021-07-21,3718364,400353172,0,8100,27459,400380631
2021-07-22,5436037,400409525,22300,30400,103056,400512581
2021-07-23,8970500,394433264,0,30400,102752,394536016
2021-07-26,10725767,396145045,0,30400,101232,396246277
2021-07-27,13481198,405501696,700,31100,100764,405602460
2021-07-28,9797968,399298761,0,31100,99209,399397970
2021-07-29,12349542,404105827,6300,37400,120054,404225881
2021-07-30,4537010,398817650,800,38200,121858,398939508
2021-08-02,7361225,392773084,0,38200,122240,392895324
2021-08-03,4204773,382281376,0,38200,123004,382404380
2021-08-04,2894979,381319487,0,38200,122240,381441727
2021-08-05,3437241,380845477,0,38200,123004,380968481
2021-08-06,2035182,380379185,0,38200,123386,380502571
2021-08-09,6967187,378886012,10000,45200,146448,379032460
2021-08-10,3096039,378124227,0,45100,147026,378271253
2021-08-11,5559244,380035847,0,36800,119968,380155815
2021-08-12,1540591,378133548,0,35200,114752,378248300
2021-08-13,3999374,378674060,0,35200,112640,378786700
2021-08-16,5857912,373016336,0,35200,114752,373131088
2021-08-17,5637747,372542896,0,35200,112992,372655888
2021-08-18,5273799,375879136,0,35200,113696,375992832
2021-08-19,4533011,375102728,0,35200,112640,375215368
2021-08-20,2910564,375538600,0,35200,112288,375650888
2021-08-23,2167246,375876091,0,35200,112992,375989083
2021-08-24,2184831,373671905,0,35200,113696,373785601
2021-08-25,5742780,373470760,0,35200,114752,373585512
2021-08-26,3656852,367559646,0,35200,115104,367674750
2021-08-27,3879639,368883977,0,35200,114752,368998729
2021-08-30,5414256,372522084,0,35200,114752,372636836
2021-08-31,3856623,370220157,0,35200,116160,370336317
2021-09-01,5055431,370273288,0,35200,116864,370390152
2021-09-02,4343204,369389762,10000,45200,150968,369540730
2021-09-03,8142117,371924308,0,35200,118272,372042580
2021-09-06,3464216,365185257,0,30100,101738,365286995
2021-09-07,5357161,363803393,0,30100,102641,363906034
2021-09-08,11298126,366444422,0,30100,105952,366550374
2021-09-09,4740414,363326780,0,30100,105952,363432732
2021-09-10,8865295,364443098,0,30100,104146,364547244
2021-09-13,3609896,362263456,0,29000,101790,362365246
2021-09-14,3910827,357638036,0,29000,99180,357737216
2021-09-15,2544095,356890466,0,29000,100050,356990516
2021-09-16,3621250,355330419,0,29000,99760,355430179
2021-09-17,7737561,355453222,10000,39000,132600,355585822
2021-09-22,4573980,353420950,0,29000,99470,353520420
2021-09-23,3123919,349155187,0,29000,100050,349255237
2021-09-24,7719871,354068174,0,29000,98600,354166774
2021-09-27,6003235,356777654,0,29000,95120,356872774
2021-09-28,1117104,355374599,10000,39000,128700,355503299
2021-09-29,2170002,352923673,0,29000,93380,353017053
2021-09-30,1253515,351023448,0,29000,93960,351117408
2021-10-08,3120871,350463639,0,29000,96570,350560209
2021-10-11,5695545,353520682,0,29000,97150,353617832
2021-10-12,2663828,352371256,0,29000,95410,352466666
2021-10-13,7196633,356387147,10000,39000,128700,356515847
2021-10-14,2295292,353098387,0,29000,95410,353193797
2021-10-15,1475506,350687356,0,29000,95120,350782476
2021-10-18,2623775,350287581,9700,38700,127710,350415291
2021-10-19,5569312,353354004,0,29000,93960,353447964
2021-10-20,4136647,355766549,0,29000,93380,355859929
2021-10-21,3846377,353900357,9900,38900,124091,354024448
2021-10-22,2669422,352370731,0,29000,91930,352462661
2021-10-25,5576715,354932986,10000,39000,122460,355055446
2021-10-26,4057803,355940451,0,39000,121290,356061741
2021-10-27,3050258,357441917,0,39000,119340,357561257
2021-10-28,5372495,357040643,0,39000,117000,357157643
2021-10-29,4383135,354560174,0,39000,118560,354678734
2021-11-01,7593974,359915804,0,39000,118560,360034364
2021-11-02,5578309,356505945,0,39000,115830,356621775
2021-11-03,2385575,355335112,0,39000,117000,355452112
2021-11-04,2885344,354582616,0,29000,87000,354669616
2021-11-05,4154850,355924020,0,29000,86420,356010440
2021-11-08,4693717,357637813,9300,38300,114900,357752713
2021-11-09,5088157,360574209,700,37900,114458,360688667
2021-11-10,4284311,361144078,0,37900,115216,361259294
2021-11-11,5682957,361803413,0,37900,115974,361919387
2021-11-12,2765329,360684496,0,37900,115974,360800470
2021-11-15,7771493,357187842,0,37900,116732,357304574
2021-11-16,4394358,356083470,0,37900,116732,356200202
2021-11-17,5558202,354513104,0,37900,116732,354629836
2021-11-18,3486887,352195815,0,37900,115595,352311410
2021-11-19,2977584,350182158,0,37900,115974,350298132
2021-11-22,2841522,350932837,0,37800,116046,351048883
2021-11-23,2364690,350128598,100,18300,56181,350184779
2021-11-24,3555340,350394102,7700,26000,79820,350473922
2021-11-25,8233039,353921265,3900,29900,92391,354013656
2021-11-26,3559275,352708854,0,29900,91494,352800348
2021-11-29,5045773,354679297,0,29900,89700,354768997
2021-11-30,2413992,352199605,0,28200,86010,352285615
2021-12-01,4784849,353437705,0,28200,87138,353524843
2021-12-02,3896990,352663930,1000,29200,89644,352753574
2021-12-03,2075773,349480595,0,29200,89936,349570531
2021-12-06,4804938,351306720,0,29200,89644,351396364
2021-12-07,3372868,350834639,0,29200,89936,350924575
2021-12-08,3105510,352068848,3600,32800,100696,352169544
2021-12-09,5388111,350882057,2400,35200,109472,350991529
2021-12-10,1457815,349273860,2200,37400,116314,349390174
2021-12-13,7715816,348583373,0,37400,115566,348698939
2021-12-14,6060462,353298521,0,37400,114818,353413339
2021-12-15,5038957,348343368,0,37400,115940,348459308
2021-12-16,3148614,343248180,0,37400,117810,343365990
2021-12-17,17392248,353014206,0,37400,119680,353133886
2021-12-20,3862907,353289980,0,30500,96990,353386970
2021-12-21,9394538,353260965,0,30500,99735,353360700
2021-12-22,7274647,355207849,0,30400,97888,355305737
2021-12-23,5443714,357718805,100,30500,97295,357816100
2021-12-24,12509179,360457650,0,30500,98820,360556470
2021-12-27,9805847,356052310,0,30500,99125,356151435
2021-12-28,8725261,360090376,0,11300,36386,360126762
2021-12-29,6977710,362554899,5600,16900,54249,362609148
2021-12-30,5907653,359806382,7900,24800,80600,359886982
2021-12-31,7250326,361320287,0,24700,80522,361400809
