日期,融资买入额(元),融资余额(元),融券卖出量,融券余量,融券余额(元),融资融券余额(元)
2017-07-12,30228036,1077036136,142000,783094,5904529,1082940665
2017-07-13,15531185,1075808727,140000,713907,5375720,1081184447
2017-07-14,16699820,1073376658,34400,632404,4736706,1078113364
2017-07-17,44213292,1055534931,79540,490544,3306266,1058841197
2017-07-18,20661040,1043060885,263500,616204,4134729,1047195614
2017-07-19,24450167,1036794074,106100,684404,4599195,1041393269
2017-07-20,15343138,1027880210,117400,709604,4747251,1032627461
2017-07-21,12533279,1025952964,236813,842917,5596969,1031549933
2017-07-24,19833160,1031160178,218700,808717,5418403,1036578581
2017-07-25,10359500,1024639541,94300,671517,4492449,1029131990
2017-07-26,12982448,1021481253,308300,902617,6011430,1027492683
2017-07-27,80568819,1024459960,257700,824565,6019324,1030479284
2017-07-28,53361782,1010092524,225400,927175,6694204,1016786728
2017-07-31,44676684,1012750380,206500,886632,6543344,1019293724
2017-08-01,36849440,1017446113,179750,1013582,7378877,1024824990
2017-08-02,35958368,1022381456,46800,903132,6538676,1028920132
2017-08-03,41078290,1022508841,117100,982732,7203426,1029712267
2017-08-04,28589171,1021523940,78600,939932,6767510,1028291450
2017-08-07,19551180,1011193565,165600,1050632,7669614,1018863179
2017-08-08,43151401,1006241717,91600,1057732,7911835,1014153552
2017-08-09,27760727,997552534,13400,1024732,7583017,1005135551
2017-08-10,39400819,1000600622,40900,827332,5915424,1006516046
2017-08-11,15180413,995614497,38300,806932,5745356,1001359853
2017-08-14,35106443,999138373,229400,1011332,7473743,1006612116
2017-08-15,30392564,1002623378,80900,916932,6858651,1009482029
2017-08-16,81962715,1011133106,234900,1115732,8646923,1019780029
2017-08-17,54340270,1002311408,71400,1072232,8384854,1010696262
2017-08-18,30051924,991529099,71400,1027132,7919188,999448287
2017-08-21,25336141,998161115,40500,1048532,8105152,1006266267
2017-08-22,25893803,998857642,43800,984832,7484723,1006342365
2017-08-23,23944669,1003157170,69900,987432,7474860,1010632030
2017-08-24,23696139,999810041,29000,935232,6939421,1006749462
2017-08-25,20732948,992372921,184300,1015932,7802358,1000175279
2017-08-28,42295902,992074183,66400,987632,7673901,999748084
2017-08-29,22251379,982226203,29600,906332,6969693,989195896
2017-08-30,44333764,977998675,154500,1034832,8133780,986132455
2017-08-31,37963638,973113245,20900,956032,7629135,980742380
2017-09-01,53168873,986658315,58200,954632,7761158,994419473
2017-09-04,82956933,1000804684,173900,1047532,8809744,1009614428
2017-09-05,68895365,1018698958,24100,918832,7635494,1026334452
2017-09-06,49029180,1023953965,222800,1054132,8802002,1032755967
2017-09-07,50513888,1028840666,28100,874132,7106693,1035947359
2017-09-08,31082316,1020892024,224400,1071032,8846724,1029738748
2017-09-11,30377970,1024762274,83600,1005432,8304868,1033067142
2017-09-12,44658176,995002147,144700,1053632,8650319,1003652466
2017-09-13,27499663,1001617040,33890,1070022,8752780,1010369820
2017-09-14,22432919,999465148,85700,1111722,9038300,1008503448
2017-09-15,21433158,1000151140,40000,913732,7401229,1007552369
2017-09-18,24081302,1006470452,104548,920280,7481876,1013952328
2017-09-19,30758743,1008672785,196400,1069780,8729405,1017402190
2017-09-20,31733726,1008837548,54200,883880,7194783,1016032331
2017-09-21,80287950,1013968080,219100,1066880,8844435,1022812515
2017-09-22,39554426,1003643886,60000,732180,5908693,1009552579
2017-09-25,34911019,999401232,174600,747536,5815830,1005217062
2017-09-26,21068838,996688105,187100,746236,5835566,1002523671
2017-09-27,12536783,994516069,104100,832736,6511996,1001028065
2017-09-28,19290366,996379456,7100,614636,4732697,1001112153
2017-09-29,16726991,982973409,52000,619636,4777394,987750803
2017-10-09,34853853,993594640,220500,801036,6352215,999946855
2017-10-10,152910832,1031576140,359200,1056256,9210552,1040786692
2017-10-11,202472628,1043560243,85000,946956,8124882,1051685125
2017-10-12,81373597,1050803936,58300,914856,7776276,1058580212
2017-10-13,59522075,1050035017,193900,1061256,9020676,1059055693
2017-10-16,83669335,1049225186,106400,1016856,8216196,1057441382
2017-10-17,27442493,1039661045,29500,830456,6651953,1046312998
2017-10-18,75636149,1036959550,404900,1142756,9370599,1046330149
2017-10-19,80734639,1047841733,92500,986756,8180207,1056021940
2017-10-20,39205816,1033425171,116326,995982,8216851,1041642022
2017-10-23,28179912,1035509102,29600,919956,7562038,1043071140
2017-10-24,38579132,1014063628,54100,887656,7083495,1021147123
2017-10-25,24193194,1015045950,228700,1033156,8337569,1023383519
2017-10-26,34893220,1018442951,39800,994456,7985482,1026428433
2017-10-27,16868483,1014712363,48700,970136,7693178,1022405541
2017-10-30,45904567,1006540981,136656,1015392,7493593,1014034574
2017-10-31,16241536,1000837154,108600,859936,6346328,1007183482
2017-11-01,15070889,991390174,148730,993866,7275099,998665273
2017-11-02,15343711,988091535,92600,899536,6521636,994613171
2017-11-03,16884103,988029029,168414,956548,6877580,994906609
2017-11-06,19755111,987824380,65240,816098,5941194,993765574
2017-11-07,23945370,986704177,184500,923098,6821694,993525871
2017-11-08,21863206,984830816,194200,1085184,8019510,992850326
2017-11-09,20112592,992241307,84500,1150784,8561833,1000803140
2017-11-10,16442932,988791543,13300,1076484,7987511,996779054
2017-11-13,45776209,989537800,145100,1174984,9094376,998632176
2017-11-14,32669221,978841299,0,1033584,7803559,986644858
2017-11-15,22337203,980756530,48900,1049684,7788655,988545185
2017-11-16,22216801,984663690,144700,1098444,8040610,992704300
2017-11-17,28470365,972783149,101268,956966,6660483,979443632
2017-11-20,20523314,977916494,188191,800983,5686979,983603473
2017-11-21,9099481,975913409,21550,748833,5279272,981192681
2017-11-22,15335506,979753488,139700,803233,5646728,985400216
2017-11-23,10657910,976362823,169840,838319,5784401,982147224
2017-11-24,9357261,971178267,99300,832969,5797464,976975731
2017-11-27,12792732,970710907,64100,733969,5071726,975782633
2017-11-28,14696513,969545649,365600,1021669,7202766,976748415
2017-11-29,12679182,970706568,234900,935769,6587814,977294382
2017-11-30,7483401,968398892,57500,902069,6287421,974686313
2017-12-01,18218738,965274147,199100,1000169,7091198,972365345
2017-12-04,10839703,960218439,91630,944099,6533166,966751605
2017-12-05,18443454,956620668,79500,713437,4780028,961400696
2017-12-06,13741902,957660998,133400,656999,4474163,962135161
2017-12-07,12374910,955775267,39800,641799,4377069,960152336
2017-12-08,15185254,951607298,297055,818054,5644572,957251870
2017-12-11,15120909,945088292,406926,1083780,7651487,952739779
2017-12-12,9237615,945025393,57650,950612,6654284,951679677
2017-12-13,8477360,942557050,217558,1078408,7624345,950181395
2017-12-14,7493895,940674154,32500,1000408,7042873,947717027
2017-12-15,23454722,943609618,219700,1174508,8339007,951948625
2017-12-18,10950390,942549839,27900,823830,5725619,948275458
2017-12-19,11759549,940586190,419300,1200730,8537190,949123380
2017-12-20,7289402,930979054,900,954450,6633428,937612482
2017-12-21,10618754,930529010,100500,972950,6781462,937310472
2017-12-22,6735354,922226369,24500,892550,6167521,928393890
2017-12-25,15124984,921374728,149200,873850,5819841,927194569
2017-12-26,7653320,923224060,272200,1113950,7496884,930720944
2017-12-27,11942943,915092161,72200,1083906,7197136,922289297
2017-12-28,13199105,919477773,4000,987806,6539276,926017049
2017-12-29,10175329,921902360,142200,916906,6152439,928054799
2018-01-02,7564887,920980198,172400,918906,6257750,927237948
2018-01-03,11291923,918930161,145300,1018206,7025621,925955782
2018-01-04,10010411,919606577,54010,932616,6369767,925976344
2018-01-05,8254919,918837483,44500,862416,5898925,924736408
2018-01-08,15686581,920367908,90300,876116,5940066,926307974
2018-01-09,12072602,925097736,70192,940308,6337676,931435412
2018-01-10,14102345,922647366,100700,917408,6284245,928931611
2018-01-11,37194666,932712474,248700,1018496,7139657,939852131
2018-01-12,19527051,932406253,8800,743788,5102385,937508638
2018-01-15,19509780,933031910,188800,861778,5765295,938797205
2018-01-16,9914109,925399424,84000,715038,4797905,930197329
2018-01-17,15346596,922985576,47000,661638,4459440,927445016
2018-01-18,7752473,919827739,7700,629747,4213007,924040746
2018-01-19,8884228,919133864,39000,386638,2594341,921728205
2018-01-22,26548784,919741965,146700,451338,3114232,922856197
2018-01-23,23268262,918376257,27800,419238,2922089,921298346
2018-01-24,62845832,902137811,262400,606238,4564972,906702783
2018-01-25,67020178,881973113,558000,877912,6733585,888706698
2018-01-26,27081924,867791822,95685,588697,4556515,872348337
2018-01-29,25177635,855228852,121770,567967,4447182,859676034
2018-01-30,17375456,842188836,98100,481128,3752798,845941634
2018-01-31,31487841,836022111,351820,728348,5637414,841659525
2018-02-01,68042762,818901293,733730,1317178,10603283,829504576
2018-02-02,88719375,823075658,386900,1308178,11027941,834103599
2018-02-05,55310719,827603495,306200,1261778,10346580,837950075
2018-02-06,69128288,830919949,728000,1436578,11665013,842584962
2018-02-07,84035106,829978187,741840,1537598,13023455,843001642
2018-02-08,52770868,819646280,697226,1606824,13577663,833223943
2018-02-09,59325727,785493095,782549,1568212,12310464,797803559
2018-02-12,94517106,836495851,538700,1608415,13896706,850392557
2018-02-13,95021755,847486079,424600,1536315,12874319,860360398
2018-02-14,53894610,804706092,240333,1221448,10138018,814844110
2018-02-22,105433395,805300225,1335600,2206867,19707322,825007547
2018-02-23,61619932,785340555,184300,2132517,18595548,803936103
2018-02-26,88027874,796583814,390300,2213317,20030519,816614333
2018-02-27,113569298,822367623,297700,1648617,15134304,837501927
2018-02-28,51216300,809068582,600400,2003317,18450549,827519131
2018-03-01,69962006,805129195,508000,2093217,19362257,824491452
2018-03-02,76716063,810658152,406100,2290517,21278903,831937055
2018-03-05,59305060,801439798,283300,2013917,18850263,820290061
2018-03-06,61669603,807220884,165700,1897117,17396563,824617447
2018-03-07,55876362,827526824,561915,2107712,18990485,846517309
2018-03-08,54905163,838335232,159900,1782367,15880890,854216122
2018-03-09,99184605,841814114,710600,2108367,19881901,861696015
2018-03-12,162389040,890141958,165658,1947715,18152704,908294662
2018-03-13,68482625,895442044,322500,2067507,19083089,914525133
2018-03-14,41935566,890382653,350500,1948139,17650139,908032792
2018-03-15,48901782,887913144,554900,2080039,19240361,907153505
2018-03-16,81901082,859301678,496200,2139239,20237201,879538879
2018-03-19,245344071,927926465,625100,2428139,24985551,952912016
2018-03-20,144109698,962959177,250400,2396713,24829946,987789123
2018-03-21,110840497,955395047,87300,2164007,21640070,977035117
2018-03-22,78348665,926216169,288500,2270207,22633964,948850133
2018-03-23,90507179,900356527,379700,2233907,21869950,922226477
2018-03-26,184978715,971150601,562200,2607507,28082851,999233452
2018-03-27,240355619,932010924,188600,2410507,28564508,960575432
2018-03-28,352232899,1015351804,340300,2424707,27738648,1043090452
2018-03-29,217617494,1022926287,265000,2299407,26811085,1049737372
2018-03-30,247249041,1052752704,480200,2485807,30550568,1083303272
2018-04-02,209332789,1065439485,217100,2453107,29412753,1094852238
2018-04-03,157641385,1069736343,215000,2411207,28066450,1097802793
2018-04-04,129616487,1054054903,195150,2246057,25829655,1079884558
2018-04-09,109615303,1049281738,467310,2534294,29727268,1079009006
2018-04-10,111041987,1042688759,249200,2361994,28060489,1070749248
2018-04-11,198370527,1081427306,393100,2648194,31910738,1113338044
2018-04-12,84378888,1037085934,116500,2565494,30272829,1067358763
2018-04-13,199696114,1077038866,291900,2648324,31250223,1108289089
2018-04-16,193073430,1055088275,324788,2714612,33878358,1088966633
2018-04-17,185802780,1029602010,280360,2649172,32266915,1061868925
2018-04-18,242219728,1033437799,847930,3014202,39908034,1073345833
2018-04-19,185693172,1009645053,397230,2783202,36432114,1046077167
2018-04-20,150716428,972661039,747000,3436802,45400154,1018061193
2018-04-23,160211226,947124717,200500,2749302,33871401,980996118
2018-04-24,175090810,961678676,1228334,3783136,51261493,1012940169
2018-04-25,188298546,988571875,229200,3167236,42440962,1031012837
2018-04-26,132210738,985643416,169754,3089290,40624164,1026267580
2018-04-27,110528205,944178290,703304,3464752,46046554,990224844
2018-05-02,159683771,999261259,278400,3049955,38856427,1038117686
2018-05-03,125125568,981104193,771900,3158575,40050731,1021154924
2018-05-04,94489920,978853568,182900,2689975,32925294,1011778862
2018-05-07,103352833,982716691,1034619,3454158,44834971,1027551662
2018-05-08,111094468,994392118,143000,2846494,36947492,1031339610
2018-05-09,105315157,993622756,213000,2994394,39316393,1032939149
2018-05-10,90527115,1003131770,161100,2909564,37998906,1041130676
2018-05-11,96569616,968539038,388100,2894344,36150357,1004689395
2018-05-14,103577081,963512706,173895,2659869,31519448,995032154
2018-05-15,133376787,977311439,998296,3509235,44391823,1021703262
2018-05-16,78420559,971245353,89872,3213398,39492661,1010738014
2018-05-17,64452846,984221354,133000,3064998,37239726,1021461080
2018-05-18,92853077,983399754,410500,3262226,40582091,1023981845
2018-05-21,186489428,968588424,602800,3469239,46557187,1015145611
2018-05-22,126321417,965293898,158100,3408839,46189768,1011483666
2018-05-23,163875037,986424097,256520,3503759,47090521,1033514618
2018-05-24,158381605,1011228324,374600,3749159,51700903,1062929227
2018-05-25,121302496,1003280720,134100,3621459,47368684,1050649404
2018-05-28,76343606,998308561,149000,3599373,48051630,1046360191
2018-05-29,107206658,998645198,175600,3542939,44711890,1043357088
2018-05-30,131825483,935313706,459600,3882039,51359376,986673082
2018-05-31,122171389,961610040,31100,3804339,50255318,1011865358
2018-06-01,127520804,1000069814,104000,3747439,50290631,1050360445
2018-06-04,0,968259427,0,3647344,48947356,1017206783
2018-06-05,0,956276392,0,3516944,47197388,1003473780
2018-06-06,0,939754145,0,3330144,44690532,984444677
2018-06-07,0,934342510,0,3284844,44082606,978425116
2018-06-08,0,892881126,0,3135844,42083026,934964152
2018-06-11,0,882245969,0,2985744,40068684,922314653
2018-06-12,0,876622655,0,2980752,40001692,916624347
2018-06-13,0,871730136,0,2980152,39993640,911723776
2018-06-14,0,866826855,0,2950092,39590235,906417090
2018-06-15,0,862878034,0,2950092,39590235,902468269
2018-06-19,15755944,856019603,0,2586046,31239436,887259039
2018-06-20,148887122,876700172,541898,2454244,27487533,904187705
2018-06-21,85075259,865204699,258800,2634444,29505773,894710472
2018-06-22,63425208,869249256,221510,2608654,29764742,899013998
2018-06-25,89843124,877715905,397500,2787654,29827898,907543803
2018-06-26,70968485,863807044,362100,3038124,34421945,898228989
2018-06-27,40373664,847927540,55000,2942224,32894064,880821604
2018-06-28,37755480,827785553,101600,2990324,33671048,861456601
2018-06-29,130342939,874146885,237000,3114724,38591430,912738315
2018-07-02,111801646,829210968,101800,3151924,39714242,868925210
2018-07-03,122238635,855061343,107500,3159324,41924229,896985572
2018-07-04,73683555,823966003,83000,3179224,41202743,865168746
2018-07-05,84902033,815746236,94100,3145224,40195963,855942199
2018-07-06,122391867,829024117,48918,2966342,37583553,866607670
2018-07-09,102905113,841906338,250410,3191824,41876731,883783069
2018-07-10,57328020,836744630,46000,3099224,40382889,877127519
2018-07-11,85731069,827441627,116600,3157824,41241181,868682808
2018-07-12,158117489,894879535,123300,3255724,43626702,938506237
2018-07-13,85835058,850694606,14600,3200424,42213593,892908199
2018-07-16,96749568,882333550,37400,3118024,40409591,922743141
2018-07-17,48446431,862508997,15500,2820624,36583493,899092490
2018-07-18,62546100,869605370,221200,2940024,37044302,906649672
2018-07-19,74326451,851234995,233075,3007999,35855348,887090343
2018-07-20,102644327,863552971,273600,3205424,40612722,904165693
2018-07-23,79632093,826842415,85800,3020924,39845988,866688403
2018-07-24,72571605,823138950,96900,3053220,40302504,863441454
2018-07-25,132703414,861031168,188200,3168320,42930736,903961904
2018-07-26,90616817,872413502,79500,3014024,39694696,912108198
2018-07-27,50020990,842222090,58272,2943196,37319725,879541815
2018-07-30,55754661,847287121,163500,2987196,38236109,885523230
2018-07-31,56982023,854226785,140500,2995924,37449050,891675835
2018-08-01,39348706,834391389,130500,2928424,36107468,870498857
2018-08-02,48676760,824777671,204600,2883024,35749498,860527169
2018-08-03,42231850,822000516,177136,2758427,32687360,854687876
2018-08-06,41886594,828506573,184800,2791481,32213691,860720264
2018-08-07,49808532,837852450,280400,2566914,31110998,868963448
2018-08-08,32680012,825475809,240700,2660414,31180052,856655861
2018-08-09,97493253,856741221,533000,3005514,37899532,894640753
2018-08-10,55417181,828520282,158300,2845414,36335937,864856219
2018-08-13,105286364,833638324,359100,2926114,38975838,872614162
2018-08-14,80649555,826593533,222300,3013714,40383768,866977301
2018-08-15,89769958,843759196,153300,2827414,36841204,880600400
2018-08-16,60307956,823859526,255900,2934114,37556659,861416185
2018-08-17,77933696,840581720,129800,2804514,35617328,876199048
2018-08-20,96985131,869601626,303500,2776814,33960435,903562061
2018-08-21,57002932,868114233,283200,2894214,35251527,903365760
2018-08-22,34401915,845073389,129788,2792402,33592596,878665985
2018-08-23,58462707,828575050,408700,2913302,35746216,864321266
2018-08-24,43489772,825374723,119600,2787702,34009964,859384687
2018-08-27,91448142,848679601,426000,3000314,39334117,888013718
2018-08-28,88624418,856143908,228200,3043797,40421624,896565532
2018-08-29,69314105,859608294,139900,2936697,38323896,897932190
2018-08-30,62732254,875005490,84794,2792108,36101956,911107446
2018-08-31,60302863,877931153,113800,2775208,35522662,913453815
2018-09-03,128916998,893759931,535600,3245508,45696753,939456684
2018-09-04,289326738,957252412,71700,3094608,47935478,1005187890
2018-09-05,229967464,1002023184,117300,3112408,46779492,1048802676
2018-09-06,271014475,1010741929,66500,3121008,46908750,1057650679
2018-09-07,290483779,1009096371,34000,3068508,43756924,1052853295
2018-09-10,196857563,1041037570,121000,3059108,42185099,1083222669
2018-09-11,139659076,999565190,148404,3204712,45506910,1045072100
2018-09-12,161295581,991356615,67100,3226512,46848954,1038205569
2018-09-13,152867166,985342875,42000,3244212,47008632,1032351507
2018-09-14,114117321,973821329,67500,3124912,43436277,1017257606
2018-09-17,112203015,979819573,142200,3210312,45554327,1025373900
2018-09-18,147391045,1009593639,97700,3235998,46695451,1056289090
2018-09-19,146415924,992911903,39400,3254098,47216962,1040128865
2018-09-20,88996357,1004691379,35900,3277998,47039271,1051730650
2018-09-21,184870989,993584496,56900,3123598,46822734,1040407230
2018-09-25,115575331,985750291,140500,2915898,43388563,1029138854
2018-09-26,128195723,1001417992,268100,2957898,43362785,1044780777
2018-09-27,83611160,995230433,109400,2754098,39576388,1034806821
2018-09-28,121054825,976956654,259342,2680640,38654829,1015611483
2018-10-08,92850913,997508287,172320,2587518,35241994,1032750281
2018-10-09,99560500,999411423,298500,2689918,35722111,1035133534
2018-10-10,59210462,990961135,314000,2801598,37485382,1028446517
2018-10-11,94604211,945684379,159200,2644788,31843247,977527626
2018-10-12,79066456,917407781,460200,2851771,34934195,952341976
2018-10-15,61094333,920827045,125100,2829471,34180010,955007055
2018-10-16,72132771,904863623,178300,2789905,32362898,937226521
2018-10-17,101073311,905716949,532900,3109005,38334031,944050980
2018-10-18,56567726,854850882,189000,3091405,37467828,892318710
2018-10-19,159084511,883029242,345300,3350705,44195799,927225041
2018-10-22,145105561,828292176,89300,3204605,43838996,872131172
2018-10-23,82152760,826205394,142900,3146811,43079842,869285236
2018-10-24,59005798,820813383,91137,3160948,42799235,863612618
2018-10-25,68096426,789685478,176200,3132848,42700718,832386196
2018-10-26,72670590,804132306,152200,3165648,41659928,845792234
2018-10-29,42684753,795660515,112000,3155848,40331738,835992253
2018-10-30,54595803,781931717,323500,3356748,42798537,824730254
2018-10-31,64481529,801120991,39000,3341948,42910612,844031603
2018-11-01,99748429,814803126,85200,3134473,40998907,855802033
2018-11-02,101294114,821304371,86800,3175673,42903342,864207713
2018-11-05,145032517,839506714,148300,3020773,42411653,881918367
2018-11-06,66849542,802188817,159091,3112164,43041228,845230045
2018-11-07,81060975,787651814,76382,3136046,42242540,829894354
2018-11-08,53257800,783377855,16300,3043146,40473841,823851696
2018-11-09,60801122,788963471,68506,3068452,41117257,830080728
2018-11-12,131580290,802005906,172600,3025252,43593881,845599787
2018-11-13,107486480,800085988,64426,2867878,40981977,841067965
2018-11-14,79375602,808640590,60426,2877504,40285056,848925646
2018-11-15,88930801,808495572,93900,2930104,41783283,850278855
2018-11-16,100310636,812460206,20000,2873704,40547964,853008170
2018-11-19,87675801,814274298,14100,2733304,37664929,851939227
2018-11-20,80979528,846467444,167900,2846204,39021457,885488901
2018-11-21,119502069,843568012,221658,2564926,32856702,876424714
2018-11-22,38079632,816226429,72862,2618388,33436814,849663243
2018-11-23,61809064,816933505,114400,2506603,30555490,847488995
2018-11-26,27559434,800028304,229183,2653786,32721182,832749486
2018-11-27,48566369,813627668,201900,2661603,33536198,847163866
2018-11-28,34988329,805026586,171200,2492614,31382010,836408596
2018-11-29,33309813,792087744,152803,2316617,27822570,819910314
2018-11-30,44439588,787135675,423000,2543988,30909455,818045130
2018-12-03,90265452,814491792,253700,2647780,34023973,848515765
2018-12-04,55166501,803133681,243000,2782380,35113636,838247317
2018-12-05,57568056,808438660,70382,2714174,33520049,841958709
2018-12-06,42925670,815223766,30800,2699374,32608437,847832203
2018-12-07,36680352,816519291,77600,2772974,33830283,850349574
2018-12-10,55737870,798263383,135500,2881874,36513343,834776726
2018-12-11,28453772,794408368,15800,2878074,36465197,830873565
2018-12-12,31599281,798674245,3300,2879774,36141164,834815409
2018-12-13,35320790,784517526,154900,2984774,37488761,822006287
2018-12-14,23533000,775005673,44500,2518274,30647395,805653068
2018-12-17,24085285,777781401,47900,2494974,30363834,808145235
2018-12-18,38033707,774209224,316300,2781899,34133901,808343125
2018-12-19,40734496,775254460,41600,2744399,32740680,807995140
2018-12-20,27808450,783137271,28100,2688499,32154448,815291719
2018-12-21,33008955,763457215,202900,2738699,33658610,797115825
2018-12-24,20204595,760969219,68800,2765599,34404052,795373271
2018-12-25,37236259,761959589,303300,3008899,37581149,799540738
2018-12-26,21555366,757561137,32900,2833699,34797824,792358961
2018-12-27,30106261,744530419,227400,2953899,36332957,780863376
2018-12-28,27808357,731208135,235800,2940599,36639863,767847998
2019-01-02,26998237,734688544,88200,2821699,34057907,768746451
2019-01-03,33687380,738868557,53600,2787899,33008724,771877281
2019-01-04,51678956,756796850,43400,2613499,31597203,788394053
2019-01-07,35398670,750376507,122173,2594072,31673619,782050126
2019-01-08,35096088,755066110,49100,2494972,29590367,784656477
2019-01-09,42221404,749428773,12100,2265572,27209520,776638293
2019-01-10,83271774,762047847,447709,2373681,26466543,788514390
2019-01-11,71423416,741822779,532154,2627666,26933577,768756356
2019-01-14,16014165,715675839,461100,2717966,28457104,744132943
2019-01-15,15828956,695958486,23000,2706766,28827058,724785544
2019-01-16,26600562,688215477,66400,2740466,28911916,717127393
2019-01-17,20084508,689192085,47900,2059966,21341247,710533332
2019-01-18,21777721,689360904,32300,1899572,20021489,709382393
2019-01-21,30719021,701893319,232200,1888572,19660034,721553353
2019-01-22,38936805,704463116,316471,1939685,19280469,723743585
2019-01-23,21009727,701296675,102000,1945188,19451880,720748555
2019-01-24,22872549,692215861,33000,1947688,19846940,712062801
2019-01-25,13640832,678102019,46100,1898788,19158771,697260790
2019-01-28,20796550,674204902,184200,1956188,19796622,694001524
2019-01-29,40308918,684026984,77714,1846271,18259619,702286603
2019-01-30,54329433,681769020,315900,2006507,20707152,702476172
2019-01-31,31460533,673731056,529330,1826137,18535291,692266347
2019-02-01,23365482,631369622,34400,1135067,12043061,643412683
2019-02-11,29141942,625989159,1071000,2178467,24442400,650431559
2019-02-12,34089492,620412548,326500,2356167,26365509,646778057
2019-02-13,35183894,613745734,438734,2324652,26524279,640270013
2019-02-14,42596053,614253722,314850,2440202,28379549,642633271
2019-02-15,26692187,616447260,133338,2136509,24334838,640782098
2019-02-18,44114211,626613941,328610,2257919,26824078,653438019
2019-02-19,61592822,642932817,414000,2352519,27689149,670621966
2019-02-20,65499843,668911899,209800,2099081,24097450,693009349
2019-02-21,53188740,676563940,329700,2198281,24840575,701404515
2019-02-22,62093489,673229609,404572,2272734,26704625,699934234
2019-02-25,211603733,728596525,409400,2151153,27814408,756410933
2019-02-26,206028725,820037821,445000,2240753,28905714,848943535
2019-02-27,156263946,895012412,98900,2072053,26087147,921099559
2019-02-28,80731812,884670156,316700,2194053,28281343,912951499
2019-03-01,65965693,867194902,134110,2056363,26444829,893639731
2019-03-04,155308562,812256517,729555,2457818,32738136,844994653
2019-03-05,164721062,826573985,527200,2559563,34886844,861460829
2019-03-06,152482066,848048616,407700,2365953,32200620,880249236
2019-03-07,288287903,976047660,628200,2550887,36222595,1012270255
2019-03-08,252514618,936491889,358100,2161787,30740611,967232500
2019-03-11,211606057,904106677,822900,2723587,40281852,944388529
2019-03-12,265132281,877043097,288100,2644287,41515305,918558402
2019-03-13,213187776,931248107,144743,2139240,30912018,962160125
2019-03-14,127086585,937091999,537227,2023907,27990633,965082632
2019-03-15,79640848,907890913,333900,2095650,28857101,936748014
2019-03-18,126519561,912963533,891800,2651280,38045868,951009401
2019-03-19,121573037,919226846,294800,2770380,39699545,958926391
2019-03-20,132751915,923991361,196400,2620380,38388567,962379928
2019-03-21,175654898,920545209,212500,2673780,39759109,960304318
2019-03-22,161905942,941244882,159700,2602980,38836462,980081344
2019-03-25,187651202,958309291,372589,2691569,40911848,999221139
2019-03-26,154066957,950360708,196320,2563100,36139710,986500418
2019-03-27,56529312,907510391,177500,2633200,37338777,944849168
2019-03-28,65560344,885794499,213171,2630329,36929820,922724319
2019-03-29,98068747,890774095,191125,2228583,32537312,923311407
2019-04-01,175938849,912443984,686500,2731983,42181817,954625801
2019-04-02,195688739,862873270,271900,2799921,45134727,908007997
2019-04-03,168672052,894336881,198185,2836506,46235049,940571930
2019-04-04,163857245,907960561,171397,2649503,42339058,950299619
2019-04-08,177578443,956241584,152300,2514101,39069130,995310714
2019-04-09,91966245,945525030,337676,2656280,41517657,987042687
2019-04-10,132818835,985387755,343000,2765604,43419984,1028807739
2019-04-11,137830410,1017207340,163013,2385574,35545053,1052752393
2019-04-12,65174314,1023013866,135450,2215924,33039426,1056053292
2019-04-15,85338288,1009241798,386232,2174656,31402032,1040643830
2019-04-16,87604792,1026125087,283300,2102269,31302786,1057427873
2019-04-17,66556254,1011493176,402718,2206658,32305473,1043798649
2019-04-18,73515580,1035562650,338600,2202760,31565551,1067128201
2019-04-19,66519305,1039991847,198700,2097078,30344719,1070336566
2019-04-22,95866506,1069571345,560500,1782860,24870897,1094442242
2019-04-23,49489193,1070067863,578700,2045524,28555516,1098623379
2019-04-24,86678621,1063540791,901442,2411764,35067049,1098607840
2019-04-25,70187670,1055132035,436000,1884826,26368716,1081500751
2019-04-26,92729438,1048195244,933800,2589226,36767010,1084962254
2019-04-29,110547656,1046005885,385900,2275698,32314912,1078320797
2019-04-30,83921428,1015628980,270100,1882526,26280063,1041909043
2019-05-06,64189768,1000792470,283400,1280626,16084663,1016877133
2019-05-07,59986097,992973515,660270,1626296,20231122,1013204637
2019-05-08,32442790,969950100,608900,1831126,22559472,992509572
2019-05-09,27851651,958513016,499630,1671022,20536861,979049877
2019-05-10,59646032,958027482,1345317,2730439,35495707,993523189
2019-05-13,41861414,956912927,155900,2485139,32182550,989095477
2019-05-14,18531005,944823432,262600,2358396,30211053,975034485
2019-05-15,40940726,953121445,181700,2277774,29360507,982481952
2019-05-16,41271867,965713728,272500,1798884,22737893,988451621
2019-05-17,28666667,948627417,205500,1606942,19492207,968119624
2019-05-20,35905187,957194669,585500,1854942,22834336,980029005
2019-05-21,33973089,954378883,957900,2605142,32616377,986995260
2019-05-22,27853918,945136968,200800,2451842,30795135,975932103
2019-05-23,26484754,945982271,257368,2001680,24380462,970362733
2019-05-24,14622442,938479401,612900,2278438,27819728,966299129
2019-05-27,47918783,933406899,672790,2585828,32969307,966376206
2019-05-28,42227529,932020011,204400,2639660,33919631,965939642
2019-05-29,40334066,947765851,81133,2382493,30067062,977832913
2019-05-30,26627530,940828309,414400,2440260,30186016,971014325
2019-05-31,28180615,944728665,270700,1902560,23211232,967939897
2019-06-03,27795769,943006904,879500,2195760,26810230,969817134
2019-06-04,31592836,943635139,600100,2251460,27152608,970787747
2019-06-05,25544898,935305142,492856,2497498,30344601,965649743
2019-06-06,31630053,913805889,425800,2682998,33403326,947209215
2019-06-10,27170260,914949446,75200,2314603,28932538,943881984
2019-06-11,80021279,935056910,547500,2429820,31587660,966644570
2019-06-12,37651883,925546981,208100,2301744,29393270,954940251
2019-06-13,45992911,929346375,262400,2304944,29710729,959057104
2019-06-14,30287526,916686827,279600,2234944,28182644,944869471
2019-06-17,25405291,913642372,567400,2485244,31587451,945229823
2019-06-18,34222980,914377360,420100,2597844,33252403,947629763
2019-06-19,40410836,893837141,127600,2481044,32179141,926016282
2019-06-20,47199182,870192841,386709,2267253,30811968,901004809
2019-06-21,45535594,824766769,615500,2709553,38611130,863377899
2019-06-24,45231991,836658190,63359,2527512,35789570,872447760
2019-06-25,49011027,839745270,314484,2667096,37846092,877591362
2019-06-26,41233413,853125654,175000,2551696,36132016,889257670
2019-06-27,42297621,851010174,247200,2710996,38414813,889424987
2019-06-28,33090976,840602402,112200,2399412,34023663,874626065
2019-07-01,58962499,815634189,423577,2644196,39239868,854874057
2019-07-02,36836980,817538695,91800,2483171,36502614,854041309
2019-07-03,48140766,826589534,145100,2447071,35115469,861705003
2019-07-04,36697300,818554630,229127,2457798,34925309,853479939
2019-07-05,15586320,796846106,360642,2646140,38236724,835082830
2019-07-08,23527112,792815231,151800,2566724,36165141,828980372
2019-07-09,28985281,799323237,91600,2311072,32355008,831678245
2019-07-10,25289469,803197616,305200,2516372,35405353,838602969
2019-07-11,25507829,798719754,253700,2586445,36468874,835188628
2019-07-12,72443794,801178107,207100,1927445,25249529,826427636
2019-07-15,81394795,797653618,1080495,2819119,40623505,838277123
2019-07-16,75667374,812090231,99129,2668048,38339850,850430081
2019-07-17,69276100,831425820,43200,2452648,34263493,865689313
2019-07-18,41142492,834436776,86600,2176948,29541184,863977960
2019-07-19,44148215,847762269,170300,2215148,29993104,877755373
2019-07-22,35676724,850363598,224147,1862995,24666055,875029653
2019-07-23,23692665,844290227,482800,2268895,30630083,874920310
2019-07-24,49750399,852503190,181464,2196698,29875092,882378282
2019-07-25,38749493,863645233,152485,1887783,25522825,889168058
2019-07-26,38494086,849259225,211500,1942034,26081516,875340741
2019-07-29,34050502,854286605,40200,1786934,23766222,878052827
2019-07-30,44444923,838610886,341500,2078734,28374719,866985605
2019-07-31,22620170,830273472,283700,2205051,30275351,860548823
2019-08-01,48285722,829917160,565200,2653634,37257021,867174181
2019-08-02,64665271,824495971,240600,2388734,33681149,858177120
2019-08-05,75755585,855228064,388974,2538308,35282481,890510545
2019-08-06,62469103,853483541,347500,2357108,33117367,886600908
2019-08-07,34529867,850954709,283700,2460308,33976853,884931562
2019-08-08,33365973,851556128,152800,2255308,31303675,882859803
2019-08-09,29797351,840763145,197611,1957619,26545314,867308459
2019-08-12,39917810,839344849,558600,2366235,33529550,872874399
2019-08-13,62578403,873083348,200700,2068108,28684659,901768007
2019-08-14,78891231,887772725,510701,2226915,31622193,919394918
2019-08-15,135816349,884629074,729600,2616814,39069033,923698107
2019-08-16,104992531,876151339,235700,2657114,39723855,915875194
2019-08-19,112809199,874911602,163297,2568511,39246848,914158450
2019-08-20,98686488,867673645,192900,2497307,38758204,906431849
2019-08-21,59605995,813622034,76800,2414607,36726172,850348206
2019-08-22,81905266,844239404,147700,2453007,37236647,881476051
2019-08-23,51832197,829793520,205100,2423307,36640401,866433921
2019-08-26,51675970,843173995,163000,2316707,34611603,877785598
2019-08-27,84581645,828238482,548300,2585207,40174117,868412599
2019-08-28,51244747,805280721,75000,2414643,36919892,842200613
2019-08-29,67662425,817351869,350500,2420243,36811896,854163765
2019-08-30,99342154,839553964,371608,2248201,32913663,872467627
2019-09-02,58506492,804637342,772300,2653451,40942749,845580091
2019-09-03,58272436,800260561,63100,2503051,38797292,839057853
2019-09-04,76086137,820106421,292300,2468744,38191470,858297891
2019-09-05,137205234,850021969,365811,2479555,39176970,889198939
2019-09-06,69528568,847203647,233500,2445355,38612156,885815803
2019-09-09,96629784,836582843,521600,2783455,46205353,882788196
2019-09-10,100116309,859961694,132600,2473455,40045237,900006931
2019-09-11,71068574,863390679,124500,2231655,35193199,898583878
2019-09-12,42476974,854804131,85910,2013065,31927211,886731342
2019-09-16,65546008,867254773,125500,2073365,32510363,899765136
2019-09-17,56350172,872949320,108100,1963425,30217111,903166431
2019-09-18,40307390,873373984,177400,1931065,29622537,902996521
2019-09-19,47023189,877640367,316700,2143555,33760991,911401358
2019-09-20,47998554,881475955,63600,2014755,31410030,912885985
2019-09-23,74319550,902928898,156800,1610755,24161325,927090223
2019-09-24,38678415,868945306,572400,2118555,32371520,901316826
2019-09-25,35340483,848780856,346000,2183955,33392672,882173528
2019-09-26,48467832,831176383,496300,2191655,33181657,864358040
2019-09-27,147456544,843009588,757200,2628655,42321346,885330934
2019-09-30,48931859,799120467,106234,2242789,35615490,834735957
2019-10-08,86290996,833358897,246400,2178089,33542570,866901467
2019-10-09,48713243,823415063,229800,1899689,29103236,852518299
2019-10-10,56955307,824515476,453100,2136289,33091117,857606593
2019-10-11,68902990,819744116,512300,2336089,37050371,856794487
2019-10-14,71768745,821559363,475200,2662789,42444857,864004220
2019-10-15,81593995,804131189,383500,2889889,46700607,850831796
2019-10-16,163334993,838071395,235600,2917557,49248363,887319758
2019-10-17,72252369,821093484,95500,2946257,49438193,870531677
2019-10-18,91095714,823182466,221900,3006757,50363179,873545645
2019-10-21,69175749,811390767,139900,2969956,49509166,860899933
2019-10-22,66923961,819918223,154500,2987756,49925403,869843626
2019-10-23,66118326,835505592,282800,3089956,49871890,885377482
2019-10-24,39760309,836131496,71500,2697856,43597353,879728849
2019-10-25,98401946,854903025,351600,2921156,48754094,903657119
2019-10-28,109034253,848736440,247400,2915588,49973179,898709619
2019-10-29,71860950,821480767,182900,2957188,50006049,871486816
2019-10-30,47870250,814946959,173400,3002088,50795329,865742288
2019-10-31,49257863,803789625,305800,2926388,48782887,852572512
2019-11-01,58258319,791701730,301200,3137188,53771403,845473133
2019-11-04,77306636,799795385,206100,3179088,55475086,855270471
2019-11-05,68030363,812791942,93636,2958108,50139931,862931873
2019-11-06,55253801,831922019,65300,2859472,48010535,879932554
2019-11-07,89317995,865538476,279300,2954872,51119286,916657762
2019-11-08,53679008,834071517,151692,2864064,48689088,882760605
2019-11-11,56530177,833015706,195400,2557482,41507933,874523639
2019-11-12,31742890,831906337,236100,2396082,38792568,870698905
2019-11-13,33073222,833927622,240500,2437282,39557087,873484709
2019-11-14,38896982,807944194,240600,2569282,42084839,850029033
2019-11-15,44562122,784624903,274500,2491698,39593081,824217984
2019-11-18,21314405,772893815,267000,2513198,40462489,813356304
2019-11-19,41859685,768115434,554900,2928398,48172147,816287581
2019-11-20,28860676,750903435,228928,2956326,48749816,799653251
2019-11-21,17776482,744397851,138200,2736626,44798567,789196418
2019-11-22,49181138,751466715,441375,2757373,44338558,795805273
2019-11-25,50036219,743983683,329700,2462244,38115537,782099220
2019-11-26,27750934,742375746,251200,2345788,36078220,778453966
2019-11-27,23824552,743193514,221300,2396188,36589791,779783305
2019-11-28,25080861,730534760,199800,2280988,34671017,765205777
2019-11-29,33275805,742514968,112800,2112888,32179284,774694252
2019-12-02,17821632,732554803,249200,2306188,35330801,767885604
2019-12-03,40338456,738361596,361700,2195088,33299485,771661081
2019-12-04,27283832,728441914,526300,2192888,33441542,761883456
2019-12-05,28992933,727299671,356985,2180873,33912576,761212247
2019-12-06,55939919,749245887,176286,1785074,27222379,776468266
2019-12-09,26795164,747401733,152800,1705708,25943819,773345552
2019-12-10,36867422,747701853,108200,1542922,23591277,771293130
2019-12-11,38319565,760763547,61900,1351422,20298359,781061906
2019-12-12,32457048,763112065,336100,1595258,23593866,786705931
2019-12-13,44386751,751353260,358900,1690158,25758008,777111268
2019-12-16,59466964,751663368,310300,1848758,29025501,780688869
2019-12-17,72038526,755656829,348200,1781558,28308956,783965785
2019-12-18,33489672,739627117,124700,1668458,26311583,765938700
2019-12-19,39529545,741495807,139400,1632858,25766499,767262306
2019-12-20,25080910,726086894,218800,1595158,24693046,750779940
2019-12-23,28941685,719855648,88323,1354981,20284065,740139713
2019-12-24,15191583,720095442,202600,1443581,21870252,741965694
2019-12-25,38792903,738675813,206054,1516112,22787164,761462977
2019-12-26,36478184,746127019,114500,1501412,22521180,768648199
2019-12-27,44240354,750324893,138500,1418112,20817884,771142777
2019-12-30,44899445,756669249,137800,1336112,19761096,776430345
2019-12-31,40192490,761845517,190094,1474106,22082107,783927624
2020-01-02,53773050,761054849,205100,1514706,22932649,783987498
2020-01-03,33135315,743525561,138842,1507554,22869594,766395155
2020-01-06,44490929,735221379,226200,1616852,24964195,760185574
2020-01-07,35738645,730360086,233100,1642012,25566128,755926214
2020-01-08,35625214,733046905,137300,1537712,23388600,756435505
2020-01-09,34774218,706631547,418700,1748812,27421372,734052919
2020-01-10,27423907,698173983,168800,1680312,26347292,724521275
2020-01-13,48816260,713017489,169400,1536912,24390793,737408282
2020-01-14,24114954,693193501,127400,1479912,23071828,716265329
2020-01-15,45492528,676804852,472800,1888012,30321472,707126324
2020-01-16,41540731,684946877,168900,1895823,30295251,715242128
2020-01-17,28773285,668002527,309002,1981525,32397933,700400460
2020-01-20,49751834,665989951,96900,1827223,30003002,695992953
2020-01-21,36016356,656869836,116000,1806523,29283738,686153574
2020-01-22,49825492,649607043,298000,1781269,29355314,678962357
2020-01-23,45959927,644958507,167400,1538769,24512591,669471098
2020-02-03,71795640,634273343,16600,1416769,21591559,655864902
2020-02-04,82150541,625672426,10900,1389969,23045685,648718111
2020-02-05,203016475,710615482,20100,1375869,23857569,734473051
2020-02-06,190261772,721379488,15700,1297569,23849318,745228806
2020-02-07,114420453,696936827,37100,1303869,23756493,720693320
2020-02-10,166874328,705638846,800000,2076469,39079147,744717993
2020-02-11,110837114,683680464,855510,2579232,49134369,732814833
2020-02-12,281284794,804612849,725500,3115932,65309935,869922784
2020-02-13,462013060,894681516,354316,2888548,63836911,958518427
2020-02-14,233126239,874044280,595594,3293442,69919774,943964054
2020-02-17,219694249,887839861,245300,3291626,72415772,960255633
2020-02-18,137882192,841394541,387600,3439022,78684824,920079365
2020-02-19,101307773,802399794,169676,3265598,72561588,874961382
2020-02-20,85320279,729327648,311000,3370151,77142756,806470404
2020-02-21,124819359,698879781,236188,3187410,74617268,773497049
2020-02-24,177558721,739630893,646100,3464610,85575868,825206761
2020-02-25,166021085,708331981,311532,3128142,77484078,785816059
2020-02-26,142056450,721603643,274278,2841920,67893468,789497111
2020-02-27,248846860,802082497,876500,3452020,90719086,892801583
2020-02-28,234010071,729840059,290119,2958462,76091643,805931702
2020-03-02,253646540,736225992,797200,3290694,92073618,828299610
2020-03-03,467261526,778645988,635530,3498575,104432465,883078453
2020-03-04,369570580,874117315,441900,3353235,91643912,965761227
2020-03-05,352772094,877068047,531812,3143151,80936139,958004186
2020-03-06,143111230,878388207,622704,3290155,83405430,961793637
2020-03-09,147380539,793501640,460674,2756799,64150713,857652353
2020-03-10,214183109,863426944,1168300,3448447,84728342,948155286
2020-03-11,152580819,841974971,444331,2934216,68103154,910078125
2020-03-12,183470551,873625467,666600,2896996,65819749,939445216
2020-03-13,138534077,846377060,752640,2793695,63780057,910157117
2020-03-16,124368043,806017760,656700,2493921,52422219,858439979
2020-03-17,364412104,926624690,1400000,3556967,82237076,1008861766
2020-03-18,222957478,849864636,593400,2622765,56310765,906175401
2020-03-19,85559450,816575593,1030400,2805365,61998566,878574159
2020-03-20,129488482,799059940,957400,3251965,74567557,873627497
2020-03-23,101347861,797165433,656300,3151290,70431332,867596765
2020-03-24,80914935,771509772,811500,3331965,77068350,848578122
2020-03-25,132681443,758930571,718227,3583392,86359747,845290318
2020-03-26,106404652,759441378,651000,3780070,92611715,852053093
2020-03-27,147445292,739909359,764187,3764150,84354602,824263961
2020-03-30,66311416,724885333,870892,3809542,80648004,805533337
2020-03-31,42870421,725717669,550500,3869077,81134544,806852213
2020-04-01,32455871,703110519,624398,4192575,88924515,792035034
2020-04-02,63482101,704256562,780487,4336964,96107123,800363685
2020-04-03,52888775,696775707,742000,4664277,105832445,802608152
2020-04-07,107564398,714820988,445200,4741277,113600997,828421985
2020-04-08,80180937,722249809,277494,4446371,103467054,825716863
2020-04-09,100748151,703140704,626815,4822141,117515576,820656280
2020-04-10,69562890,665535896,202900,4456541,104372191,769908087
2020-04-13,56339243,687814271,272129,4291670,97292159,785106430
2020-04-14,72539296,678651657,369500,4472012,108088531,786740188
2020-04-15,79188136,671060218,215500,4631783,111625970,782686188
2020-04-16,113743110,701733904,126800,4331083,110096131,811830035
2020-04-17,89733355,687942363,234300,4313827,109355514,797297877
2020-04-20,87493506,695299505,182800,4257727,111169252,806468757
2020-04-21,65378637,686253831,301700,4400423,114014960,800268791
2020-04-22,77892307,688659086,282580,4480403,115459987,804119073
2020-04-23,61561290,695680631,192341,4586244,116398873,812079504
2020-04-24,53094014,682566632,143258,4608302,112765150,795331782
2020-04-27,47677341,701352133,189256,4555558,112522282,813874415
2020-04-28,72211511,695456656,331700,4616814,115835864,811292520
2020-04-29,63257917,706234943,119900,4552714,110403316,816638259
2020-04-30,46649855,666414417,207500,4518749,114911788,781326205
2020-05-06,70289331,658798784,121242,4578417,120320799,779119583
2020-05-07,70294090,687043351,126000,4644017,119722758,806766109
2020-05-08,80515892,695797942,74900,4590217,118748915,814546857
2020-05-11,72116259,708510792,250251,4778468,120178471,828689263
2020-05-12,41820762,702679106,130800,4783568,122459341,825138447
2020-05-13,80059287,699269429,115200,4854268,129414785,828684214
2020-05-14,101939881,739324983,167500,4986768,126464436,865789419
2020-05-15,80954093,747927310,195642,5113026,127927911,875855221
2020-05-18,38334416,735293904,173700,5100086,126788138,862082042
2020-05-19,43672292,733361352,91200,5007786,125294806,858656158
2020-05-20,63646924,724803816,103400,4611311,112423761,837227577
2020-05-21,37292138,709988682,86400,4446088,104838755,814827437
2020-05-22,25565767,703054810,179440,4398457,101164511,804219321
2020-05-25,18799866,705082415,32700,4089391,92829176,797911591
2020-05-26,41003983,717452195,46300,3930091,93457564,810909759
2020-05-27,46091991,731876328,223600,4025349,91858463,823734791
2020-05-28,27331575,730947604,38100,3968949,89658559,820606163
2020-05-29,35864798,732739372,128100,4064649,94746968,827486340
2020-06-01,42214383,743986730,8300,3777049,89780455,833767185
2020-06-02,64052490,772609556,91400,3785749,87375087,859984643
2020-06-03,88076179,809392585,60640,3742989,84142394,893534979
2020-06-04,63446337,837742934,41200,3739988,82840735,920583669
2020-06-05,37588512,827808614,113968,3759881,82830180,910638794
2020-06-08,76497014,850246359,171300,3862281,83618383,933864742
2020-06-09,53143371,804268392,40700,3788981,86426657,890695049
2020-06-10,45028590,811512114,108400,3884481,87478511,898990625
2020-06-11,52711237,810578597,44400,3899174,86093761,896672358
2020-06-12,45726248,795953797,56300,3708174,83767652,879721449
2020-06-15,82396095,787722223,42800,3623774,85774731,873496954
2020-06-16,69929289,809930149,240117,3825691,90515848,900445997
2020-06-17,87087277,849466194,155236,3840859,88531801,937997995
2020-06-18,52780876,844999309,147226,3474459,81024383,926023692
2020-06-19,61370310,847797205,585244,3711123,87322725,935119930
2020-06-22,65645773,841576548,40840,4695650,84991267,926567815
2020-06-23,197301173,897703134,248380,4374091,87088152,984791286
2020-06-24,171958949,902711894,337962,4466837,91436153,994148047
2020-06-29,93427739,895195635,126770,4443517,92647330,987842965
2020-06-30,149077506,895180598,295450,4416869,101322977,996503575
2020-07-01,250729000,972919183,437088,4688693,100338030,1073257213
2020-07-02,181923771,1025618446,330550,4692983,99021942,1124640388
2020-07-03,139432658,1024939365,303822,4698307,100778687,1125718052
2020-07-06,194136272,1053351788,301438,4610042,102204632,1155556420
2020-07-07,176837527,1061383935,324669,4424235,104854370,1166238305
2020-07-08,154378469,1102337601,217270,4320324,104292620,1206630221
2020-07-09,200171081,1144701689,435024,4221938,108081613,1252783302
2020-07-10,183312867,1138773557,269148,4085656,107493609,1246267166
2020-07-13,225163829,1204893526,327493,4067989,110161142,1315054668
2020-07-14,147994104,1176263106,338290,3651473,95522532,1271785638
2020-07-15,129395135,1181293003,228150,3575485,89351370,1270644373
2020-07-16,115063091,1180139934,357817,3595452,86470622,1266610556
2020-07-17,59291610,1149059831,77573,3259350,77865873,1226925704
2020-07-20,105232157,1146960541,234601,3301706,80363526,1227324067
2020-07-21,248826171,1236666997,489929,3625935,88545333,1325212330
2020-07-22,106591599,1224620783,284811,3689216,90385794,1315006577
2020-07-23,94004852,1214664497,366319,3828135,93521340,1308185837
2020-07-24,96886591,1151696788,567545,4195643,94779577,1246476365
2020-07-27,37440584,1148416706,120000,4071423,92339873,1240756579
2020-07-28,63732867,1133177687,223200,4018518,91823139,1225000826
2020-07-29,81142610,1138191980,151744,4007735,94342082,1232534062
2020-07-30,154316951,1172103031,325074,4241459,94966268,1267069299
2020-07-31,74958495,1136669984,96897,4040755,93260625,1229930609
2020-08-03,90031985,1138266890,242000,4114295,97837934,1236104824
2020-08-04,82221201,1146709808,303600,4287740,100719014,1247428822
2020-08-05,121061703,1184523864,223690,4171310,96816105,1281339969
2020-08-06,77151645,1180164491,220175,4094481,92576215,1272740706
2020-08-07,67102609,1155740374,294580,4240061,92857335,1248597709
2020-08-10,56329462,1141069155,158030,4112375,89608652,1230677807
2020-08-11,49599334,1139361010,76796,4092991,87139778,1226500788
2020-08-12,65368874,1147003206,67970,4051001,84301330,1231304536
2020-08-13,44615353,1152496439,111100,3972556,82073007,1234569446
2020-08-14,74502004,1163698349,293560,4047187,86650275,1250348624
2020-08-17,99328241,1194333941,193200,4082517,87406690,1281740631
2020-08-18,69958030,1202524565,153100,4142916,88658402,1291182967
2020-08-19,89539631,1219716713,195980,4186466,85529502,1305246215
2020-08-20,70553490,1241586882,101500,4008426,82413238,1324000120
2020-08-21,71979036,1248134326,146700,3921056,80185596,1328319922
2020-08-24,90865729,1257079087,299316,4097377,86495629,1343574716
2020-08-25,73608510,1273716684,78800,3871929,82665684,1356382368
2020-08-26,61849292,1265790638,294150,4069979,83922969,1349713607
2020-08-27,66745986,1277443909,62100,4017279,83318366,1360762275
2020-08-28,54616723,1255569457,20000,3714112,79259150,1334828607
2020-08-31,98210565,1278312237,731417,4313029,91436215,1369748452
2020-09-01,53703973,1273551002,129000,4378979,91345501,1364896503
2020-09-02,58554997,1266338543,185229,4531808,94669468,1361008011
2020-09-03,46473614,1260273015,155300,4612878,94425612,1354698627
2020-09-04,54379247,1260448109,81700,4455041,92308451,1352756560
2020-09-07,81966085,1236660995,167310,4538671,94767450,1331428445
2020-09-08,64653253,1241765681,56800,4393831,92797711,1334563392
2020-09-09,65499167,1234395042,113160,4185797,84134521,1318529563
2020-09-10,58532872,1214436023,52980,3743557,70341436,1284777459
2020-09-11,30604571,1202906672,87700,3475762,65031505,1267938177
2020-09-14,63529069,1213263849,280000,3309694,65494959,1278758808
2020-09-15,40863914,1201097060,152700,3245839,65793156,1266890216
2020-09-16,16688510,1188711926,335259,3463873,69589209,1258301135
2020-09-17,26965711,1193123619,75600,3289194,65652313,1258775932
2020-09-18,26411301,1189414313,118180,3298074,66818979,1256233292
2020-09-21,55875216,1211769784,331300,3523704,70086472,1281856256
2020-09-22,30210075,1204165722,328180,3760184,74790060,1278955782
2020-09-23,28616601,1211598385,187800,3915130,78380903,1289979288
2020-09-24,49305593,1235710443,66300,3800814,73735792,1309446235
2020-09-25,16469231,1229617921,45000,3729714,72692128,1302310049
2020-09-28,24999883,1223249891,70400,3688194,70665796,1293915687
2020-09-29,19123245,1200751591,352900,3704494,72830350,1273581941
2020-09-30,32113957,1194552414,231610,3796970,73813098,1268365512
2020-10-09,64590390,1220713673,70100,3613620,71911038,1292624711
2020-10-12,73890178,1238219718,76239,3660959,75049664,1313269382
2020-10-13,155596878,1299556998,664886,4315145,91049560,1390606558
2020-10-14,65492026,1294464578,620600,4825235,102005468,1396470046
2020-10-15,79721510,1316480883,235900,5013035,101564091,1418044974
2020-10-16,50587920,1323691502,75700,4704535,95925467,1419616969
2020-10-19,34813740,1295188451,454727,5127162,103876304,1399064755
2020-10-20,48178918,1313242482,18100,5072862,101203598,1414446080
2020-10-21,26502644,1306901134,127840,4831262,94934300,1401835434
2020-10-22,17348012,1307747586,321200,5145662,100546236,1408293822
2020-10-23,26892822,1294420268,142782,5201944,99773286,1394193554
2020-10-26,28663593,1301453648,98043,5263287,99370859,1400824507
2020-10-27,22872663,1293942593,550760,5717471,109089347,1403031940
2020-10-28,24530736,1293303049,237089,5904660,111479981,1404783030
2020-10-29,30887343,1294016886,39800,5735298,108053015,1402069901
2020-10-30,31505086,1282631931,243800,5118549,91058988,1373690919
2020-11-02,28487751,1276413013,64900,4919758,86784531,1363197544
2020-11-03,51276832,1270949653,91700,4854958,90981912,1361931565
2020-11-04,25745035,1265781972,188200,4971858,92426843,1358208815
2020-11-05,29646653,1258125270,33500,4919558,92290908,1350416178
2020-11-06,28794410,1252209136,35300,4789658,88800259,1341009395
2020-11-09,56073840,1251857584,86072,4583730,87961779,1339819363
2020-11-10,47211365,1256638355,269679,4438750,82471975,1339110330
2020-11-11,28373369,1253831693,111770,4496190,80256992,1334088685
2020-11-12,18873222,1255018090,31500,4420745,80236524,1335254614
2020-11-13,25845044,1256574419,72300,4415435,80184301,1336758720
2020-11-16,23383738,1257776675,37900,4351511,78109623,1335886298
2020-11-17,64093207,1230394169,138170,4333878,72072391,1302466560
2020-11-18,36008133,1202156159,105500,4010298,67012079,1269168238
2020-11-19,26053470,1173041245,26100,3981237,66526469,1239567714
2020-11-20,26555704,1171148565,47700,3765874,62287556,1233436121
2020-11-23,53871039,1166295883,44500,3651119,60937178,1227233061
2020-11-24,35906400,1173073350,76400,3408802,56211146,1229284496
2020-11-25,64319120,1180268396,18900,3270952,52008137,1232276533
2020-11-26,17040216,1169202186,117800,2784452,44495542,1213697728
2020-11-27,34757212,1173184240,32800,2748902,43157761,1216342001
2020-11-30,34266907,1175312698,21100,2598962,40933654,1216246352
2020-12-01,77091533,1189915214,33300,2298262,38220096,1228135310
2020-12-02,37927185,1188881862,101800,2030498,33889014,1222770876
2020-12-03,70512194,1192444698,55500,1523199,26732143,1219176841
2020-12-04,55966226,1201071454,139800,1552392,27104764,1228176218
2020-12-07,78163585,1238257411,34100,1394392,23704664,1261962075
2020-12-08,34100462,1213330247,12300,1184522,20504075,1233834322
2020-12-09,50637243,1230914165,84000,1232522,20583118,1251497283
2020-12-10,32693252,1238974089,18000,1173722,19178617,1258152706
2020-12-11,56894219,1229958287,79500,1145622,17802966,1247761253
2020-12-14,40655154,1237992559,34400,1098722,17337833,1255330392
2020-12-15,31477000,1231484978,76700,1108322,17589071,1249074049
2020-12-16,15907687,1196734674,38700,1064122,16972746,1213707420
2020-12-17,39804524,1205351109,95600,1104822,17621911,1222973020
2020-12-18,34335317,1207367822,53100,1133322,17793156,1225160978
2020-12-21,38264885,1206496527,33100,1102122,17788249,1224284776
2020-12-22,64333498,1200906636,30500,1122122,18369138,1219275774
2020-12-23,42173967,1199624594,37700,1136722,18483100,1218107694
2020-12-24,49118439,1212289033,86600,1181322,18499503,1230788536
2020-12-25,16653872,1188057643,19100,1097922,17226397,1205284040
2020-12-28,38161880,1180268648,100500,1121854,16771717,1197040365
2020-12-29,31186082,1144931227,107800,1111754,17643536,1162574763
2020-12-30,33071690,1136135205,42200,1134454,18423533,1154558738
2020-12-31,82933924,1143039565,43600,1069684,18719470,1161759035
2021-01-04,67748197,1126318275,53700,1106744,19135603,1145453878
2021-01-05,76012544,1155570382,54000,1073314,18418069,1173988451
2021-01-06,40465185,1138045657,39800,1061014,17984187,1156029844
2021-01-07,61105768,1141965265,51400,985614,15701687,1157666952
2021-01-08,74610130,1164819879,21000,942014,15288888,1180108767
2021-01-11,53820131,1160638453,54700,973514,15264700,1175903153
2021-01-12,65903717,1155783150,26500,856444,13249189,1169032339
2021-01-13,74132813,1178040763,28300,831444,12355258,1190396021
2021-01-14,88849723,1217637952,16600,809644,11796514,1229434466
2021-01-15,68297036,1233464522,30700,824544,11683789,1245148311
2021-01-18,71220396,1228454141,83500,869744,13011370,1241465511
2021-01-19,63489550,1246260888,44200,882244,12792538,1259053426
2021-01-20,53257679,1254537625,22570,880614,12883383,1267421008
2021-01-21,117694788,1318295514,17100,856614,12429470,1330724984
2021-01-22,70004584,1312744748,57800,894044,12901054,1325645802
2021-01-25,51483458,1294858036,22800,863044,12246595,1307104631
2021-01-26,45361074,1276513509,23600,858844,12470415,1288983924
2021-01-27,60924269,1284429631,65600,900244,13458648,1297888279
2021-01-28,64050424,1296993943,201700,1018544,14259616,1311253559
2021-01-29,64890421,1214371728,124600,1071644,16321138,1230692866
2021-02-01,80833829,1194528629,150600,1111044,18365557,1212894186
2021-02-02,58453855,1146780730,140520,1212664,20372755,1167153485
2021-02-03,59343536,1135990886,75700,1180044,19494327,1155485213
2021-02-04,41313237,1115320157,38300,1151772,18693259,1134013416
2021-02-05,45404675,1107031452,46400,1132572,18347667,1125379119
2021-02-08,63754484,1129621081,55800,1150672,18468285,1148089366
2021-02-09,57583385,1134183341,41770,1086642,17266741,1151450082
2021-02-10,91003528,1133532147,47500,910062,14624697,1148156844
2021-02-18,136334752,1133126810,123840,942182,16865057,1149991867
2021-02-19,122654929,1124424039,111000,951786,17960202,1142384241
2021-02-22,98403953,1103634187,290037,1223723,23042704,1126676891
2021-02-23,98031072,1123858824,36700,1196799,21745838,1145604662
2021-02-24,59204863,1123745070,45200,1046486,18993721,1142738791
2021-02-25,90027651,1153034754,81500,1033986,18146455,1171181209
2021-02-26,70557837,1156352529,49300,942386,15841508,1172194037
2021-03-01,78875263,1141230866,424560,1163146,21587989,1162818855
2021-03-02,65915533,1151602348,317400,1213666,22622734,1174225082
2021-03-03,50811561,1136375476,391600,1390169,25898848,1162274324
2021-03-04,38124747,1125397097,70000,1268269,23247370,1148644467
2021-03-05,91316403,1132525797,233600,1425069,27005057,1159530854
2021-03-08,78053665,1149384445,185800,1553669,28323386,1177707831
2021-03-09,69094501,1127251613,84600,1474669,25600254,1152851867
2021-03-10,77027346,1141071612,140400,1308369,21509586,1162581198
2021-03-11,27802126,1121426109,185466,1290863,21621955,1143048064
2021-03-12,29263531,1113723103,114800,1258797,20933794,1134656897
2021-03-15,44601353,1112280366,56400,1203097,20103751,1132384117
2021-03-16,57030666,1128896160,20600,1161597,18736559,1147632719
2021-03-17,32340688,1134969478,175300,1281689,20699277,1155668755
2021-03-18,41638725,1134365792,46300,1044389,16344687,1150710479
2021-03-19,20251435,1130042139,44200,1034289,16010794,1146052933
2021-03-22,27715480,1137673287,73700,1079989,16880228,1154553515
2021-03-23,28723119,1139864948,222400,1281989,20332346,1160197294
2021-03-24,25434909,1140927691,67700,1253989,19587308,1160514999
2021-03-25,39726537,1144946248,65800,1289289,20628624,1165574872
2021-03-26,37404454,1142919022,64000,1198189,19530481,1162449503
2021-03-29,31610492,1149068875,85200,1266789,20521982,1169590857
2021-03-30,20184803,1150146549,24800,1252389,20288702,1170435251
2021-03-31,49488854,1170373055,92535,1330824,21838822,1192211877
2021-04-01,18125116,1163847796,28370,1083894,18187741,1182035537
2021-04-02,26188628,1143184271,47111,1076405,18664862,1161849133
2021-04-06,26652029,1108669694,36394,1079199,19177366,1127847060
2021-04-07,17841315,1094132776,42000,1077835,19142349,1113275125
2021-04-08,12118020,1087261100,19800,881035,15479785,1102740885
2021-04-09,31606324,1087312906,146589,1008524,17800448,1105113354
2021-04-12,21453273,1076815592,36440,958245,16366824,1093182416
2021-04-13,18616057,1025250686,51970,927815,15540902,1040791588
2021-04-14,13334190,1013677747,33400,937515,15750252,1029427999
2021-04-15,42167784,1022057146,84300,961415,16574795,1038631941
2021-04-16,32557132,1024065313,65400,957515,16488409,1040553722
2021-04-19,70710740,1066566192,88400,809815,14349923,1080916115
2021-04-20,24051092,1056693224,36700,815415,14302379,1070995603
2021-04-21,43059174,1049992280,58900,760245,13806050,1063798330
2021-04-22,55967168,1054104175,74770,750415,13710082,1067814257
2021-04-23,49193841,1066710901,87348,752163,13749539,1080460440
2021-04-26,85965559,1084962116,80700,715215,12838109,1097800225
2021-04-27,43025185,1070410933,125200,680020,12117956,1082528889
2021-04-28,150177912,1114847898,280132,865452,13172179,1128020077
2021-04-29,25798831,1027852127,90052,821534,12783069,1040635196
2021-04-30,19608782,992889812,45400,600138,9092091,1001981903
2021-05-06,54617294,1018742033,43300,612738,9123668,1027865701
2021-05-07,26674424,1021038971,30900,595038,8657803,1029696774
2021-05-10,26359079,976522471,72400,644838,9298565,985821036
2021-05-11,34343259,964286958,104900,695638,10344138,974631096
2021-05-12,24441180,959611864,155330,748168,11192594,970804458
2021-05-13,20215233,959602935,82447,763985,11459775,971062710
2021-05-14,20771653,945956644,112263,832048,12605527,958562171
2021-05-17,23059841,941735923,79300,849758,12992799,954728722
2021-05-18,15554899,941327886,59400,824658,12567789,953895675
2021-05-19,17743307,940777932,31900,813558,12138285,952916217
2021-05-20,27788791,932219924,66600,825458,12654272,944874196
2021-05-21,16526683,929997982,9000,716014,10876253,940874235
2021-05-24,18102922,923604329,10200,647914,10042668,933646997
2021-05-25,28157230,910042137,102800,720714,11790881,921833018
2021-05-26,26899267,906177564,77000,679814,11216932,917394496
2021-05-27,15984764,890362255,95200,732814,12106088,902468343
2021-05-28,22557936,884529178,87138,752552,12454735,896983913
2021-05-31,41563868,903283910,94800,772614,12786762,916070672
2021-06-01,32278794,910522691,78800,725914,11897731,922420422
2021-06-02,27426913,907961738,71100,706514,11085204,919046942
2021-06-03,35999702,930478387,86600,718114,10987144,941465531
2021-06-04,23395227,937665437,100900,695895,10702865,948368302
2021-06-07,28505315,938869901,143838,754133,11877595,950747496
2021-06-08,33484842,947009259,90898,761493,11719377,958728636
2021-06-09,16961207,944957207,59300,728493,11204223,956161430
2021-06-10,40676941,955016073,141150,759745,11950789,966966862
2021-06-11,51442395,962332553,155200,811345,13070768,975403321
2021-06-15,34722491,951112703,131000,784195,12272652,963385355
2021-06-16,38652562,958934415,480230,1175125,17662129,976596544
2021-06-17,25383899,953076483,200300,1231725,18808441,971884924
2021-06-18,18634082,942901552,1316213,2493338,37499804,980401356
2021-06-21,19230566,943846833,203900,2597938,39514636,983361469
2021-06-22,11547767,935342216,378240,2968478,44913072,980255288
2021-06-23,21826654,937095075,432610,3306888,50959144,988054219
2021-06-24,16865921,930253351,506300,3762588,57567597,987820948
2021-06-25,27324017,918807103,340750,3975338,63207875,982014978
2021-06-28,17315212,910599845,241100,4100476,66345701,976945546
2021-06-29,9727204,896817277,305400,4223626,68338269,965155546
2021-06-30,10886399,887686692,227022,4405748,71681520,959368212
2021-07-01,44753234,891328129,200200,4512548,76532814,967860943
2021-07-02,18315896,871775732,110200,4484898,74897797,946673529
2021-07-05,39382522,868181585,779078,5187676,88864889,957046474
2021-07-06,21408008,859148352,223400,5302576,89401432,948549784
2021-07-07,23432750,849248445,373292,5534624,92483566,941732011
2021-07-08,40444163,856637936,179600,5602224,91596362,948234298
2021-07-09,17030145,843936250,329300,5809624,94115909,938052159
2021-07-12,54816612,852357887,182600,5943124,101924576,954282463
2021-07-13,42088252,870837516,105500,5949824,100552027,971389543
2021-07-14,32840951,879346651,101300,6009124,100352371,979699022
2021-07-15,42868921,891843614,106500,5935924,100791990,992635604
2021-07-16,43991502,892511943,260870,6115194,100778397,993290340
2021-07-19,0,885044129,0,6087294,100318605,985362734
2021-07-20,0,880432281,0,6087294,100318605,980750886
2021-07-21,0,873352058,0,6087294,100318605,973670663
2021-07-22,0,868834536,0,6087294,100318605,969153141
2021-07-23,0,864695743,0,6087294,100318605,965014348
2021-07-26,47108291,872307515,137600,5579859,86376217,958683732
2021-07-27,17924646,852297250,40195,5539654,85587653,937884903
2021-07-28,13282090,817206928,56000,5372862,82151060,899357988
2021-07-29,28266812,815856834,252390,5576652,82980583,898837417
2021-07-30,27879819,818979903,113215,5570167,80099001,899078904
2021-08-02,31266763,831678834,106800,5596467,82212102,913890936
2021-08-03,22198778,824907203,163900,5575797,83525440,908432643
2021-08-04,21034053,827974157,245900,5786197,86445783,914419940
2021-08-05,27942082,837265348,223267,5903064,85004121,922269469
2021-08-06,30121745,843245178,134150,5844614,81415473,924660651
2021-08-09,12915253,836766284,159000,5809314,83537934,920304218
2021-08-10,12753984,835241807,383700,6138014,89246724,924488531
2021-08-11,22664651,840323901,112538,6203339,87591146,927915047
2021-08-12,19787967,845352127,141570,6135209,85708868,931060995
2021-08-13,19064725,843803521,170500,6256609,87592526,931396047
2021-08-16,12975895,842583414,47900,6130409,86438768,929022182
2021-08-17,11339954,838631541,238592,6303186,87677318,926308859
2021-08-18,25141253,834766029,161900,6448448,89053068,923819097
2021-08-19,16412375,835573583,22270,6181818,84505453,920079036
2021-08-20,8425075,825730653,148600,6209918,85386374,911117027
2021-08-23,16999198,830293286,155200,6326618,87117529,917410815
2021-08-24,19320307,829426183,46200,6116618,85632652,915058835
2021-08-25,18998842,831233791,133500,6216618,86970486,918204277
2021-08-26,12043474,825531088,42400,6051118,84534118,910065206
2021-08-27,22128527,829156824,72733,6038297,82483136,911639960
2021-08-30,21738155,816477221,97200,6010797,85052778,901529999
2021-08-31,20169848,818692789,91800,6056997,86009358,904702147
2021-09-01,22410750,816819453,130100,6168597,89321284,906140737
2021-09-02,22140576,809357025,205009,6338406,91146278,900503303
2021-09-03,13820301,800323746,133900,6357306,91100195,891423941
2021-09-06,15075421,798247480,70700,6289706,90257282,888504762
2021-09-07,20360095,788863317,95800,6333406,92847731,881711048
2021-09-08,19154306,785207455,40200,6224306,90439167,875646622
2021-09-09,20335049,785800187,51000,6263006,91439888,877240075
2021-09-10,28644570,792993479,5700,6142936,89318291,882311770
2021-09-13,11401142,787269923,28000,6097446,88534917,875804840
2021-09-14,24698771,800525519,213365,6243111,88777037,889302556
2021-09-15,16705507,800669620,41400,6062016,85110706,885780326
2021-09-16,13384229,797006221,82800,6005616,82216883,879223104
2021-09-17,6737502,792748529,322100,6156546,85514424,878262953
2021-09-22,9778904,792435071,133740,6232686,85387800,877822871
2021-09-23,14255428,778298553,56000,6143986,87428921,865727474
2021-09-24,13658059,769584848,12600,5928286,85782298,855367146
2021-09-27,15347797,761442361,52400,5909073,86981553,848423914
2021-09-28,11492446,767032282,141992,5981265,86847968,853880250
2021-09-29,17906415,774346990,20600,5880165,84674375,859021365
2021-09-30,9474941,762869888,78200,5929465,86155127,849025015
2021-10-08,16610575,770416197,47100,5949565,86387684,856803881
2021-10-11,12077071,772975257,111100,6010835,86495916,859471173
2021-10-12,20606609,786015629,103000,6074335,84676230,870691859
2021-10-13,3883544,777887185,18100,5981705,83923320,861810505
2021-10-14,8191022,779423341,21300,5914605,82213009,861636350
2021-10-15,20874187,788408331,93800,5976176,84742177,873150508
2021-10-18,21442264,791581699,94600,6038176,82723013,874304712
2021-10-19,11033257,789719804,27800,5953476,81324483,871044287
2021-10-20,23703731,802685871,37300,5836476,79492804,882178675
2021-10-21,31099783,819147010,114200,5799259,76260256,895407266
2021-10-22,4226508,811972825,91400,5729259,75568926,887541751
2021-10-25,25716802,821609394,54400,5655059,72271654,893881048
2021-10-26,19258185,827488611,73000,5695259,70905976,898394587
2021-10-27,19765355,831854601,124900,5808959,72553899,904408500
2021-10-28,20858879,835331458,23500,5828359,72679637,908011095
2021-10-29,10848938,826889321,24300,5688259,71956477,898845798
2021-11-01,18101859,833501662,80020,5767479,73881406,907383068
2021-11-02,26838168,830172309,27800,5754909,74813817,904986126
2021-11-03,12852518,821390129,24700,5584509,74776577,896166706
2021-11-04,16546397,814169670,20500,5517909,74160696,888330366
2021-11-05,7665318,797874078,69300,5457173,75036130,872910208
2021-11-08,8914782,795903644,36400,5446773,75274401,871178045
2021-11-09,6168387,789700814,45400,5140093,71652896,861353710
2021-11-10,13911349,790074592,24700,5080153,71934967,862009559
2021-11-11,9313058,788544260,23200,4942389,69638261,858182521
2021-11-12,9140313,781252358,40800,4629379,64209486,845461844
2021-11-15,11328121,784377958,7500,4624079,63257402,847635360
2021-11-16,17676249,795343210,352700,4899379,65945642,861288852
2021-11-17,16348806,798506381,148800,5011179,68753376,867259757
2021-11-18,20135204,800936260,45900,4695609,66114176,867050436
2021-11-19,41759214,798456286,228300,4876609,72954070,871410356
2021-11-22,27767174,793799430,234900,5052609,77052287,870851717
2021-11-23,21479247,791577050,23700,5023409,77260030,868837080
2021-11-24,26437363,793535327,7900,4932509,74480887,868016214
2021-11-25,16226431,794788521,46700,4719509,70651050,865439571
2021-11-26,24824091,803388373,190600,4625309,69009609,872397982
2021-11-29,36095580,817696675,282418,3800527,57958036,875654711
2021-11-30,26820909,815389853,214485,3593382,56487965,871877818
2021-12-01,26880226,829009660,172400,3351682,52721958,881731618
2021-12-02,14580193,821000534,143600,2783002,43553981,864554515
2021-12-03,12298698,822552749,100600,2581602,40298806,862851555
2021-12-06,16198059,825557439,45000,2437644,37515341,863072780
2021-12-07,15653533,828873917,33700,2409484,36166354,865040271
2021-12-08,7592019,825652822,63800,2205284,33586475,859239297
2021-12-09,24700375,837660864,54600,2112584,31350746,869011610
2021-12-10,40794420,861497726,36600,1982984,28475650,889973376
2021-12-13,34590475,877354910,22500,1923384,27946769,905301679
2021-12-14,27927823,873747623,86300,1882184,27912789,901660412
2021-12-15,16827909,868936784,192400,1940484,28428090,897364874
2021-12-16,12550070,867243493,200200,1926484,28415639,895659132
2021-12-17,8105865,859385676,328437,2181621,32157094,891542770
2021-12-20,11094482,858329891,212900,2303021,33969560,892299451
2021-12-21,10522743,837537048,212600,2410221,36635360,874172408
2021-12-22,16257004,835053602,340521,2671454,41220536,876274138
2021-12-23,12248774,828895677,207800,2768571,42525251,871420928
2021-12-24,14469475,826265478,196200,2850871,44131483,870396961
