日期,融资买入额(元),融资余额(元),融券卖出量,融券余量,融券余额(元),融资融券余额(元)
2017-07-12,6652106,632879526,0,21400,168418,633047944
2017-07-13,3541138,627928092,0,21400,170130,628098222
2017-07-14,7230925,627896340,0,21400,169702,628066042
2017-07-17,16316665,630691846,0,21400,163710,630855556
2017-07-18,5937660,625864787,0,0,0,625864787
2017-07-19,12715868,621281973,21400,21400,170558,621452531
2017-07-20,14282192,618190458,0,7100,57226,618247684
2017-07-21,12858901,622960647,0,7100,56800,623017447
2017-07-24,8846506,621316463,0,7100,57155,621373618
2017-07-25,6319732,619470357,0,7100,57155,619527512
2017-07-26,13595870,624394813,0,7100,56800,624451613
2017-07-27,20483805,621700623,0,7100,57439,621758062
2017-07-28,12765987,620817597,0,7100,57155,620874752
2017-07-31,29735445,627786071,0,7100,58149,627844220
2017-08-01,38175627,651007798,0,7100,58220,651066018
2017-08-02,11196137,646327384,0,7100,57652,646385036
2017-08-03,6425197,640568413,0,7100,57652,640626065
2017-08-04,9656692,635089444,0,7100,57013,635146457
2017-08-07,1988253,633032689,0,7100,57226,633089915
2017-08-08,7933105,631613845,0,7100,57084,631670929
2017-08-09,21116362,627637335,0,7100,58291,627695626
2017-08-10,24634146,638528754,0,7100,57013,638585767
2017-08-11,20390269,639198101,0,0,0,639198101
2017-08-14,10429866,642107635,0,0,0,642107635
2017-08-15,4773748,643401304,0,0,0,643401304
2017-08-16,8562115,644543795,0,0,0,644543795
2017-08-17,12003499,647187048,0,0,0,647187048
2017-08-18,6789423,645708143,0,0,0,645708143
2017-08-21,5918803,646029144,0,0,0,646029144
2017-08-22,6308457,645668325,0,0,0,645668325
2017-08-23,6780459,645108859,0,0,0,645108859
2017-08-24,8287893,645568966,0,0,0,645568966
2017-08-25,10139106,647127018,0,0,0,647127018
2017-08-28,13797450,638699713,0,0,0,638699713
2017-08-29,11043925,636566971,0,0,0,636566971
2017-08-30,16148701,647142777,0,0,0,647142777
2017-08-31,9834198,651091897,0,0,0,651091897
2017-09-01,8765495,652149915,0,0,0,652149915
2017-09-04,10957034,653944386,0,0,0,653944386
2017-09-05,14055277,657510582,0,0,0,657510582
2017-09-06,11273297,657221880,0,0,0,657221880
2017-09-07,13189566,653496901,0,0,0,653496901
2017-09-08,15047853,654722481,0,0,0,654722481
2017-09-11,7429427,652010131,0,0,0,652010131
2017-09-12,26552165,660173242,4300,4300,34056,660207298
2017-09-13,9473831,658577141,0,4300,33970,658611111
2017-09-14,5718828,648947431,0,4300,33970,648981401
2017-09-15,12537290,655598816,0,4300,33884,655632700
2017-09-18,11013200,657853152,0,4300,33841,657886993
2017-09-19,14326644,661419733,0,0,0,661419733
2017-09-20,16458607,667963896,0,0,0,667963896
2017-09-21,10673644,670458270,0,0,0,670458270
2017-09-22,5578668,665938575,0,0,0,665938575
2017-09-25,11880099,671115126,0,0,0,671115126
2017-09-26,8120249,638265588,0,0,0,638265588
2017-09-27,9175976,640375082,0,0,0,640375082
2017-09-28,5199149,638882750,0,0,0,638882750
2017-09-29,5136846,626220570,0,0,0,626220570
2017-10-09,12053856,627532299,0,0,0,627532299
2017-10-10,29844094,632473485,0,0,0,632473485
2017-10-11,14671332,635018738,0,0,0,635018738
2017-10-12,14822005,637654176,0,0,0,637654176
2017-10-13,4745890,633749933,0,0,0,633749933
2017-10-16,11028026,634864133,0,0,0,634864133
2017-10-17,8584927,627744270,0,0,0,627744270
2017-10-18,40875573,638449571,64000,64000,501760,638951331
2017-10-19,17117988,626779178,37200,97200,759132,627538310
2017-10-20,8763609,625278747,0,0,0,625278747
2017-10-23,16384748,628027592,0,0,0,628027592
2017-10-24,9800312,627372455,0,0,0,627372455
2017-10-25,11945488,626024082,0,0,0,626024082
2017-10-26,7523036,623820833,0,0,0,623820833
2017-10-27,9432697,621169526,0,0,0,621169526
2017-10-30,17510273,621209254,0,0,0,621209254
2017-10-31,3987617,621604188,0,0,0,621604188
2017-11-01,5799857,623095230,0,0,0,623095230
2017-11-02,7593241,618205193,0,0,0,618205193
2017-11-03,8248197,618211285,0,0,0,618211285
2017-11-06,9751718,616859417,0,0,0,616859417
2017-11-07,7337518,618126854,0,0,0,618126854
2017-11-08,6942529,617071604,0,0,0,617071604
2017-11-09,7451388,615801725,0,0,0,615801725
2017-11-10,6403181,615914476,0,0,0,615914476
2017-11-13,8627971,616767358,0,0,0,616767358
2017-11-14,7258144,619083329,0,0,0,619083329
2017-11-15,7877428,620486394,15000,15000,108150,620594544
2017-11-16,7840729,619753933,6000,21000,150990,619904923
2017-11-17,12467494,613926943,0,0,0,613926943
2017-11-20,5790001,611520152,0,0,0,611520152
2017-11-21,9398736,612096273,0,0,0,612096273
2017-11-22,6386282,612436437,0,0,0,612436437
2017-11-23,2543346,610726327,0,0,0,610726327
2017-11-24,3212785,612253872,0,0,0,612253872
2017-11-27,3706907,612604244,0,0,0,612604244
2017-11-28,6822592,615916632,0,0,0,615916632
2017-11-29,4070043,616688702,0,0,0,616688702
2017-11-30,10206103,620391352,0,0,0,620391352
2017-12-01,3972363,617687031,0,0,0,617687031
2017-12-04,8262590,618103052,0,0,0,618103052
2017-12-05,7176407,615348770,10000,10000,67600,615416370
2017-12-06,6259450,616847630,11400,21400,145306,616992936
2017-12-07,2946470,615444526,0,21400,144664,615589190
2017-12-08,4025077,617212900,0,21400,144664,617357564
2017-12-11,8230615,618895684,0,21400,145306,619040990
2017-12-12,6582748,621234389,0,21400,144022,621378411
2017-12-13,5479469,624677489,0,21400,144022,624821511
2017-12-14,0,623717257,0,21400,144022,623861279
2017-12-15,0,621201889,0,21400,144022,621345911
2017-12-18,0,619339643,0,21400,144022,619483665
2017-12-19,0,617914611,0,21400,144022,618058633
2017-12-20,0,615155357,0,21400,144022,615299379
2017-12-21,0,613839749,0,21400,144022,613983771
2017-12-22,0,609792486,0,21400,144022,609936508
2017-12-25,0,607710257,0,21400,144022,607854279
2017-12-26,0,606720940,0,21400,144022,606864962
2017-12-27,0,605335569,0,21400,144022,605479591
2017-12-28,0,604030099,0,21400,144022,604174121
2017-12-29,0,601976280,0,21400,144022,602120302
2018-01-02,0,601062621,0,21400,144022,601206643
2018-01-03,0,598966606,0,21400,144022,599110628
2018-01-04,0,596998243,0,21400,144022,597142265
2018-01-05,0,595484504,0,21400,144022,595628526
2018-01-08,0,593187822,0,21400,144022,593331844
2018-01-09,0,591662123,0,21400,144022,591806145
2018-01-10,0,590601548,0,21400,144022,590745570
2018-01-11,0,589737702,0,21400,144022,589881724
2018-01-12,0,588969784,0,21400,144022,589113806
2018-01-15,0,587323294,0,21400,144022,587467316
2018-01-16,0,586467281,0,21400,144022,586611303
2018-01-17,0,585087559,0,21400,144022,585231581
2018-01-18,0,584392126,0,21400,144022,584536148
2018-01-19,0,583052530,0,21400,144022,583196552
2018-01-22,0,581105001,0,21400,144022,581249023
2018-01-23,0,580569266,0,21400,144022,580713288
2018-01-24,0,579441822,0,21400,144022,579585844
2018-01-25,0,575327152,0,21400,144022,575471174
2018-01-26,0,573499029,0,21400,144022,573643051
2018-01-29,0,572198314,0,21400,144022,572342336
2018-01-30,0,570739297,0,21400,144022,570883319
2018-01-31,0,567596362,0,21400,144022,567740384
2018-02-01,0,563212605,0,21400,144022,563356627
2018-02-02,0,561208560,0,21400,144022,561352582
2018-02-05,0,559213825,0,21400,144022,559357847
2018-02-06,0,554364282,0,21400,144022,554508304
2018-02-07,0,550656978,0,21400,144022,550801000
2018-02-08,0,547961758,0,21400,144022,548105780
2018-02-09,0,543858637,0,21400,144022,544002659
2018-02-12,0,542452431,0,21400,144022,542596453
2018-02-13,0,540010209,0,21400,144022,540154231
2018-02-14,0,539060980,0,21400,144022,539205002
2018-02-22,0,538750185,0,21400,144022,538894207
2018-02-23,0,538307480,0,21400,144022,538451502
2018-02-26,0,537519556,0,21400,144022,537663578
2018-02-27,0,537022429,0,21400,144022,537166451
2018-02-28,0,536120550,0,21400,144022,536264572
2018-03-01,0,534584403,0,21400,144022,534728425
2018-03-02,0,533399766,0,21400,144022,533543788
2018-03-05,0,531047186,0,21400,144022,531191208
2018-03-06,0,529955095,0,21400,144022,530099117
2018-03-07,0,529522268,0,21400,144022,529666290
2018-03-08,0,528882918,0,21400,144022,529026940
2018-03-09,0,526448678,0,21400,144022,526592700
2018-03-12,0,523924950,0,21400,144022,524068972
2018-03-13,0,523443639,0,21400,144022,523587661
2018-03-14,47777072,543082976,0,21400,149158,543232134
2018-03-15,30985898,556448903,0,0,0,556448903
2018-03-16,31470000,552390161,0,0,0,552390161
2018-03-19,19258845,558427537,0,0,0,558427537
2018-03-20,37986285,571103294,0,0,0,571103294
2018-03-21,30815444,582470805,0,0,0,582470805
2018-03-22,18120423,585986037,21400,21400,146804,586132841
2018-03-23,27350964,583961446,0,21400,135462,584096908
2018-03-26,14553299,588263633,0,21400,137174,588400807
2018-03-27,24982619,593523115,0,21400,139100,593662215
2018-03-28,13821806,592270308,0,21400,136960,592407268
2018-03-29,9854893,591564007,0,21400,138458,591702465
2018-03-30,21030127,597602788,0,21400,139956,597742744
2018-04-02,16192520,601475064,0,21400,139528,601614592
2018-04-03,12456816,600804073,0,21400,137602,600941675
2018-04-04,10376425,597035200,0,21400,138458,597173658
2018-04-09,6881686,595000527,0,21400,137388,595137915
2018-04-10,9108253,595729928,0,21400,137816,595867744
2018-04-11,15900624,603333661,0,21400,138244,603471905
2018-04-12,9489324,601167354,0,21400,139100,601306454
2018-04-13,11919394,603427263,0,21400,137602,603564865
2018-04-16,10401065,606965932,0,21400,136104,607102036
2018-04-17,12609089,611466301,0,21400,134392,611600693
2018-04-18,9285846,611981164,0,21400,135248,612116412
2018-04-19,5783414,610882854,0,21400,134606,611017460
2018-04-20,16484735,614935732,0,0,0,614935732
2018-04-23,9242123,611340314,0,0,0,611340314
2018-04-24,9123844,610275202,0,0,0,610275202
2018-04-25,4621793,610242570,0,0,0,610242570
2018-04-26,12002684,611831318,0,0,0,611831318
2018-04-27,3786559,607640409,0,0,0,607640409
2018-05-02,5981677,607512024,0,0,0,607512024
2018-05-03,6614463,607448333,0,0,0,607448333
2018-05-04,5247465,605387462,0,0,0,605387462
2018-05-07,8843791,605455498,0,0,0,605455498
2018-05-08,8834136,606388252,0,0,0,606388252
2018-05-09,6652110,602168502,0,0,0,602168502
2018-05-10,7792169,596371624,0,0,0,596371624
2018-05-11,7335440,587325758,0,0,0,587325758
2018-05-14,9421668,586820863,0,0,0,586820863
2018-05-15,9246713,589968481,0,0,0,589968481
2018-05-16,10088372,583258318,0,0,0,583258318
2018-05-17,8570814,584582760,0,0,0,584582760
2018-05-18,8284477,585123610,0,0,0,585123610
2018-05-21,7151453,584290820,0,0,0,584290820
2018-05-22,15692004,590514691,0,0,0,590514691
2018-05-23,11077731,589961444,0,0,0,589961444
2018-05-24,5072542,590103667,0,0,0,590103667
2018-05-25,7383059,587709978,0,0,0,587709978
2018-05-28,6209935,590271100,0,0,0,590271100
2018-05-29,6583103,590864688,0,0,0,590864688
2018-05-30,12035417,593910776,0,0,0,593910776
2018-05-31,5546426,591837001,0,0,0,591837001
2018-06-01,4201199,589350849,0,0,0,589350849
2018-06-04,3675318,585769391,0,0,0,585769391
2018-06-05,4338518,584986933,0,0,0,584986933
2018-06-06,3257822,585201014,0,0,0,585201014
2018-06-07,5243237,586424692,0,0,0,586424692
2018-06-08,6790935,586738542,0,0,0,586738542
2018-06-11,6063826,590603746,0,0,0,590603746
2018-06-12,4876552,591873010,0,0,0,591873010
2018-06-13,8345314,590823945,0,0,0,590823945
2018-06-14,5011095,593632726,0,0,0,593632726
2018-06-15,4790895,585915342,0,0,0,585915342
2018-06-19,16671226,566167412,0,0,0,566167412
2018-06-20,8886090,565302713,0,0,0,565302713
2018-06-21,5030250,560532580,2000,2000,10000,560542580
2018-06-22,2187754,557181883,0,0,0,557181883
2018-06-25,2845276,556021588,2000,2000,10100,556031688
2018-06-26,4427049,557057166,1000,1000,5060,557062226
2018-06-27,2678483,557072866,0,0,0,557072866
2018-06-28,4658721,558528040,0,0,0,558528040
2018-06-29,7454694,558055410,0,0,0,558055410
2018-07-02,6314844,558645517,0,0,0,558645517
2018-07-03,3087098,553594869,0,0,0,553594869
2018-07-04,1258612,551061011,1000,1000,5020,551066031
2018-07-05,5291489,550390330,2000,2000,9960,550400290
2018-07-06,4728863,545951034,1200,3200,16000,545967034
2018-07-09,3462243,542881729,0,0,0,542881729
2018-07-10,2907741,539426446,0,0,0,539426446
2018-07-11,4510065,537809018,1000,1000,5060,537814078
2018-07-12,4047397,534555725,0,0,0,534555725
2018-07-13,4487477,531560988,0,0,0,531560988
2018-07-16,2768640,530506406,0,0,0,530506406
2018-07-17,1073565,528561503,0,0,0,528561503
2018-07-18,1635250,524034094,0,0,0,524034094
2018-07-19,2111757,522604929,0,0,0,522604929
2018-07-20,7565835,524007429,0,0,0,524007429
2018-07-23,4068675,521530244,1800,1800,9684,521539928
2018-07-24,2114907,517407415,19600,19600,106820,517514235
2018-07-25,1653858,513237359,0,19600,106624,513343983
2018-07-26,1932441,507893783,0,0,0,507893783
2018-07-27,2109123,506304165,0,0,0,506304165
2018-07-30,2389153,504109289,0,0,0,504109289
2018-07-31,1263353,503350639,0,0,0,503350639
2018-08-01,2227107,499567278,0,0,0,499567278
2018-08-02,2869186,498258765,1000,1000,5280,498264045
2018-08-03,559342,492277637,0,0,0,492277637
2018-08-06,3329783,489538906,21400,21400,109782,489648688
2018-08-07,2333295,487641172,0,0,0,487641172
2018-08-08,1436283,486922930,0,0,0,486922930
2018-08-09,5778523,488664252,0,0,0,488664252
2018-08-10,4788332,491724819,0,0,0,491724819
2018-08-13,2797669,491361241,2000,2000,10500,491371741
2018-08-14,1292205,488525670,0,0,0,488525670
2018-08-15,2553677,487288188,0,0,0,487288188
2018-08-16,4080472,487831992,21400,21400,109140,487941132
2018-08-17,4481069,488801911,0,2600,13026,488814937
2018-08-20,4393371,485150828,0,0,0,485150828
2018-08-21,2699852,485099528,0,0,0,485099528
2018-08-22,2614793,483433850,0,0,0,483433850
2018-08-23,4234451,485831821,0,0,0,485831821
2018-08-24,2872682,485493925,2000,2000,9980,485503905
2018-08-27,4219352,482184761,0,0,0,482184761
2018-08-28,5096185,480887296,0,0,0,480887296
2018-08-29,2098469,476915614,0,0,0,476915614
2018-08-30,6280118,479236570,0,0,0,479236570
2018-08-31,7990273,479609863,0,0,0,479609863
2018-09-03,7477318,480601284,32400,32400,160380,480761664
2018-09-04,3614146,479103298,10600,43000,215430,479318728
2018-09-05,818765,475034206,6300,49300,244528,475278734
2018-09-06,1660004,474297334,100,49400,244530,474541864
2018-09-07,1872767,470237641,16000,65400,322422,470560063
2018-09-10,4539386,469131864,0,62400,306384,469438248
2018-09-11,3323101,467850825,0,62400,305136,468155961
2018-09-12,1092610,465753190,0,62400,304512,466057702
2018-09-13,1528365,464349796,13500,75900,374187,464723983
2018-09-14,2636928,464306328,37600,113500,556150,464862478
2018-09-17,2007656,462654183,16300,125300,612717,463266900
2018-09-18,2302007,461161087,0,125300,613970,461775057
2018-09-19,14089339,470556292,20200,141100,692801,471249093
2018-09-20,10614384,476522782,0,141100,687157,477209939
2018-09-21,6575878,469539246,9000,150100,736991,470276237
2018-09-25,11866792,476916099,11300,161400,789246,477705345
2018-09-26,2467779,473599325,9100,159200,783264,474382589
2018-09-27,6426376,470518440,0,159200,775304,471293744
2018-09-28,5663590,463506061,5000,146600,715408,464221469
2018-10-08,8412521,458329804,9100,132700,631652,458961456
2018-10-09,4375928,459023033,0,113800,541688,459564721
2018-10-10,2882956,458104908,16900,129500,620305,458725213
2018-10-11,13627532,456172459,34700,147300,636336,456808795
2018-10-12,7216193,442373435,53600,166200,737928,443111363
2018-10-15,6598255,435400334,11500,114100,503181,435903515
2018-10-16,2124209,431387108,104900,207500,919225,432306333
2018-10-17,3641820,431926361,3400,127400,565656,432492017
2018-10-18,4616404,428286244,83500,207500,875650,429161894
2018-10-19,1259955,422364569,11300,185300,822732,423187301
2018-10-22,6623470,424486172,33400,207499,954495,425440667
2018-10-23,2589220,422102687,11200,192713,874917,422977604
2018-10-24,1921221,420954813,0,174813,791903,421746716
2018-10-25,2154506,420568761,30400,204513,936670,421505431
2018-10-26,2740833,421135920,6700,189513,866074,422001994
2018-10-29,1799305,421087353,6700,159413,726923,421814276
2018-10-30,5299817,422217762,33300,136013,621579,422839341
2018-10-31,1669228,417725771,6700,111413,526983,418252754
2018-11-01,4161028,412988679,34300,137013,669994,413658673
2018-11-02,3151909,409599039,47400,155713,778565,410377604
2018-11-05,5490358,407154830,38700,178613,905568,408060398
2018-11-06,1831364,404995402,0,163313,827997,405823399
2018-11-07,1536435,401504247,13700,169013,856896,402361143
2018-11-08,4280238,401994584,31500,183213,928890,402923474
2018-11-09,1385986,401194168,26700,200313,1003568,402197736
2018-11-12,1419884,398442819,13100,189413,975477,399418296
2018-11-13,4412829,397368938,21400,204113,1071593,398440531
2018-11-14,2367516,397004732,0,204113,1059346,398064078
2018-11-15,2203199,390886928,16900,198713,1041256,391928184
2018-11-16,3921687,387816610,0,198713,1053179,388869789
2018-11-19,5840645,386339890,800,133713,703330,387043220
2018-11-20,4627641,385627706,24900,158613,815271,386442977
2018-11-21,2097713,386073729,700,159313,818869,386892598
2018-11-22,697444,385179930,0,159313,822055,386001985
2018-11-23,4225009,387170119,17300,172413,862065,388032184
2018-11-26,1162309,385955523,44425,188638,937531,386893054
2018-11-27,981015,384643937,26500,189738,958177,385602114
2018-11-28,1587215,384603903,1800,179538,924621,385528524
2018-11-29,1770663,384302188,5400,169538,852776,385154964
2018-11-30,1082070,382821856,20700,174338,906558,383728414
2018-12-03,6393001,385219557,47500,208238,1084920,386304477
2018-12-04,2346156,382317983,0,163238,865161,383183144
2018-12-05,4284848,383672737,0,162238,845260,384517997
2018-12-06,2119057,383434088,19600,178138,922755,384356843
2018-12-07,2071441,381992126,2900,161438,820105,382812231
2018-12-10,785895,381178682,50400,211838,1071900,382250582
2018-12-11,575980,380739303,100,202838,1028389,381767692
2018-12-12,2699847,381716252,0,202838,1020275,382736527
2018-12-13,3509697,381239820,0,159638,823732,382063552
2018-12-14,5414102,383689082,0,148638,737244,384426326
2018-12-17,1831593,384061017,49500,193938,965811,385026828
2018-12-18,2575054,384098465,0,140638,697564,384796029
2018-12-19,2145294,383093659,43100,183738,898479,383992138
2018-12-20,3126050,384883623,0,183738,889292,385772915
2018-12-21,906238,383156381,0,183738,885617,384041998
2018-12-24,850628,382814774,0,183738,891129,383705903
2018-12-25,3538854,383379260,21400,205138,982611,384361871
2018-12-26,1283349,382672936,0,205138,974406,383647342
2018-12-27,2892057,383162148,0,205138,964149,384126297
2018-12-28,2743009,383811830,0,188438,868699,384680529
2019-01-02,251569,381737691,0,167038,778397,382516088
2019-01-03,1364481,380804203,0,167038,775056,381579259
2019-01-04,2503123,380979108,0,123938,591184,381570292
2019-01-07,2758542,381343748,0,123938,601099,381944847
2019-01-08,1419864,380632900,0,123938,602339,381235239
2019-01-09,5168627,381305422,4600,128538,615697,381921119
2019-01-10,431125,377788412,0,128538,623409,378411821
2019-01-11,1718262,377496574,4300,132838,646921,378143495
2019-01-14,1328304,378202177,3000,135838,654739,378856916
2019-01-15,2155982,377929828,33900,166738,818684,378748512
2019-01-16,762022,375754970,9000,164738,815453,376570423
2019-01-17,3154636,377429310,11200,162938,790249,378219559
2019-01-18,828548,375605271,9700,156538,770167,376375438
2019-01-21,1680371,375584621,19400,152238,745966,376330587
2019-01-22,1219775,375323798,22200,174438,853002,376176800
2019-01-23,850884,374900633,5400,154138,755276,375655909
2019-01-24,1272935,372856852,25700,174438,872190,373729042
2019-01-25,3301461,374286003,0,148738,730304,375016307
2019-01-28,3172867,374440514,30700,175738,854087,375294601
2019-01-29,3412855,375019424,0,113238,536748,375556172
2019-01-30,849116,372753316,7500,110199,524547,373277863
2019-01-31,988037,371486920,0,84000,398160,371885080
2019-02-01,719270,369476299,0,72000,347040,369823339
2019-02-11,1821689,369437031,0,69100,342736,369779767
2019-02-12,5513190,371769109,8100,12100,60500,371829609
2019-02-13,5008990,371286741,9900,22000,111760,371398501
2019-02-14,2542271,369324250,23700,42800,219564,369543814
2019-02-15,2793351,370438547,30700,73500,371175,370809722
2019-02-18,2743279,366519667,7600,81100,424964,366944631
2019-02-19,7495849,363627340,50900,123300,638694,364266034
2019-02-20,3498981,364296792,0,96200,498316,364795108
2019-02-21,5490950,363925380,64900,119400,611328,364536708
2019-02-22,6990337,362800490,3850,93250,482103,363282593
2019-02-25,19768234,372021050,70800,115400,618544,372639594
2019-02-26,25290332,379665405,48700,103300,559886,380225291
2019-02-27,14022501,379554303,45800,100400,537140,380091443
2019-02-28,8415048,374742187,63700,118300,632905,375375092
2019-03-01,9817314,373387952,5000,119800,639732,374027684
2019-03-04,28161543,385834722,40800,123300,671985,386506707
2019-03-05,15712736,390910006,3900,124600,690284,391600290
2019-03-06,21629361,398066022,42100,96700,544421,398610443
2019-03-07,34119734,415307465,65000,119600,673348,415980813
2019-03-08,20692057,410268679,47100,106700,569778,410838457
2019-03-11,28756406,422148245,51700,109376,613599,422761844
2019-03-12,33818980,435881236,49200,124676,699432,436580668
2019-03-13,23900491,442924698,42000,124576,688905,443613603
2019-03-14,9831620,432899089,42100,124576,673956,433573045
2019-03-15,13426430,426424698,42100,124576,675202,427099900
2019-03-18,25102118,429664641,42100,108676,608586,430273227
2019-03-19,17097540,431164859,58000,124576,695134,431859993
2019-03-20,15452069,435658403,42100,103676,576439,436234842
2019-03-21,23308379,434344585,63000,124576,706346,435050931
2019-03-22,22791147,436248843,42100,96691,542437,436791280
2019-03-25,26885709,440552637,116100,189491,1063045,441615682
2019-03-26,71967558,454043062,45800,128291,733825,454776887
2019-03-27,52419846,462934520,107000,162491,955447,463889967
2019-03-28,36815405,464265573,43000,98491,557459,464823032
2019-03-29,26996420,454690721,62100,117591,693787,455384508
2019-04-01,61562158,478958132,49000,113491,687755,479645887
2019-04-02,43576963,480909388,52500,109991,657746,481567134
2019-04-03,29401182,483024876,57100,121591,730762,483755638
2019-04-04,31420683,464766585,46000,110991,665946,465432531
2019-04-08,72040463,484655759,115000,183891,1136446,485792205
2019-04-09,44606705,493450303,42100,114591,693276,494143579
2019-04-10,48270999,496559837,111800,184391,1143224,497703061
2019-04-11,31459754,495956071,42000,115591,690078,496646149
2019-04-12,14303743,490605469,53600,112591,660909,491266378
2019-04-15,23256641,499404969,33700,101191,584884,499989853
2019-04-16,15486367,495720426,41900,91091,536526,496256952
2019-04-17,24069656,495606340,72600,121691,725278,496331618
2019-04-18,20491401,496998854,66700,120895,706027,497704881
2019-04-19,19371033,501379269,41944,96039,567590,501946859
2019-04-22,13020551,501027863,73100,127139,738678,501766541
2019-04-23,17004069,502649226,42000,96039,545502,503194728
2019-04-24,7779235,498120976,68700,117739,675822,498796798
2019-04-25,12119873,498193627,46600,92739,511919,498705546
2019-04-26,5921655,496465052,60189,104228,574296,497039348
2019-04-29,10964972,494853011,61000,105428,562986,495415997
2019-04-30,4573580,488237702,51800,106628,573659,488811361
2019-05-06,13701870,480767717,93900,158528,786299,481554016
2019-05-07,5944279,477087162,42000,137828,693275,477780437
2019-05-08,3121555,474686035,52600,143128,727090,475413125
2019-05-09,7589110,476877317,46100,135528,681706,477559023
2019-05-10,6908916,472112854,66300,124228,639774,472752628
2019-05-13,3668690,470089131,98900,156928,808179,470897310
2019-05-14,2704568,464966948,42800,82628,430492,465397440
2019-05-15,2887159,461256821,37000,63324,331185,461588006
2019-05-16,6361295,460427029,77300,102800,546896,460973925
2019-05-17,6722375,460494866,32300,79700,407267,460902133
2019-05-20,8224352,463663561,137100,171200,891952,464555513
2019-05-21,6362451,465228902,29100,119800,622960,465851862
2019-05-22,6375095,465874378,27400,108800,557056,466431434
2019-05-23,2560975,461785826,41250,89050,451484,462237310
2019-05-24,3405383,462104288,55700,115950,583229,462687517
2019-05-27,3497036,461082442,25950,76600,392958,461475400
2019-05-28,4112183,462959244,12600,82200,418398,463377642
2019-05-29,2663657,462261038,5800,71200,362408,462623446
2019-05-30,3002476,459688259,28400,74200,375452,460063711
2019-05-31,1697524,457007343,2500,71200,359560,457366903
2019-06-03,6582188,456724566,75400,107700,533115,457257681
2019-06-04,3832099,457207879,7000,94500,463050,457670929
2019-06-05,1615761,455030088,9500,97000,474330,455504418
2019-06-06,2502320,453516243,66600,136000,652800,454169043
2019-06-10,2847122,453947204,0,136000,654160,454601364
2019-06-11,7660791,456892006,5800,133300,662501,457554507
2019-06-12,3699764,457047202,35100,114400,561704,457608906
2019-06-13,1846742,456652939,19433,100333,496648,457149587
2019-06-14,1613278,456158748,14000,112333,549308,456708056
2019-06-17,1264462,455431858,0,98333,483798,455915656
2019-06-18,1486600,453157602,4000,102333,500408,453658010
2019-06-19,2514895,452936101,6000,104333,516448,453452549
2019-06-20,3099030,450281103,31700,81833,408347,450689450
2019-06-21,3902946,446009957,6000,75933,385740,446395697
2019-06-24,6748582,446818785,13400,89333,447558,447266343
2019-06-25,7021928,450738657,5800,95133,470908,451209565
2019-06-26,2189910,451290190,0,95133,469006,451759196
2019-06-27,2616623,451457759,36600,116633,576167,452033926
2019-06-28,6703463,453379736,0,112633,547396,453927132
2019-07-01,7849534,453725527,16200,84833,423317,454148844
2019-07-02,1897161,448279522,18500,96933,485634,448765156
2019-07-03,3782746,448584559,5000,81333,409105,448993664
2019-07-04,5429606,448793848,11800,83233,418662,449212510
2019-07-05,2042305,443771186,34000,107333,517345,444288531
2019-07-08,3727757,443991665,11100,82133,383561,444375226
2019-07-09,1328371,443314730,7000,78633,368002,443682732
2019-07-10,2347132,444109058,21800,89933,415490,444524548
2019-07-11,2333250,444545734,3000,81133,374023,444919757
2019-07-12,7593274,447345794,24600,102733,484900,447830694
2019-07-15,8766528,451413465,78985,123718,595084,452008549
2019-07-16,15272669,461767466,20000,93518,459173,462226639
2019-07-17,16234879,471397363,52500,121918,598617,471995980
2019-07-18,8397367,472420386,0,75818,362410,472782796
2019-07-19,1987332,470831812,12000,80118,385368,471217180
2019-07-22,7342251,475290833,23200,72018,341365,475632198
2019-07-23,2507989,475487484,4000,71118,338522,475826006
2019-07-24,6684068,472094466,13000,84118,408813,472503279
2019-07-25,8231534,478918610,2100,76018,364126,479282736
2019-07-26,2180191,476489095,43300,113318,546193,477035288
2019-07-29,2409059,477639360,500,113818,544050,478183410
2019-07-30,2458518,474762906,1400,114318,548726,475311632
2019-07-31,1168311,472223306,0,112618,542819,472766125
2019-08-01,2467873,472292705,500,112618,537188,472829893
2019-08-02,2489453,472995165,9000,76118,359277,473354442
2019-08-05,1698377,472674515,100,76218,355176,473029691
2019-08-06,5060281,470044030,31300,99318,444945,470488975
2019-08-07,3128989,470737100,0,89318,398358,471135458
2019-08-08,1081821,470099886,10000,99318,444945,470544831
2019-08-09,924871,469731225,0,99318,441965,470173190
2019-08-12,3992794,471417304,0,99318,442958,471860262
2019-08-13,1010837,471358575,0,99318,438986,471797561
2019-08-14,2133446,471324468,0,79318,352965,471677433
2019-08-15,2385331,469371508,56800,134618,596358,469967866
2019-08-16,2899712,469270745,0,77818,347068,469617813
2019-08-19,2396135,465958392,0,77818,357185,466315577
2019-08-20,7893045,468747846,7200,79318,360897,469108743
2019-08-21,1334993,467907675,7700,87018,396802,468304477
2019-08-22,2337537,465349716,26100,105418,480706,465830422
2019-08-23,1285060,458372380,50000,155418,718031,459090411
2019-08-26,17939668,459831095,20600,165818,807534,460638629
2019-08-27,21139423,464276408,0,151218,728871,465005279
2019-08-28,14293833,467472431,9500,105018,494635,467967066
2019-08-29,3795305,468070260,52100,150618,710917,468781177
2019-08-30,6285292,464488155,6000,149618,704701,465192856
2019-09-02,5207154,464326058,3100,146718,704246,465030304
2019-09-03,2355217,461932208,0,143618,687930,462620138
2019-09-04,4710610,460596850,0,143618,692239,461289089
2019-09-05,11509603,460321120,22400,145718,705275,461026395
2019-09-06,3015620,456802051,0,144518,703803,457505854
2019-09-09,5548118,458525734,0,144518,708138,459233872
2019-09-10,15398952,464491929,24700,121118,603168,465095097
2019-09-11,4595106,458693011,0,111118,554479,459247490
2019-09-12,8009548,456528197,0,98418,486185,457014382
2019-09-16,4990430,457463711,0,98418,482248,457945959
2019-09-17,11137599,464453351,0,98418,470438,464923789
2019-09-18,2801905,465171819,35100,133518,644892,465816711
2019-09-19,890522,462917961,0,118518,575997,463493958
2019-09-20,2931523,460732929,0,108418,525827,461258756
2019-09-23,6343531,461138922,10000,108418,522575,461661497
2019-09-24,2793464,455403143,15000,123418,592406,455995549
2019-09-25,3763929,454810607,0,111418,527007,455337614
2019-09-26,1420096,448413168,60500,171918,809734,449222902
2019-09-27,8126860,446757913,10000,126418,611863,447369776
2019-09-30,1535929,436864223,10000,125218,604803,437469026
2019-10-08,2876726,434614210,6000,131218,637719,435251929
2019-10-09,2587914,432564292,4000,135218,667977,433232269
2019-10-10,2984141,427742402,0,135218,674738,428417140
2019-10-11,2802463,423503796,0,121418,604662,424108458
2019-10-14,4000394,422630330,0,114018,571230,423201560
2019-10-15,2139634,418490478,8100,99118,490634,418981112
2019-10-16,2002585,418659869,3400,102218,504957,419164826
2019-10-17,2951419,420018891,3600,105818,516392,420535283
2019-10-18,3317326,421037257,1700,107418,516681,421553938
2019-10-21,2149216,421470639,100,90900,432684,421903323
2019-10-22,2199739,422286485,6100,96500,464165,422750650
2019-10-23,1967455,422226365,9000,93100,445018,422671383
2019-10-24,4281882,424413298,0,93100,448742,424862040
2019-10-25,3178601,425403897,0,93100,450604,425854501
2019-10-28,8364306,428006801,10000,103100,509314,428516115
2019-10-29,4019411,428902426,500,103600,500388,429402814
2019-10-30,2669651,429158029,10400,114000,547200,429705229
2019-10-31,832419,427521214,10000,124000,601400,428122614
2019-11-01,3161602,422107573,8200,122200,595114,422702687
2019-11-04,3302941,419986532,1100,123300,595539,420582071
2019-11-05,3240326,420127711,0,115100,558235,420685946
2019-11-06,1952258,418635466,0,115100,551329,419186795
2019-11-07,2912385,420127895,8600,123700,592523,420720418
2019-11-08,4398929,416623559,0,105800,509956,417133515
2019-11-11,7626359,418901303,30000,109100,501860,419403163
2019-11-12,2979906,420652912,0,79100,360696,421013608
2019-11-13,1431212,420363261,0,79100,359905,420723166
2019-11-14,1139881,419703813,2100,81200,371896,420075709
2019-11-15,604051,418981572,6900,88100,400855,419382427
2019-11-18,750375,418348801,400,58500,268515,418617316
2019-11-19,2055801,418777816,0,58500,270855,419048671
2019-11-20,1069718,418956387,100,58600,268388,419224775
2019-11-21,1030431,417025124,0,58600,268974,417294098
2019-11-22,1837037,415901488,0,58600,266630,416168118
2019-11-25,5696254,419545953,6800,65400,301494,419847447
2019-11-26,2458924,418062550,400,65800,303338,418365888
2019-11-27,1339725,418630676,0,65800,302680,418933356
2019-11-28,181600,415602311,29600,95400,441702,416044013
2019-11-29,4262236,418155553,0,76700,356655,418512208
2019-12-02,1228558,414865219,0,76600,357722,415222941
2019-12-03,1343120,414745876,7400,84000,393960,415139836
2019-12-04,2552042,415291899,0,83800,391346,415683245
2019-12-05,995874,411977880,5300,89100,420552,412398432
2019-12-06,17801649,420149470,29000,105600,520608,420670078
2019-12-09,12480820,422862694,16500,83100,395556,423258250
2019-12-10,11734744,420959795,500,80800,378144,421337939
2019-12-11,13167543,429093108,2500,81200,375956,429469064
2019-12-12,3194838,426294644,10400,91600,425024,426719668
2019-12-13,20923725,440418850,400,84300,399582,440818432
2019-12-16,23580185,441611659,800,80100,388485,442000144
2019-12-17,18210715,442761453,400,80100,391689,443153142
2019-12-18,28237861,457025493,40500,120600,598176,457623669
2019-12-19,11364301,462278079,400,81000,402570,462680649
2019-12-20,6467389,458950398,7200,88200,432180,459382578
2019-12-23,6904505,459307306,400,88600,424394,459731700
2019-12-24,4510364,457602853,0,88100,425523,458028376
2019-12-25,6882121,459096282,63000,151100,729813,459826095
2019-12-26,6820686,459682890,15800,166900,809465,460492355
2019-12-27,11378690,460741579,900,167800,807118,461548697
2019-12-30,2895463,452615175,12500,180300,879864,453495039
2019-12-31,7095890,448519804,300,180600,892164,449411968
2020-01-02,9067501,444391924,0,180500,900695,445292619
2020-01-03,5122528,437268947,0,172100,860500,438129447
2020-01-06,13359146,440521263,0,171700,853349,441374612
2020-01-07,10758519,439400850,10300,181700,915768,440316618
2020-01-08,18010103,433199578,0,181400,899744,434099322
2020-01-09,6087757,433035569,0,170600,853000,433888569
2020-01-10,8698276,435681107,400,171000,858420,436539527
2020-01-13,8602856,432780128,0,157400,801166,433581294
2020-01-14,10410427,434131019,0,157400,796444,434927463
2020-01-15,7631449,436870606,0,143000,720720,437591326
2020-01-16,5081208,436013355,0,140700,700686,436714041
2020-01-17,6898594,435790511,0,140700,693651,436484162
2020-01-20,9799388,437204690,300,85800,438438,437643128
2020-01-21,31377023,445634850,11000,96800,509168,446144018
2020-01-22,22113749,454172252,4900,86300,442719,454614971
2020-01-23,18610481,455098556,0,77400,378486,455477042
2020-02-03,14809324,450621991,0,69900,307560,450929551
2020-02-04,6903386,441809111,0,68900,319696,442128807
2020-02-05,32672935,439597687,0,68900,351390,439949077
2020-02-06,43285715,436274771,18200,85900,456129,436730900
2020-02-07,27361613,423173879,0,85900,447539,423621418
2020-02-10,58516093,459843223,1700,77600,405072,460248295
2020-02-11,23043023,457855691,64000,133000,672980,458528671
2020-02-12,11235043,451687034,0,130900,666281,452353315
2020-02-13,14978367,452679816,15700,146600,740330,453420146
2020-02-14,15484166,455289832,36900,183500,921170,456211002
2020-02-17,33172361,448572774,4200,187700,1000441,449573215
2020-02-18,35808411,462511003,35500,186900,973749,463484752
2020-02-19,18064588,459949410,600,187500,956250,460905660
2020-02-20,20576646,461097511,200,179100,916992,462014503
2020-02-21,13332580,463209375,10000,189100,968192,464177567
2020-02-24,15306317,459179678,10000,199100,1017401,460197079
2020-02-25,22585393,466053619,2600,191700,970002,467023621
2020-02-26,21012108,458356462,0,189100,951173,459307635
2020-02-27,20768869,456046977,60000,249100,1272901,457319878
2020-02-28,8863536,449251836,13400,194500,954995,450206831
2020-03-02,17716447,451149285,2000,173300,875165,452024450
2020-03-03,23273822,458607817,13800,187100,946726,459554543
2020-03-04,13794023,455979523,0,165500,834120,456813643
2020-03-05,30966977,468865685,64500,230000,1184500,470050185
2020-03-06,28276229,463554014,46300,225500,1168090,464722104
2020-03-09,41734512,472935634,76200,271700,1429142,474364776
2020-03-10,35356823,476419358,0,234600,1224612,477643970
2020-03-11,22998778,477358760,52700,284700,1474746,478833506
2020-03-12,11763376,466517452,18400,273100,1381886,467899338
2020-03-13,20045177,470307497,1200,273000,1351350,471658847
2020-03-16,12704782,467500875,0,264200,1278728,468779603
2020-03-17,6888233,466419203,10000,256800,1248048,467667251
2020-03-18,6817433,463586308,9300,256100,1221597,464807905
2020-03-19,7574663,465835150,49300,300100,1428476,467263626
2020-03-20,17808470,466789136,68600,336500,1679135,468468271
2020-03-23,15758120,464307925,1400,273600,1324224,465632149
2020-03-24,5815148,456614613,87937,361537,1778762,458393375
2020-03-25,10118470,457772036,27300,364837,1802294,459574330
2020-03-26,5482578,455385653,59000,423837,2072563,457458216
2020-03-27,6480228,448519747,35500,400337,1937631,450457378
2020-03-30,13876720,452312546,61500,456437,2241106,454553652
2020-03-31,10761455,453820959,46000,453137,2206777,456027736
2020-04-01,6918380,454815262,46100,480837,2308018,457123280
2020-04-02,4915749,453655270,6900,487737,2365524,456020794
2020-04-03,10705768,457737644,38900,526637,2527858,460265502
2020-04-07,8403740,455358746,8700,515437,2520487,457879233
2020-04-08,12186535,458730984,136700,644637,3210292,461941276
2020-04-09,8945076,460253893,73700,688237,3427420,463681313
2020-04-10,31054411,467586141,17400,705637,3605805,471191946
2020-04-13,60046988,494792137,47800,748437,3974200,498766337
2020-04-14,21708740,502911963,32300,772637,4056344,506968307
2020-04-15,22021701,507215389,13900,731537,3774731,510990120
2020-04-16,59718157,508786994,59400,688337,3751437,512538431
2020-04-17,38717678,496671409,72900,697237,3758107,500429516
2020-04-20,29557322,508317672,81800,778537,4219671,512537343
2020-04-21,41664338,501880049,133600,912137,4971147,506851196
2020-04-22,56305658,527967980,166527,1030664,5380066,533348046
2020-04-23,21693817,532657243,19700,988664,5131166,537788409
2020-04-24,12239977,526513451,59600,1043664,5333123,531846574
2020-04-27,23971135,522760485,42898,1012262,5334620,528095105
2020-04-28,38165229,517836289,148500,1053862,5606546,523442835
2020-04-29,41196045,526139655,239400,1292262,7081596,533221251
2020-04-30,29949662,529239717,12200,1143262,6127884,535367601
2020-05-06,33946467,544024858,140100,1259662,6764385,550789243
2020-05-07,20506833,538654225,76500,1330362,7157347,545811572
2020-05-08,20189070,541480857,2200,1247462,6698871,548179728
2020-05-11,19172064,533287886,212000,1417262,7454798,540742684
2020-05-12,10648363,530624263,130400,1493762,7842251,538466514
2020-05-13,9577583,532923893,206200,1492325,7804860,540728753
2020-05-14,9502142,533933332,124400,1609625,8305665,542238997
2020-05-15,9391987,533799173,122296,1698794,8714813,542513986
2020-05-18,9176042,528712612,30200,1718294,8849214,537561826
2020-05-19,7952623,528580104,137600,1834594,9466505,538046609
2020-05-20,6292496,516809254,76200,1900794,9694050,526503304
2020-05-21,6493688,514777668,19200,1899494,9649430,524427098
2020-05-22,6328122,506370238,269200,2104394,10437794,516808032
2020-05-25,2462398,504200739,24800,2057194,10203682,514404421
2020-05-26,6876893,506892244,2600,1892194,9517736,516409980
2020-05-27,6210686,506850396,143700,1930194,9728178,516578574
2020-05-28,11166240,510877137,74200,1951494,9991650,520868787
2020-05-29,4711272,510271582,0,1921594,9780914,520052496
2020-06-01,11339582,508347686,62700,1960196,10134213,518481899
2020-06-02,4406854,505607853,0,1958696,10126458,515734311
2020-06-03,5129230,504421507,6500,1953996,10082619,514504126
2020-06-04,36081244,511459749,90500,1920596,10255983,521715732
2020-06-05,21525019,498797903,45700,1752796,9272291,508070194
2020-06-08,26129651,507196399,71300,1784796,9584355,516780754
2020-06-09,19681023,511022761,17600,1762496,9640853,520663614
2020-06-10,24016447,513492970,48500,1810996,10014808,523507778
2020-06-11,31080628,520319373,90300,1866496,9799104,530118477
2020-06-12,7916271,518390567,0,1842396,9617307,528007874
2020-06-15,10447116,514826936,0,1692896,8853846,523680782
2020-06-16,16101164,514742030,11900,1701796,8985483,523727513
2020-06-17,21121517,515330188,54700,1672496,9098378,524428566
2020-06-18,19875630,514019120,49033,1609629,8691997,522711117
2020-06-19,17420090,503429682,94500,1511029,7963123,511392805
2020-06-22,16723341,502980038,71000,1409829,7359307,510339345
2020-06-23,21014899,502108008,264100,1562133,8310548,510418556
2020-06-24,23311222,508345412,113700,1520233,7996426,516341838
2020-06-29,22019353,513775216,61300,1549333,8288932,522064148
2020-06-30,31837406,517795399,279000,1783633,9595946,527391345
2020-07-01,43525656,527687658,429221,2210054,11779588,539467246
2020-07-02,38331612,522846261,182900,2346754,12555134,535401395
2020-07-03,25892937,508035793,59800,2195354,11832958,519868751
2020-07-06,60141609,514209936,71800,2111054,11864123,526074059
2020-07-07,52421739,506784195,234800,2110938,12011237,518795432
2020-07-08,37888541,511082580,68500,2044638,11715775,522798355
2020-07-09,60259781,522805035,251600,2197638,13075946,535880981
2020-07-10,48791582,525885946,176300,2310838,13680160,539566106
2020-07-13,52793397,534291023,178100,2306838,14163986,548455009
2020-07-14,40511766,523663418,180400,2314738,14004165,537667583
2020-07-15,35190183,516665826,185196,2422534,14365627,531031453
2020-07-16,38885058,524885013,307800,2584534,14757689,539642702
2020-07-17,16353381,514240702,76300,2504434,14300318,528541020
2020-07-20,27264711,514657437,167800,2184434,12910004,527567441
2020-07-21,28687050,518979863,120900,2147534,12949631,531929494
2020-07-22,30147064,522952666,140000,2143634,12776059,535728725
2020-07-23,85659784,555298276,212500,2295134,14344587,569642863
2020-07-24,47090917,553872944,210600,2434434,14630948,568503892
2020-07-27,68607920,541084784,297800,2558734,14124212,555208996
2020-07-28,34363440,556552174,284000,2802734,15134763,571686937
2020-07-29,13916718,533856713,69100,2695234,15147215,549003928
2020-07-30,21040570,533294562,140100,2718934,15062894,548357456
2020-07-31,22550562,525258418,67000,2645538,14815013,540073431
2020-08-03,35520728,524542888,134000,2681038,15281917,539824805
2020-08-04,27425092,526472201,87700,2734638,15532743,542004944
2020-08-05,20270522,513850352,114700,2761038,15627475,529477827
2020-08-06,20491258,508068307,84100,2832638,15777794,523846101
2020-08-07,19793210,503055467,67100,2892138,15848916,518904383
2020-08-10,9773322,496696230,33700,2885438,16043035,512739265
2020-08-11,22038798,505591908,91800,2931238,15945935,521537843
2020-08-12,22486943,514298561,133500,3057038,16202301,530500862
2020-08-13,9204435,508900681,17600,3061538,16348613,525249294
2020-08-14,8326169,501868194,2900,2909438,15594588,517462782
2020-08-17,18568526,498130743,56200,2863038,15718078,513848821
2020-08-18,18257091,498077872,162700,2952938,16625041,514702913
2020-08-19,24712629,497556061,67800,3014938,16943951,514500012
2020-08-20,17840740,499369886,92100,2941038,16528633,515898519
2020-08-21,12326341,493978336,125800,2928938,16343474,510321810
2020-08-24,9508528,491176119,208800,3001238,16956995,508133114
2020-08-25,17526776,497196782,9300,2876138,16221418,513418200
2020-08-26,10803358,494749313,34800,2826238,15685621,510434934
2020-08-27,8485738,496737003,6000,2672738,14753514,511490517
2020-08-28,11009178,486200105,51400,2575938,14425253,500625358
2020-08-31,19018175,497296825,159300,2664438,14707698,512004523
2020-09-01,6418032,495672740,47700,2677638,14727010,510399750
2020-09-02,10005848,495308225,170500,2822338,15522860,510831085
2020-09-03,10471676,495126411,66500,2888138,15855877,510982288
2020-09-04,8699586,493979562,42100,2872238,15596252,509575814
2020-09-07,11203364,492817897,19800,2869838,15324935,508142832
2020-09-08,10927288,491648731,1000,2774038,15118507,506767238
2020-09-09,37433721,505452898,83500,2734538,15340758,520793656
2020-09-10,20894034,496427009,166200,2681738,14910463,511337472
2020-09-11,19023244,491114478,573000,3223038,17404405,508518883
2020-09-14,26720504,507201207,141100,3362838,17936219,525137426
2020-09-15,9650669,507586055,130300,3480638,18691026,526277081
2020-09-16,6181964,506102385,600,3473438,18478691,524581076
2020-09-17,10820807,504982359,62100,3271738,17209342,522191701
2020-09-18,9091345,505710378,37300,2982638,15927287,521637665
2020-09-21,11251917,510074123,135400,3105538,16552518,526626641
2020-09-22,14960986,509511593,55400,3088138,16428895,525940488
2020-09-23,6815464,508995731,105500,3188738,16804650,525800381
2020-09-24,8678034,509102364,93500,3249738,16833643,525936007
2020-09-25,6384248,508880581,250880,3425918,17540701,526421282
2020-09-28,7436036,507052327,11200,3400518,17138611,524190938
2020-09-29,5525620,505304808,45900,3236418,16376275,521681083
2020-09-30,4886470,502353369,203200,3428818,17144090,519497459
2020-10-09,6315575,499622014,7600,3252218,16716401,516338415
2020-10-12,7431827,495851610,3500,3216418,16886194,512737804
2020-10-13,8299231,494849030,67400,3263318,17067153,511916183
2020-10-14,5025614,496607502,79300,3311414,17252467,513859969
2020-10-15,7357156,500490039,28400,3224914,16737303,517227342
2020-10-16,5017965,501933193,120100,3340414,17336748,519269941
2020-10-19,7878176,503587997,211200,3541614,18239312,521827309
2020-10-20,3459990,503552443,11500,3546114,18333409,521885852
2020-10-21,6368154,506792731,39300,3538314,18116169,524908900
2020-10-22,3043301,505074583,27300,3560714,18088428,523163011
2020-10-23,3844534,503707851,31800,3521264,17782384,521490235
2020-10-26,2353926,500529809,67400,3586164,18289436,518819245
2020-10-27,3489490,500444563,200,3520364,17883450,518328013
2020-10-28,7438436,497672773,89500,3609864,18735194,516407967
2020-10-29,9139279,497486477,52700,3622864,18983807,516470284
2020-10-30,7112740,495588996,24600,3647464,18966813,514555809
2020-11-02,8807016,501042187,7300,3634864,18465110,519507297
2020-11-03,4763829,502492313,41800,3674664,18887773,521380086
2020-11-04,9303420,503155014,0,3629464,18437678,521592692
2020-11-05,7439395,501910366,4000,3630764,18662127,520572493
2020-11-06,5321131,502522893,9800,3626964,18715133,521238026
2020-11-09,13656133,501197938,39000,3533864,18482109,519680047
2020-11-10,6106718,501941258,146400,3657764,18947217,520888475
2020-11-11,4985616,503662413,10300,3569364,18560693,522223106
2020-11-12,29018573,503540786,99500,3557064,19421570,522962356
2020-11-13,12790935,504145725,103100,3619264,19652604,523798329
2020-11-16,24684511,515471390,50900,3630064,20074255,535545645
2020-11-17,46718072,517103566,40100,3519964,20098995,537202561
2020-11-18,38143576,520716163,167000,3391264,19194554,539910717
2020-11-19,39161680,534168136,55400,3228864,18113928,552282064
2020-11-20,19996620,527351155,38000,3220864,18262299,545613454
2020-11-23,28406750,532829776,14200,3163864,17875832,550705608
2020-11-24,20033810,540819113,14800,2948064,16273314,557092427
2020-11-25,12054149,539294237,40000,2888664,15714332,555008569
2020-11-26,11268125,540494773,2800,2797164,15188601,555683374
2020-11-27,6072447,536257940,39300,2780564,15265296,551523236
2020-11-30,12744794,528322360,300,2602064,13999104,542321464
2020-12-01,10129790,526787338,300,2320768,12694601,539481939
2020-12-02,10229698,528439586,600,1972531,10710843,539150429
2020-12-03,15626550,531420304,600,1116526,6230215,537650519
2020-12-04,8491393,531871704,36200,898576,4987098,536858802
2020-12-07,22850757,536437937,8600,700276,3942554,540380491
2020-12-08,10793938,534111610,19200,489696,2742298,536853908
2020-12-09,22970835,528522265,6300,476796,2670058,531192323
2020-12-10,16306791,531214437,5300,465296,2638229,533852666
2020-12-11,24364163,528415925,2300,435296,2481187,530897112
2020-12-14,63288522,535227516,105700,530896,3217230,538444746
2020-12-15,62023208,538887063,190384,676880,4135738,543022801
2020-12-16,19500979,531359945,37600,650080,3945987,535305932
2020-12-17,22347085,530849512,91900,730180,4424891,535274403
2020-12-18,24705397,536314026,218600,885280,5249711,541563737
2020-12-21,41794280,536832104,128300,962530,5775180,542607284
2020-12-22,40842454,547195478,316600,1232430,7197392,554392870
2020-12-23,19892628,548716087,110800,1310830,7615923,556332010
2020-12-24,24037005,559224717,199200,1508930,8736705,567961422
2020-12-25,26180614,550744803,280400,1753230,9783024,560527827
2020-12-28,15794963,553869585,343000,2095930,11527615,565397200
2020-12-29,16455110,558855232,201400,2297330,12750182,571605414
2020-12-30,14303602,563391875,105100,2379230,13109558,576501433
2020-12-31,13766163,557914310,194900,2532030,14027446,571941756
2021-01-04,33406028,562622121,207500,2690930,14531022,577153143
2021-01-05,12042418,561781269,132600,2818930,15278600,577059869
2021-01-06,6343794,562587977,49900,2867930,15429463,578017440
2021-01-07,19626175,562593094,87600,2954530,15452192,578045286
2021-01-08,14724991,558015060,14400,2869930,15411525,573426585
2021-01-11,15524375,561461734,25100,2667140,13869128,575330862
2021-01-12,5093929,558876902,30000,2278840,11872757,570749659
2021-01-13,6553800,556728308,800,2072340,10755445,567483753
2021-01-14,4762842,553886995,6300,2075440,10771534,564658529
2021-01-15,4059367,551678774,21200,1985840,10346227,562025001
2021-01-18,8765827,551611472,296123,2235863,11671204,563282676
2021-01-19,12064841,550272394,72600,2307163,12274108,562546502
2021-01-20,13794554,554735569,78800,2375463,12661219,567396788
2021-01-21,12489928,554730788,46900,2411763,12782344,567513132
2021-01-22,16621498,559985627,20000,2431663,12596014,572581641
2021-01-25,16795854,559111314,1400,2421463,12155745,571267059
2021-01-26,5452000,547349996,227500,2648463,13215831,560565827
2021-01-27,9065184,545997144,64000,2712263,13371457,559368601
2021-01-28,11383881,545292498,76300,2785263,13424968,558717466
2021-01-29,6347570,544141150,9400,2770063,13240902,557382052
2021-02-01,7960971,547089986,39000,2804963,13519922,560609908
2021-02-02,11271004,548037917,91400,2891463,13879022,561916939
2021-02-03,6609202,546375859,3800,2893963,13804204,560180063
2021-02-04,16268145,550680186,72900,2951363,14137029,564817215
2021-02-05,24974060,552208949,44900,2968963,14696367,566905316
2021-02-08,13856108,553752844,37700,3005363,14606064,568358908
2021-02-09,19890307,557321636,207800,3194063,15842553,573164189
2021-02-10,31455546,555752893,44500,3224463,15961092,571713985
2021-02-18,19679191,540967577,59400,3253263,16396445,557364022
2021-02-19,20000116,541801870,46100,3216163,16498916,558300786
2021-02-22,21313213,536606275,2800,2927963,15225408,551831683
2021-02-23,18589502,538176255,49300,2971363,15629370,553805625
2021-02-24,18849553,543574862,127600,3098863,16176064,559750926
2021-02-25,17170026,544296566,96000,3146763,16111427,560407993
2021-02-26,8381032,545741073,84800,3163713,15881840,561622913
2021-03-01,12040397,541671163,215900,3330813,17420152,559091315
2021-03-02,11744663,544658403,437100,3760013,19364067,564022470
2021-03-03,6726191,542525911,1229000,4971213,25800596,568326507
2021-03-04,9906361,540904504,285000,5029013,25999997,566904501
2021-03-05,10018822,533720137,155900,5184913,26909699,560629836
2021-03-08,12864637,533967576,32200,5186313,26657649,560625225
2021-03-09,12252579,532745759,72200,5233613,26743763,559489522
2021-03-10,9021222,534581828,26800,5187113,25676210,560258038
2021-03-11,6299716,532173894,138400,5324513,26516074,558689968
2021-03-12,11758394,532692747,77400,5380113,27061969,559754716
2021-03-15,6526998,530010350,7600,5384213,27244118,557254468
2021-03-16,8782997,525443245,2900,5039729,26055399,551498644
2021-03-17,8695264,528503043,9600,4989929,25698134,554201177
2021-03-18,41793652,535867529,107800,4910929,26715454,562582983
2021-03-19,23275050,539452576,334106,5197735,28327656,567780232
2021-03-22,13239704,536343618,16400,4892329,26516423,562860041
2021-03-23,16371307,535131815,8700,4660133,24745307,559877122
2021-03-24,11647788,536949399,204600,4825333,25526012,562475411
2021-03-25,11512007,538395673,78300,2822333,14817249,553212922
2021-03-26,8600678,537478580,178700,2984933,15641049,553119629
2021-03-29,23314865,536128999,94550,3018583,16149420,552278419
2021-03-30,23274910,540839806,52700,3043183,16372325,557212131
2021-03-31,19385304,542908874,58200,3028783,16325141,559234015
2021-04-01,39851841,543032460,271800,3271683,18157842,561190302
2021-04-02,21378626,538222785,48300,3052995,16669353,554892138
2021-04-06,19576941,538834982,18900,2893395,16116211,554951193
2021-04-07,62293073,559375413,175200,3033195,17380209,576755622
2021-04-08,34224313,558629029,42500,3067695,17363154,575992183
2021-04-09,47574330,568739747,300750,3367645,19431313,588171060
2021-04-12,36245105,565989526,276300,3489178,19609179,585598705
2021-04-13,73556412,580838784,101900,3523278,20611178,601449962
2021-04-14,113895535,616567953,119600,3628766,22026611,638594564
2021-04-15,109782254,634340826,1308500,4800966,30006039,664346865
2021-04-16,69402101,639917924,149800,4687716,28548190,668466114
2021-04-19,99048338,669019036,39200,4705816,27999606,697018642
2021-04-20,93000297,654665208,177900,4808216,29618610,684283818
2021-04-21,155644842,716365722,56700,4603816,29234232,745599954
2021-04-22,92936413,681108413,360300,4696416,29587421,710695834
2021-04-23,55893625,660400137,44900,4655916,28959797,689359934
2021-04-26,87970500,670107944,304900,4859316,31488368,701596312
2021-04-27,92352139,681847184,412100,3878316,24433391,706280575
2021-04-28,118595972,673363601,193300,3781016,24992517,698356118
2021-04-29,83699294,672798969,179400,3714216,23919552,696718521
2021-04-30,129873752,676809243,7100,3551416,22977662,699786905
2021-05-06,225439794,728876645,284400,3788116,25797070,754673715
2021-05-07,131096077,721181076,413800,3975916,25127790,746308866
2021-05-10,108916192,731833623,365900,4304916,27422316,759255939
2021-05-11,81993374,718361097,146700,4378316,27233125,745594222
2021-05-12,186973549,750792140,389500,4489316,30706922,781499062
2021-05-13,127932531,704091540,284638,4236054,29313494,733405034
2021-05-14,120363719,739438209,254800,4085654,27087886,766526095
2021-05-17,105484309,767070731,578800,4345054,29285664,796356395
2021-05-18,69085150,763021992,51100,4339554,29335385,792357377
2021-05-19,107935085,787132231,30400,3952554,26600690,813732921
2021-05-20,102860644,751223929,78170,3916924,26870098,778094027
2021-05-21,87966414,761731170,65100,3947024,26326651,788057821
2021-05-24,83331562,782148977,71600,3849224,25828294,807977271
2021-05-25,140104404,783120685,83500,3682524,26219571,809340256
2021-05-26,110212784,811548200,181400,3634024,25728890,837277090
2021-05-27,117451269,800133997,40800,3576124,25962660,826096657
2021-05-28,125314997,795149906,114900,3585924,25495921,820645827
2021-05-31,108961157,804836528,137300,3584024,26091694,830928222
2021-06-01,98656885,793012990,106800,3440338,25217678,818230668
2021-06-02,93298865,775085758,82700,2928822,20326025,795411783
2021-06-03,81810070,784132407,37600,2719422,19144731,803277138
2021-06-04,77335554,783181329,128100,2486522,16709428,799890757
2021-06-07,58894587,760678453,81500,2151322,13854514,774532967
2021-06-08,74682932,792827687,35100,1823329,11796938,804624625
2021-06-09,51118941,793978122,18200,1390600,9205772,803183894
2021-06-10,44698185,780317475,18700,1388400,8969064,789286539
2021-06-11,31273011,776536973,7400,1336800,8689200,785226173
2021-06-15,58848603,781891158,13300,1328200,8208276,790099434
2021-06-16,16239090,771694677,378200,1662100,10105568,781800245
2021-06-17,29703703,774180753,216700,1851700,11295370,785476123
2021-06-18,30049472,773305976,175000,1953900,11977407,785283383
2021-06-21,36237413,783079532,265800,2212000,13603800,796683332
2021-06-22,29473480,786981842,263700,2453000,15061420,802043262
2021-06-23,27784263,765301087,216400,2634900,16046541,781347628
2021-06-24,33617027,738452588,407600,2755700,16258630,754711218
2021-06-25,26701234,724530600,179500,2916200,17905468,742436068
2021-06-28,38791116,730512690,182200,3072600,19234476,749747166
2021-06-29,27405453,727411216,338300,3365600,20900376,748311592
2021-06-30,27014333,738991875,152400,3517900,21846159,760838034
2021-07-01,49466515,738320421,124000,3544100,22150625,760471046
2021-07-02,30902966,734305712,385900,3901100,23562644,757868356
2021-07-05,19988585,733940601,28900,3895000,23525800,757466401
2021-07-06,17925369,724134238,76000,3917700,23192784,747327022
2021-07-07,27596017,737629666,201900,4048000,23883200,761512866
2021-07-08,26443108,733230728,56500,3739700,21428481,754659209
2021-07-09,8829837,722090160,131500,3831400,22260434,744350594
2021-07-12,17600500,715359043,89500,3903200,22677592,738036635
2021-07-13,25002359,707685917,106700,3931800,23118984,730804901
2021-07-14,32712794,706331719,62100,3937100,23347003,729678722
2021-07-15,20985706,704427513,364100,4292300,25024109,729451622
2021-07-16,9461170,695706479,174500,4418900,25762187,721468666
2021-07-19,30257462,698053134,44600,4452900,26717400,724770534
2021-07-20,19754120,702220969,65200,4487800,27061434,729282403
2021-07-21,19621285,701370715,34400,4445400,26450130,727820845
2021-07-22,22879046,665053958,36600,4453200,25962156,691016114
2021-07-23,24848359,657083254,36300,4414000,25071520,682154774
2021-07-26,28622018,661998768,9700,4350300,23796141,685794909
2021-07-27,12911040,661197692,7400,4344800,23592264,684789956
2021-07-28,11049139,656076755,39961,4349461,23487089,679563844
2021-07-29,10881466,658520603,12800,4257861,22949871,681470474
2021-07-30,17876655,662444302,231000,4459161,24079469,686523771
2021-08-02,14998800,651064680,179900,4631161,25147204,676211884
2021-08-03,15105859,646236493,76800,4668761,25444747,671681240
2021-08-04,16761327,648300562,67700,4736461,25482160,673782722
2021-08-05,17552015,648278250,32600,4382234,23182018,671460268
2021-08-06,10160380,640871811,49500,4176834,21886611,662758422
2021-08-09,11843261,636677420,2000,3881561,20960429,657637849
2021-08-10,13285566,638553400,18700,3862261,21049322,659602722
2021-08-11,10643343,633854436,43200,3758961,20335979,654190415
2021-08-12,50165846,648255841,132100,3719061,21235838,669491679
2021-08-13,22381132,648908885,288400,3943461,22162251,671071136
2021-08-16,23309215,651826178,117900,3871661,22262051,674088229
2021-08-17,17316094,649407423,71700,3914661,22117835,671525258
2021-08-18,18293498,646625151,69700,3879661,22463237,669088388
2021-08-19,18933428,648769049,260800,4139661,23554671,672323720
2021-08-20,12740432,640612737,42200,4010561,22900303,663513040
2021-08-23,14748487,634562114,30500,3840161,21850516,656412630
2021-08-24,17148596,628735821,11100,3756861,21263833,649999654
2021-08-25,11028267,613807369,38700,3732561,21686179,635493548
2021-08-26,26763804,608758612,1800,3701661,21839800,630598412
2021-08-27,15466497,610210935,200,3698261,21708792,631919727
2021-08-30,22955943,615801970,26200,3720861,21432159,637234129
2021-08-31,32616037,615662262,5100,3694761,22020776,637683038
2021-09-01,43815554,627513940,360900,4031061,24629783,652143723
2021-09-02,27258947,627092254,496500,4478361,27452353,654544607
2021-09-03,95147452,622179283,112000,4343261,27796870,649976153
2021-09-06,135190866,663161593,804800,5136361,34721800,697883393
2021-09-07,194586230,694737958,550500,5480561,40775374,735513332
2021-09-08,257391244,703151074,200552,5659913,46071692,749222766
2021-09-09,211290745,701750642,111800,5576313,46896792,748647434
2021-09-10,137932012,651848459,239200,5106613,45346724,697195183
2021-09-13,176938366,668076131,263600,5185013,50657577,718733708
2021-09-14,290231521,741136187,292600,5131613,45106878,786243065
2021-09-15,127336787,709290185,340100,5303413,47200376,756490561
2021-09-16,146787935,703301567,235000,4925213,41716554,745018121
2021-09-17,104167308,695425207,24000,4595513,38372533,733797740
2021-09-22,129717926,722997261,340100,3995313,34839129,757836390
2021-09-23,92799413,732813782,172300,3994713,34634162,767447944
2021-09-24,108359900,743729254,205900,4033113,34846096,778575350
2021-09-27,70431462,686861789,119800,4127013,32108162,718969951
2021-09-28,81268135,704349542,193100,4084513,29612719,733962261
2021-09-29,47168540,694037286,107200,3910213,26784959,720822245
2021-09-30,36586946,680840151,66300,3626813,25170082,706010233
2021-10-08,28774132,673945359,131980,3656093,25409846,699355205
2021-10-11,33684374,678797213,88900,3475026,23699678,702496891
2021-10-12,47663833,691556902,223800,3663626,24546295,716103197
2021-10-13,30727740,697650448,985000,4549646,30437132,728087580
2021-10-14,33988292,700113533,97000,4469946,30440332,730553865
2021-10-15,27879075,670170807,87300,4534946,30157391,700328198
2021-10-18,28162317,668866293,25600,3929346,26444499,695310792
2021-10-19,40419848,669994563,16100,3923046,26559021,696553584
2021-10-20,30362549,667187420,84600,3900446,25898961,693086381
2021-10-21,77725416,691640502,117300,3910446,27099391,718739893
2021-10-22,93589271,710346716,404100,4066746,26067842,736414558
2021-10-25,30339151,704951133,136600,4075746,26329319,731280452
2021-10-26,21979938,690043117,56600,4084346,26017284,716060401
2021-10-27,19724894,686064345,100300,4018846,25117787,711182132
2021-10-28,19782110,679210121,6900,3907746,23915405,703125526
2021-10-29,22261641,679863820,46800,3814046,23647085,703510905
2021-11-01,97306078,704100886,360400,4096546,26750445,730851331
2021-11-02,46623973,686074522,40000,4079546,25456367,711530889
2021-11-03,41062173,697052688,55200,4088846,25882395,722935083
2021-11-04,33573571,699137877,70900,4105846,26441648,725579525
2021-11-05,67437216,717037020,67500,4118546,26646993,743684013
2021-11-08,43780947,731419122,1172100,5112246,32718374,764137496
2021-11-09,37949679,705907795,51100,4212846,27973297,733881092
2021-11-10,58438528,705239007,469300,4551546,31087060,736326067
2021-11-11,108641857,721263664,486300,4984546,35091203,756354867
2021-11-12,75136426,734632264,84300,4666046,32755643,767387907
2021-11-15,81061389,759869926,122800,4623746,30562961,790432887
2021-11-16,54724394,755584699,48200,4594046,29539716,785124415
2021-11-17,39250316,749689582,63800,4614546,29440803,779130385
2021-11-18,22560033,744801535,155800,4638946,29642865,774444400
2021-11-19,75652265,749697600,545300,4777746,32154231,781851831
2021-11-22,63830824,714283408,73900,4804846,35555860,749839268
2021-11-23,86997952,726024359,539500,4726446,35684668,761709027
2021-11-24,60603708,739609930,531800,4604146,34300887,773910817
2021-11-25,88086257,768877310,471567,4828417,36744253,805621563
2021-11-26,53317259,764224893,192421,4256738,32053237,796278130
2021-11-29,41297859,763265981,508700,3867238,28501544,791767525
2021-11-30,73412156,800005388,245000,3869038,28476120,828481508
2021-12-01,51023937,816010367,65000,3054777,22666446,838676813
2021-12-02,54115942,831705921,146100,2192704,16116374,847822295
2021-12-03,28203022,813546918,25400,1877304,13892050,827438968
2021-12-06,43511510,815352999,146300,1732437,12473547,827826546
2021-12-07,28926016,796967348,11700,1259204,8889980,805857328
2021-12-08,29213986,809285467,66700,1296104,9228260,818513727
2021-12-09,40088926,818422925,42200,1245704,8881870,827304795
2021-12-10,31507151,827264494,2700,1143604,8005228,835269722
2021-12-13,28484688,823939298,139200,1268104,8813323,832752621
2021-12-14,23019793,814374197,11300,1221904,8394480,822768677
2021-12-15,22727189,814818835,160700,1301204,8978308,823797143
2021-12-16,32092791,822025290,239100,1503004,10460908,832486198
2021-12-17,25785754,817569343,287300,1779804,12049273,829618616
2021-12-20,18479732,801508700,123900,1842204,12379611,813888311
2021-12-21,15203600,803888391,415700,2239304,15227267,819115658
2021-12-22,31477353,803426315,402500,2616004,18285868,821712183
2021-12-23,24636115,807287676,240600,2838204,19555226,826842902
2021-12-24,25632746,806016020,249200,3083104,21304249,827320269
2021-12-27,64851471,827475509,167100,3235304,23358895,850834404
2021-12-28,34221733,833069798,181800,3410504,24385104,857454902
2021-12-29,30203872,830055391,63200,3416304,24597389,854652780
2021-12-30,31486595,827942079,119400,3200804,22981773,850923852
2021-12-31,23531961,810104865,45600,3137604,22716253,832821118
2022-01-04,41953147,819757114,7700,3106204,22675289,842432403
2022-01-05,37919366,817727495,300000,3113004,22133458,839860953
2022-01-06,21152616,817401655,5100,3049404,21711756,839113411
2022-01-07,27978493,815835240,55300,2679104,19021638,834856878
2022-01-10,18499950,813602030,283400,2941304,20942084,834544114
2022-01-11,34718588,819512029,41700,2951204,21278181,840790210
2022-01-12,31895406,807359372,133500,3011204,22162461,829521833
2022-01-13,40885960,815629215,113900,3055304,21814871,837444086
2022-01-14,39508668,813484382,112500,3152504,22824129,836308511
2022-01-17,36744346,809267752,27000,3155404,22466476,831734228
2022-01-18,47828132,821247594,194600,3327304,22692213,843939807
2022-01-19,31771819,805505501,259267,3581371,25499361,831004862
2022-01-20,31500509,803122139,83300,3311104,22879729,826001868
2022-01-21,18065428,796316781,88300,3258704,21670382,817987163
2022-01-24,16467909,781212588,57500,3211804,20716136,801928724
2022-01-25,15377041,762174883,38200,2988904,18770317,780945200
2022-01-26,9183171,760620592,153400,3107304,19513869,780134461
2022-01-27,9091776,750271445,778200,3792204,23359977,773631422
2022-01-28,20470935,743672016,83400,3679704,22924556,766596572
2022-02-07,13130376,743661092,232000,3788204,23752039,767413131
2022-02-08,11857582,739233585,70200,3844104,24448501,763682086
2022-02-09,22281849,737496428,234800,3822104,24423245,761919673
2022-02-10,17751876,730201551,180900,4002704,25537252,755738803
2022-02-11,23972318,734519454,69200,4036504,25066690,759586144
2022-02-14,8550665,724205942,15900,3991804,24948775,749154717
2022-02-15,15462807,729828996,280194,4248098,26338208,756167204
2022-02-16,10750755,726020656,17100,4181804,25843549,751864205
2022-02-17,9633640,715415790,29200,3741304,23009020,738424810
2022-02-18,11897103,714988292,110100,3715404,22961197,737949489
2022-02-21,22488973,713496083,22400,3689504,23465245,736961328
2022-02-22,26482950,721317066,119100,3788041,23410094,744727160
2022-02-23,20011911,718943879,14400,3714341,23548922,742492801
2022-02-24,26870783,715392489,71000,3526441,21546554,736939043
2022-02-25,26931362,706259284,24300,2358341,14833965,721093249
2022-02-28,17645493,712026887,47600,2216541,13942043,725968930
2022-03-01,9996759,710360456,252100,2463041,15517158,725877614
2022-03-02,10235780,704138802,5300,2115041,13388209,717527011
2022-03-03,24010770,706629562,63300,2176041,13883142,720512704
2022-03-04,35097159,712557196,500600,2649841,17064976,729622172
2022-03-07,30818818,712034653,548600,3037941,19746617,731781270
2022-03-08,59180562,725742876,423800,3069441,17986924,743729800
2022-03-09,23160484,713630828,382700,3196741,17997652,731628480
2022-03-10,18291775,696940107,234900,3271241,19463884,716403991
2022-03-11,16589567,684715690,123300,3231041,19741660,704457350
2022-03-14,16097151,680186549,195700,3321341,19795193,699981742
2022-03-15,24764563,678122087,205759,2786250,15491550,693613637
2022-03-16,21253335,676668066,568300,3101950,17805193,694473259
2022-03-17,14067940,665455443,136800,2773650,16503218,681958661
2022-03-18,10521830,651671666,57300,2789050,16650629,668322295
2022-03-21,12829598,650981953,138000,2741350,16585168,667567121
2022-03-22,7493402,647178053,249800,2877950,17210141,664388194
2022-03-23,13842789,647752604,362100,3198450,19222685,666975289
2022-03-24,8317605,640584938,144700,3231650,19519165,660104103
2022-03-25,10340237,635806471,239600,3349250,19961531,655768002
2022-03-28,13908835,637026941,109700,3119050,18683110,655710051
2022-03-29,24013045,643191811,158800,3056550,18644955,661836766
2022-03-30,30889665,659446676,97000,3064650,18571779,678018455
2022-03-31,20786820,650032510,31200,2973691,18228727,668261237
2022-04-01,14465513,644897606,18400,2980191,18179165,663076771
2022-04-06,14252207,644676310,119400,3069591,18908681,663584991
2022-04-07,20951629,654759203,45300,3051491,18247916,673007119
2022-04-08,15759632,649556245,44300,3049291,18204268,667760513
2022-04-11,14334719,656922382,81200,3096391,17711357,674633739
2022-04-12,12991393,654139163,204300,3259991,18777548,672916711
2022-04-13,8375360,653495026,4200,2867041,16112770,669607796
2022-04-14,11871672,615921970,472500,3327941,18636469,634558439
2022-04-15,10651326,616013882,41700,3298641,17977594,633991476
2022-04-18,8670161,618421542,80100,3351441,18298868,636720410
2022-04-19,12120994,621111288,15600,3327841,18502796,639614084
2022-04-20,20518365,632412115,25000,3323641,18180316,650592431
2022-04-21,13365186,635637715,106000,3422341,18035737,653673452
