日期,融资买入额(元),融资余额(元),融券卖出量,融券余量,融券余额(元),融资融券余额(元)
2017-07-12,7723574,230100805,66300,66393,779454,230880259
2017-07-13,3578497,231249063,1800,11993,141038,231390101
2017-07-14,4760446,228628663,8100,9993,115819,228744482
2017-07-17,8480224,224068715,63899,65792,710554,224779269
2017-07-18,3701684,221446286,8100,58192,627310,222073596
2017-07-19,6949261,221832643,0,93,1018,221833661
2017-07-20,4906535,216484260,18600,18693,203006,216687266
2017-07-21,3589942,216932522,30700,49393,538384,217470906
2017-07-24,6191078,215381897,0,30793,339031,215720928
2017-07-25,4153875,214818682,1200,31993,356722,215175404
2017-07-26,9727172,218950998,17800,49793,554694,219505692
2017-07-27,4472661,217375563,4800,35693,401189,217776752
2017-07-28,4763343,219617625,0,93,1033,219618658
2017-07-31,5803223,218657888,0,93,1043,218658931
2017-08-01,11051840,220055015,23800,23893,268318,220323333
2017-08-02,5040133,220164783,0,93,1032,220165815
2017-08-03,7924403,222250007,0,93,1050,222251057
2017-08-04,15901353,225890089,73800,73893,839424,226729513
2017-08-07,24706141,243959793,0,63793,729154,244688947
2017-08-08,7947112,247048092,0,93,1056,247049148
2017-08-09,3421825,241014729,0,93,1071,241015800
2017-08-10,20003389,248960216,73800,73893,857898,249818114
2017-08-11,9820429,243843003,0,50093,569557,244412560
2017-08-14,4320928,238966214,0,93,1085,238967299
2017-08-15,5838301,236800017,4100,4193,48848,236848865
2017-08-16,1943122,233798891,0,4193,48848,233847739
2017-08-17,2095919,230546901,0,93,1081,230547982
2017-08-18,10328656,235099427,10750,10843,125237,235224664
2017-08-21,3000910,235587029,500,5143,59710,235646739
2017-08-22,3676282,233699645,18800,23943,274147,233973792
2017-08-23,6052762,236305257,0,6043,68346,236373603
2017-08-24,5883647,239292639,0,2743,31106,239323745
2017-08-25,3160606,234133296,0,1443,16811,234150107
2017-08-28,5059057,232096858,0,143,1692,232098550
2017-08-29,3188969,228319441,0,143,1686,228321127
2017-08-30,3483516,226411922,0,143,1697,226413619
2017-08-31,4188716,216176912,0,143,1739,216178651
2017-09-01,14715551,211179000,0,143,1690,211180690
2017-09-04,8578688,212178710,0,143,1672,212180382
2017-09-05,3639855,213230696,3800,3943,46212,213276908
2017-09-06,4077248,211690775,0,1643,19207,211709982
2017-09-07,4523660,212125194,1500,3143,36239,212161433
2017-09-08,3697685,213206080,10800,13943,160066,213366146
2017-09-11,5705550,215228978,0,143,1659,215230637
2017-09-12,4526715,215567641,0,143,1649,215569290
2017-09-13,6791544,214905595,0,143,1662,214907257
2017-09-14,12795611,224772801,19900,20043,229492,225002293
2017-09-15,5656585,227010729,0,18443,210250,227220979
2017-09-18,2831012,226197968,0,143,1653,226199621
2017-09-19,2687635,225097051,8300,8443,96841,225193892
2017-09-20,6979288,224287650,0,143,1660,224289310
2017-09-21,2252552,223528601,800,943,10845,223539446
2017-09-22,1804215,221236252,0,943,10826,221247078
2017-09-25,1850265,216643523,19800,19923,224532,216868055
2017-09-26,2237520,216812756,4000,23923,269134,217081890
2017-09-27,2977933,206167008,0,18123,212764,206379772
2017-09-28,17235737,208592170,0,3423,40357,208632527
2017-09-29,1563018,203563054,0,123,1460,203564514
2017-10-09,3031034,203713536,23200,23323,279643,203993179
2017-10-10,6941995,204022637,600,723,8734,204031371
2017-10-11,4111373,200943773,0,123,1477,200945250
2017-10-12,2871865,190585163,23800,23923,287554,190872717
2017-10-13,10535898,190769741,0,123,1530,190771271
2017-10-16,4163904,187512163,23800,23923,301669,187813832
2017-10-17,5158358,185203266,0,123,1569,185204835
2017-10-18,3902212,155343529,23800,23923,298320,155641849
2017-10-19,11206853,150984023,0,107,1329,150985352
2017-10-20,9029335,149799103,23800,23907,306249,150105352
2017-10-23,18949912,162390980,0,57,703,162391683
2017-10-24,10795071,169229141,16900,16957,207893,169437034
2017-10-25,3833825,166954038,0,57,702,166954740
2017-10-26,4874292,166045340,0,57,701,166046041
2017-10-27,4351711,164781765,0,57,697,164782462
2017-10-30,5580622,163326895,16900,16957,203314,163530209
2017-10-31,3182824,162280488,0,3357,40788,162321276
2017-11-01,5251048,160746202,0,57,701,160746903
2017-11-02,11163448,167510138,16900,16957,209249,167719387
2017-11-03,5351956,167883007,0,57,686,167883693
2017-11-06,15839740,166158964,0,0,0,166158964
2017-11-07,5656488,166815307,5000,5000,62450,166877757
2017-11-08,20526951,168038467,0,0,0,168038467
2017-11-09,11887159,169648176,0,0,0,169648176
2017-11-10,13004457,174343428,0,0,0,174343428
2017-11-13,4576734,171989058,0,0,0,171989058
2017-11-14,11745574,175530708,0,0,0,175530708
2017-11-15,6729808,177537630,0,0,0,177537630
2017-11-16,15285360,177205333,0,0,0,177205333
2017-11-17,8211303,168623372,0,0,0,168623372
2017-11-20,9423488,172112232,0,0,0,172112232
2017-11-21,26207003,186147713,0,0,0,186147713
2017-11-22,30797726,186492345,0,0,0,186492345
2017-11-23,15252656,181611618,0,0,0,181611618
2017-11-24,8054452,177636239,0,0,0,177636239
2017-11-27,3775072,174656322,0,0,0,174656322
2017-11-28,38988229,210845020,0,0,0,210845020
2017-11-29,5105960,212981975,0,0,0,212981975
2017-11-30,12350760,218693533,0,0,0,218693533
2017-12-01,42090941,257109387,0,0,0,257109387
2017-12-04,3706131,257679728,0,0,0,257679728
2017-12-05,3661377,256206836,0,0,0,256206836
2017-12-06,3538332,257436817,0,0,0,257436817
2017-12-07,4254349,258856104,0,0,0,258856104
2017-12-08,9233661,265821735,0,0,0,265821735
2017-12-11,2418786,266893472,0,0,0,266893472
2017-12-12,5343501,270176261,0,0,0,270176261
2017-12-13,2354130,270544814,0,0,0,270544814
2017-12-14,2069951,270951774,0,0,0,270951774
2017-12-15,894259,268247346,0,0,0,268247346
2017-12-18,2023098,268735122,0,0,0,268735122
2017-12-19,1005430,268153686,0,0,0,268153686
2017-12-20,6242384,268693972,0,0,0,268693972
2017-12-21,6517823,267417287,0,0,0,267417287
2017-12-22,7252841,257813421,0,0,0,257813421
2017-12-25,18422539,216133285,0,0,0,216133285
2017-12-26,9753892,218875952,0,0,0,218875952
2017-12-27,6301043,216397331,0,0,0,216397331
2017-12-28,2432121,212046269,0,0,0,212046269
2017-12-29,11742826,214668681,0,0,0,214668681
2018-01-02,17427964,219233708,0,0,0,219233708
2018-01-03,8304634,221756522,0,0,0,221756522
2018-01-04,4543421,222768733,0,0,0,222768733
2018-01-05,36804079,218123570,0,0,0,218123570
2018-01-08,16824642,218601869,0,0,0,218601869
2018-01-09,14316922,220684254,0,0,0,220684254
2018-01-10,16224397,225453808,0,0,0,225453808
2018-01-11,6516167,224161700,0,0,0,224161700
2018-01-12,5934066,223346889,0,0,0,223346889
2018-01-15,9718714,220703815,0,0,0,220703815
2018-01-16,14996151,223197674,0,0,0,223197674
2018-01-17,13717110,225737838,0,0,0,225737838
2018-01-18,15185695,227381305,0,0,0,227381305
2018-01-19,9765427,227525316,0,0,0,227525316
2018-01-22,11449428,230892222,0,0,0,230892222
2018-01-23,6787578,233795021,0,0,0,233795021
2018-01-24,3336855,228198646,0,0,0,228198646
2018-01-25,7810775,228997831,0,0,0,228997831
2018-01-26,6670965,230396389,0,0,0,230396389
2018-01-29,3680068,229960000,0,0,0,229960000
2018-01-30,3085010,229858830,0,0,0,229858830
2018-01-31,8391040,231125105,0,0,0,231125105
2018-02-01,14186896,221794221,0,0,0,221794221
2018-02-02,7079585,224951813,0,0,0,224951813
2018-02-05,8943522,228323611,0,0,0,228323611
2018-02-06,8318720,221542268,0,0,0,221542268
2018-02-07,5632570,221916791,0,0,0,221916791
2018-02-08,3187882,220999771,0,0,0,220999771
2018-02-09,2121244,216821365,0,0,0,216821365
2018-02-12,1175589,213562432,0,0,0,213562432
2018-02-13,1441118,211799280,0,0,0,211799280
2018-02-14,851884,209311659,0,0,0,209311659
2018-02-22,1378177,207977010,0,0,0,207977010
2018-02-23,2499412,206274115,0,0,0,206274115
2018-02-26,2457259,204726691,0,0,0,204726691
2018-02-27,1477981,203276496,0,0,0,203276496
2018-02-28,1357368,203026488,0,0,0,203026488
2018-03-01,2448833,201603704,0,0,0,201603704
2018-03-02,2442065,201773111,0,0,0,201773111
2018-03-05,887152,201426238,0,0,0,201426238
2018-03-06,1876637,197915352,0,0,0,197915352
2018-03-07,5485196,199766152,0,0,0,199766152
2018-03-08,3085006,199886457,0,0,0,199886457
2018-03-09,3720670,198086424,0,0,0,198086424
2018-03-12,6452094,200836901,0,0,0,200836901
2018-03-13,4220512,200735602,0,0,0,200735602
2018-03-14,2278582,199726414,0,0,0,199726414
2018-03-15,3138115,199565520,0,0,0,199565520
2018-03-16,1741896,199456940,0,0,0,199456940
2018-03-19,3145677,200322147,0,0,0,200322147
2018-03-20,3604231,202078744,0,0,0,202078744
2018-03-21,2379821,199207865,0,0,0,199207865
2018-03-22,2910891,200072988,0,0,0,200072988
2018-03-23,5974308,200302115,0,0,0,200302115
2018-03-26,2234726,198862946,0,0,0,198862946
2018-03-27,0,193333480,0,0,0,193333480
2018-03-28,50131153,222744600,0,0,0,222744600
2018-03-29,15230096,219030122,0,0,0,219030122
2018-03-30,11563654,222272014,0,0,0,222272014
2018-04-02,10332990,217309796,0,0,0,217309796
2018-04-03,6472156,218458745,0,0,0,218458745
2018-04-04,12518173,221295581,0,0,0,221295581
2018-04-09,40046518,236239303,20000,20000,212800,236452103
2018-04-10,8918009,235328167,0,0,0,235328167
2018-04-11,13662219,236342095,0,0,0,236342095
2018-04-12,11236460,237199569,0,0,0,237199569
2018-04-13,9253597,239185024,0,0,0,239185024
2018-04-16,16778858,245974890,0,0,0,245974890
2018-04-17,17016499,243560791,0,0,0,243560791
2018-04-18,14207215,241376488,0,0,0,241376488
2018-04-19,9618011,241970009,0,0,0,241970009
2018-04-20,7676367,239595782,0,0,0,239595782
2018-04-23,3674907,238337586,0,0,0,238337586
2018-04-24,13210827,243703502,0,0,0,243703502
2018-04-25,5791035,240392019,0,0,0,240392019
2018-04-26,9158109,244117970,0,0,0,244117970
2018-04-27,6790214,244594987,0,0,0,244594987
2018-05-02,8361488,240716424,0,0,0,240716424
2018-05-03,12798431,240157946,0,0,0,240157946
2018-05-04,8592304,238120572,0,0,0,238120572
2018-05-07,42305934,248025458,0,0,0,248025458
2018-05-08,35115549,253794294,0,0,0,253794294
2018-05-09,24109536,249443390,0,0,0,249443390
2018-05-10,32018426,240496973,0,0,0,240496973
2018-05-11,20915657,230584553,0,0,0,230584553
2018-05-14,20005793,231196547,0,0,0,231196547
2018-05-15,23737974,224698046,0,0,0,224698046
2018-05-16,38931915,224114891,0,0,0,224114891
2018-05-17,36503534,231076382,0,0,0,231076382
2018-05-18,23278192,232257347,20000,20000,126400,232383747
2018-05-21,20021602,234484817,0,20000,126200,234611017
2018-05-22,24902721,232288452,121500,121500,769095,233057547
2018-05-23,14192048,229280513,10000,31500,196560,229477073
2018-05-24,14568063,231485194,0,31500,195615,231680809
2018-05-25,28761207,231732233,110000,131500,840285,232572518
2018-05-28,56526524,248997106,30000,51500,362045,249359151
2018-05-29,86759540,219840022,110000,141500,1027290,220867312
2018-05-30,43177319,228613551,20000,91500,642330,229255881
2018-05-31,50734993,236526449,70000,111500,818410,237344859
2018-06-01,36382280,248018474,0,41500,296310,248314784
2018-06-04,20747986,218204231,70000,111500,790535,218994766
2018-06-05,30840565,216879252,50000,91500,648735,217527987
2018-06-06,21683089,216035059,70000,101500,711515,216746574
2018-06-07,24009117,204333461,5000,26500,178080,204511541
2018-06-08,20731580,203718641,49300,70800,467988,204186629
2018-06-11,14245169,206920287,55000,125800,816442,207736729
2018-06-12,22228659,203125185,20000,61500,410820,203536005
2018-06-13,12257829,196642754,0,41500,266015,196908769
2018-06-14,14949182,189547067,20000,41500,258960,189806027
2018-06-15,18486936,191427562,40000,61500,366540,191794102
2018-06-19,10989387,189508973,20000,41500,222855,189731828
2018-06-20,10224955,188640750,27800,69300,375606,189016356
2018-06-21,12063704,191979146,0,51500,271920,192251066
2018-06-22,9281429,192676764,9700,35500,187085,192863849
2018-06-25,6680301,193403389,16000,51500,273980,193677369
2018-06-26,7331327,194219324,50000,101500,535920,194755244
2018-06-27,5095449,191153055,0,31500,160650,191313705
2018-06-28,7901377,195715193,20000,51500,263165,195978358
2018-06-29,7870321,196701215,50000,81500,425430,197126645
2018-07-02,10364060,200329490,25000,101500,538965,200868455
2018-07-03,6971738,195341818,0,51500,266770,195608588
2018-07-04,3072970,193422695,0,41500,209990,193632685
2018-07-05,5764440,194290940,0,0,0,194290940
2018-07-06,2480667,190930980,45300,45300,221064,191152044
2018-07-09,4288397,192409816,0,30000,148800,192558616
2018-07-10,2836763,190927458,21500,31500,157185,191084643
2018-07-11,2754413,190303871,0,31500,151200,190455071
2018-07-12,3405441,190236187,0,31500,156240,190392427
2018-07-13,3698944,188262863,0,21500,109005,188371868
2018-07-16,1567083,186811930,0,21500,108360,186920290
2018-07-17,1785458,185847649,0,21500,107930,185955579
2018-07-18,11251997,192685248,20000,41500,215800,192901048
2018-07-19,2785998,189845561,0,31500,162540,190008101
2018-07-20,8612523,194677783,10000,31500,161280,194839063
2018-07-23,4378895,193201531,0,31500,159705,193361236
2018-07-24,14798776,198256155,0,21500,110725,198366880
2018-07-25,3788031,194306673,0,21500,110940,194417613
2018-07-26,4970031,191424948,0,21500,110940,191535888
2018-07-27,3013064,188577261,0,21500,110940,188688201
2018-07-30,3653899,188126078,0,21500,109005,188235083
2018-07-31,1360906,186887959,0,21500,109435,186997394
2018-08-01,3118600,186197650,0,21500,107500,186305150
2018-08-02,4041253,180620711,0,21500,103630,180724341
2018-08-03,2920776,180432273,0,21500,103200,180535473
2018-08-06,1663138,178563411,0,21500,99760,178663171
2018-08-07,1561993,173020333,0,21500,102340,173122673
2018-08-08,1866082,173012619,0,21500,101910,173114529
2018-08-09,2748902,172721204,0,21500,102770,172823974
2018-08-10,3695498,171056437,0,21500,103200,171159637
2018-08-13,1853057,168933734,0,21500,101910,169035644
2018-08-14,2173516,169040908,0,21500,102555,169143463
2018-08-15,1362553,169138863,0,21500,100835,169239698
2018-08-16,6370076,173409220,0,21500,99545,173508765
2018-08-17,2134837,172340986,0,21500,97180,172438166
2018-08-20,2159801,171547570,0,21500,96320,171643890
2018-08-21,3002441,169254146,0,21500,103415,169357561
2018-08-22,3286078,170029369,0,21500,99975,170129344
2018-08-23,3444381,171030126,0,21500,99545,171129671
2018-08-24,2026813,171136076,0,21500,98900,171234976
2018-08-27,2325286,169598821,0,21500,100405,169699226
2018-08-28,1728226,169761645,0,21500,99760,169861405
2018-08-29,922180,169697386,0,21500,99115,169796501
2018-08-30,464081,169538246,0,21500,98255,169636501
2018-08-31,1842010,169252483,0,21500,97395,169349878
2018-09-03,802769,168553564,0,21500,98040,168651604
2018-09-04,2380974,166351991,0,21500,98255,166450246
2018-09-05,793467,164563578,0,21500,96320,164659898
2018-09-06,1446409,164926649,0,21500,95890,165022539
2018-09-07,1532196,164966593,0,21500,95460,165062053
2018-09-10,595398,164206743,0,21500,94815,164301558
2018-09-11,437326,164178396,0,21500,95245,164273641
2018-09-12,487631,162428665,0,21500,95675,162524340
2018-09-13,1485431,162886904,0,21500,96105,162983009
2018-09-14,1346941,162615015,0,21500,96535,162711550
2018-09-17,1933876,162944084,0,21500,96320,163040404
2018-09-18,4341070,165228909,0,21500,97395,165326304
2018-09-19,3855799,166149133,0,21500,99115,166248248
2018-09-20,1567038,164553879,0,21500,98900,164652779
2018-09-21,3121372,161940696,0,21500,99975,162040671
2018-09-25,2318901,160788457,0,21500,100835,160889292
2018-09-26,2416987,160509673,0,21500,102985,160612658
2018-09-27,1320020,158364754,0,21500,102555,158467309
2018-09-28,1615110,156666006,0,21500,102555,156768561
2018-10-08,1338183,155032464,0,21500,100405,155132869
2018-10-09,2153320,155278493,0,21500,99330,155377823
2018-10-10,1550409,155247202,0,21500,100620,155347822
2018-10-11,5013620,153694401,0,21500,91805,153786206
2018-10-12,5891030,157330924,0,21500,90945,157421869
2018-10-15,756283,152699992,0,21500,90730,152790722
2018-10-16,1565034,151403948,2400,23900,99424,151503372
2018-10-17,1133761,150617647,0,23900,98707,150716354
2018-10-18,440649,149295546,0,23900,97034,149392580
2018-10-19,2366341,150953093,0,23900,98229,151051322
2018-10-22,2725659,151997938,0,23900,102770,152100708
2018-10-23,1106270,149932957,0,23900,101097,150034054
2018-10-24,1962245,150488828,0,23900,101336,150590164
2018-10-25,568143,150547711,0,23900,100858,150648569
2018-10-26,2659768,152096446,0,23900,99902,152196348
2018-10-29,1628127,152451800,0,23900,97512,152549312
2018-10-30,1058744,152164774,0,23900,99424,152264198
2018-10-31,1808275,151871931,0,23900,100619,151972550
2018-11-01,3436527,152222976,0,23900,100619,152323595
2018-11-02,3144643,151068436,0,23900,103009,151171445
2018-11-05,2591506,151200756,0,23900,103726,151304482
2018-11-06,1865156,149487019,0,23900,104443,149591462
2018-11-07,1596088,148105126,0,23900,104682,148209808
2018-11-08,2108497,148868217,0,23900,103965,148972182
2018-11-09,959910,147725590,3000,26900,117553,147843143
2018-11-12,578835,146627493,2898,26798,118983,146746476
2018-11-13,4698663,146580031,3000,24498,110731,146690762
2018-11-14,8287629,151262751,3000,24498,111711,151374462
2018-11-15,2968815,147306950,3000,24498,111711,147418661
2018-11-16,1937687,147346165,2400,23898,110170,147456335
2018-11-19,3671706,148344016,3000,2998,14061,148358077
2018-11-20,2523508,145867430,3000,2998,13701,145881131
2018-11-21,596038,145236284,2952,2950,13600,145249884
2018-11-22,872074,144351616,2800,2774,12899,144364515
2018-11-23,1739845,144579257,3000,2974,13264,144592521
2018-11-26,252621,143430472,3000,2974,13383,143443855
2018-11-27,1161697,143560489,2200,2174,9631,143570120
2018-11-28,666385,142484736,3000,2974,13502,142498238
2018-11-29,2631072,142618458,3000,2974,13413,142631871
2018-11-30,1056766,142662098,3000,3000,13560,142675658
2018-12-03,1712344,135091890,30000,30000,140700,135232590
2018-12-04,2845518,135761807,0,0,0,135761807
2018-12-05,1327945,135172127,10700,10700,49862,135221989
2018-12-06,2079005,135336005,0,0,0,135336005
2018-12-07,692401,133028905,0,0,0,133028905
2018-12-10,2510443,134389996,6800,6800,30736,134420732
2018-12-11,2139779,132105939,24900,24900,115038,132220977
2018-12-12,7565535,130468519,25100,36400,184912,130653431
2018-12-13,17355864,139870548,1800,26600,132202,140002750
2018-12-14,9420581,142572100,0,24800,121024,142693124
2018-12-17,8786089,147685706,0,24800,120776,147806482
2018-12-18,9043652,149574119,0,14800,69856,149643975
2018-12-19,7179197,150904108,0,3500,16065,150920173
2018-12-20,4113705,151470280,0,3500,16205,151486485
2018-12-21,4673420,150797814,0,3500,15855,150813669
2018-12-24,3996414,151062611,0,3500,16030,151078641
2018-12-25,5261573,149382717,0,0,0,149382717
2018-12-26,2631484,149005752,0,0,0,149005752
2018-12-27,2365103,145677419,0,0,0,145677419
2018-12-28,2794767,145935890,0,0,0,145935890
2019-01-02,1015495,144430000,0,0,0,144430000
2019-01-03,1374931,142258433,0,0,0,142258433
2019-01-04,2304906,141359074,0,0,0,141359074
2019-01-07,2152541,139398867,0,0,0,139398867
2019-01-08,1903935,138932265,0,0,0,138932265
2019-01-09,3151866,138842211,0,0,0,138842211
2019-01-10,623720,138045360,0,0,0,138045360
2019-01-11,1917249,135197913,0,0,0,135197913
2019-01-14,2531409,135452565,0,0,0,135452565
2019-01-15,4358215,135078899,0,0,0,135078899
2019-01-16,2686543,134373943,0,0,0,134373943
2019-01-17,3077090,134153476,0,0,0,134153476
2019-01-18,1232554,133476294,0,0,0,133476294
2019-01-21,7869110,134497841,0,0,0,134497841
2019-01-22,2646333,133680334,0,0,0,133680334
2019-01-23,1626555,132967397,0,0,0,132967397
2019-01-24,2263606,132640576,0,0,0,132640576
2019-01-25,1199195,131678231,0,0,0,131678231
2019-01-28,3498755,133816546,0,0,0,133816546
2019-01-29,5089273,132514930,0,0,0,132514930
2019-01-30,3864118,131611780,0,0,0,131611780
2019-01-31,5014454,131639911,0,0,0,131639911
2019-02-01,1701305,131618679,0,0,0,131618679
2019-02-11,3016666,132443867,0,0,0,132443867
2019-02-12,3238586,133230367,0,0,0,133230367
2019-02-13,6792952,137285658,0,0,0,137285658
2019-02-14,6565902,139894187,0,0,0,139894187
2019-02-15,4843002,141589365,0,0,0,141589365
2019-02-18,10921009,141124740,0,0,0,141124740
2019-02-19,8745232,140184024,0,0,0,140184024
2019-02-20,5376521,140025309,0,0,0,140025309
2019-02-21,4534003,140919752,0,0,0,140919752
2019-02-22,6129829,143162313,0,0,0,143162313
2019-02-25,19338421,144953631,0,0,0,144953631
2019-02-26,23185575,148534539,0,0,0,148534539
2019-02-27,12530836,148660278,0,0,0,148660278
2019-02-28,9989102,151142208,0,0,0,151142208
2019-03-01,12581627,150191928,0,0,0,150191928
2019-03-04,26700218,155666632,0,0,0,155666632
2019-03-05,8166822,153406463,0,0,0,153406463
2019-03-06,7719662,147033271,0,0,0,147033271
2019-03-07,8095057,145956849,0,0,0,145956849
2019-03-08,9751022,144546725,0,0,0,144546725
2019-03-11,7378346,146743113,0,0,0,146743113
2019-03-12,9310521,145489585,0,0,0,145489585
2019-03-13,5937643,141911310,0,0,0,141911310
2019-03-14,5020636,143811561,0,0,0,143811561
2019-03-15,5173044,142019561,0,0,0,142019561
2019-03-18,24316595,144922994,0,0,0,144922994
2019-03-19,14330337,144463793,0,0,0,144463793
2019-03-20,11223625,135547361,0,0,0,135547361
2019-03-21,10964876,137081806,0,0,0,137081806
2019-03-22,22799014,145413547,0,0,0,145413547
2019-03-25,26238909,147359600,200,200,1256,147360856
2019-03-26,18891286,151164990,0,0,0,151164990
2019-03-27,21827659,153365525,1300,1300,8554,153374079
2019-03-28,23274851,156824988,0,0,0,156824988
2019-03-29,19462734,158926754,1300,1300,8320,158935074
2019-04-01,43222232,172758118,0,1300,8775,172766893
2019-04-02,26902732,170194309,0,1300,8801,170203110
2019-04-03,37819933,167683790,0,1300,9412,167693202
2019-04-04,63422814,191823708,0,1300,10348,191834056
2019-04-08,47397853,196706765,0,1300,10920,196717685
2019-04-09,33639705,205089624,0,1300,10491,205100115
2019-04-10,21695682,198144354,0,0,0,198144354
2019-04-11,27292959,206213187,0,0,0,206213187
2019-04-12,9640056,194233561,0,0,0,194233561
2019-04-15,13108675,195941856,0,0,0,195941856
2019-04-16,16683276,201497456,0,0,0,201497456
2019-04-17,19279798,204299899,0,0,0,204299899
2019-04-18,16569708,204641688,0,0,0,204641688
2019-04-19,10154256,198824133,1300,1300,9932,198834065
2019-04-22,16018975,199224463,0,1300,10023,199234486
2019-04-23,7703548,197169916,0,1300,9724,197179640
2019-04-24,12777116,196994671,0,1300,9672,197004343
2019-04-25,11161882,196279056,0,1300,9152,196288208
2019-04-26,9482889,197310057,0,0,0,197310057
2019-04-29,10775156,197162185,0,0,0,197162185
2019-04-30,9125617,196320400,0,0,0,196320400
2019-05-06,18438883,204689389,100,100,620,204690009
2019-05-07,7810069,203075773,1200,1300,8320,203084093
2019-05-08,8845809,202897483,0,1100,7271,202904754
2019-05-09,7523410,203263297,0,1100,7007,203270304
2019-05-10,12928018,202902140,200,1300,8827,202910967
2019-05-13,19592663,210132479,0,1100,7744,210140223
2019-05-14,9120886,210466007,0,1100,7601,210473608
2019-05-15,24546392,219210958,0,1100,7689,219218647
2019-05-16,13875164,220146698,200,1300,9087,220155785
2019-05-17,8607977,213097144,0,1300,8684,213105828
2019-05-20,5041849,210024649,0,1300,8593,210033242
2019-05-21,7389900,211226975,0,1300,8788,211235763
2019-05-22,3652561,208582797,0,1300,8619,208591416
2019-05-23,5409078,210629427,0,1300,8307,210637734
2019-05-24,7054349,214686664,0,1300,8359,214695023
2019-05-27,6813140,217526267,0,1300,8450,217534717
2019-05-28,3590142,215259702,0,1300,8398,215268100
2019-05-29,4061360,215614562,0,1300,8359,215622921
2019-05-30,4797268,215759568,0,1300,8294,215767862
2019-05-31,6190886,216146907,0,1300,8177,216155084
2019-06-03,5443815,216931661,0,1300,7995,216939656
2019-06-04,3847599,215334063,0,1300,7722,215341785
2019-06-05,4070170,215696402,0,1300,7774,215704176
2019-06-06,1254486,213040653,0,1300,7631,213048284
2019-06-10,8301330,218848617,0,1300,7748,218856365
2019-06-11,8453907,220953190,0,1300,8008,220961198
2019-06-12,4992356,219103167,0,1300,7917,219111084
2019-06-13,4179725,218805867,0,1300,7904,218813771
2019-06-14,3941170,216086236,0,1300,7709,216093945
2019-06-17,2886827,216803628,0,1300,7709,216811337
2019-06-18,1718686,217883902,0,1300,7696,217891598
2019-06-19,5679002,217639825,0,200,1212,217641037
2019-06-20,12397553,222004916,0,200,1236,222006152
2019-06-21,6603491,220332848,0,200,1252,220334100
2019-06-24,5280987,220065382,0,200,1258,220066640
2019-06-25,8352396,219223254,0,200,1238,219224492
2019-06-26,2295155,214472463,0,200,1240,214473703
2019-06-27,17820326,220826489,0,200,1292,220827781
2019-06-28,7579470,223843695,0,200,1270,223844965
2019-07-01,15481559,216661823,0,200,1310,216663133
2019-07-02,12163452,218759656,0,200,1312,218760968
2019-07-03,23795249,224652148,1000,1200,8076,224660224
2019-07-04,13020619,224752042,0,200,1296,224753338
2019-07-05,9409222,225661488,0,200,1302,225662790
2019-07-08,8290475,224103139,0,200,1284,224104423
2019-07-09,4080346,223720176,0,200,1282,223721458
2019-07-10,10417147,225395949,0,200,1272,225397221
2019-07-11,5540153,223238962,0,200,1252,223240214
2019-07-12,3429122,225077443,0,200,1266,225078709
2019-07-15,2444412,224064685,0,200,1264,224065949
2019-07-16,4448086,225495428,0,200,1256,225496684
2019-07-17,3537287,223710783,0,200,1254,223712037
2019-07-18,2422621,217547804,0,200,1230,217549034
2019-07-19,3040999,215110191,0,200,1234,215111425
2019-07-22,3216710,216400530,0,200,1204,216401734
2019-07-23,1674697,216791179,0,200,1208,216792387
2019-07-24,2701708,217535838,0,200,1220,217537058
2019-07-25,1999918,215941710,0,200,1224,215942934
2019-07-26,512825,213683543,0,200,1216,213684759
2019-07-29,4857247,212362944,1100,1300,8164,212371108
2019-07-30,4024693,211412286,0,200,1246,211413532
2019-07-31,3133230,211839180,0,200,1232,211840412
2019-08-01,3420404,213964017,0,200,1222,213965239
2019-08-02,1729229,210557131,0,200,1198,210558329
2019-08-05,1116205,208787014,0,200,1182,208788196
2019-08-06,2585246,208688636,0,200,1138,208689774
2019-08-07,1299450,208593976,0,200,1128,208595104
2019-08-08,2759225,209589691,0,200,1138,209590829
2019-08-09,4438978,210802407,0,200,1098,210803505
2019-08-12,1095155,208963476,1100,1300,7371,208970847
2019-08-13,1341685,209006075,0,1300,7267,209013342
2019-08-14,2064008,209167849,0,1300,7241,209175090
2019-08-15,2712488,209439165,0,1300,7124,209446289
2019-08-16,10391854,214417054,0,1300,7449,214424503
2019-08-19,6220654,212489390,0,1300,7579,212496969
2019-08-20,3562874,207301231,0,1300,7644,207308875
2019-08-21,3121526,208649760,0,1300,7566,208657326
2019-08-22,17343911,209948658,3200,4500,28350,209977008
2019-08-23,6468143,201205278,3200,7700,48279,201253557
2019-08-26,5418868,200282493,0,7700,47586,200330079
2019-08-27,5240920,199418242,0,7700,47971,199466213
2019-08-28,1755798,197457163,0,7700,48125,197505288
2019-08-29,2585377,195817937,0,7700,47817,195865754
2019-08-30,4323329,191820503,0,7700,48202,191868705
2019-09-02,12930748,200374450,0,7700,48741,200423191
2019-09-03,5918063,203321197,0,7700,47971,203369168
2019-09-04,5895703,205360841,0,7700,47509,205408350
2019-09-05,6106932,205246694,0,7500,46200,205292894
2019-09-06,1776343,203564252,0,7500,46275,203610527
2019-09-09,7648808,204390121,0,7500,47475,204437596
2019-09-10,8358986,204242863,0,7500,47625,204290488
2019-09-11,6411815,201509938,0,7500,47250,201557188
2019-09-12,2952971,202848673,0,7500,47025,202895698
2019-09-16,1949601,191464923,0,7500,47400,191512323
2019-09-17,3849136,193712213,0,7500,46125,193758338
2019-09-18,4791759,191678292,0,7500,47250,191725542
2019-09-19,2073441,190924026,0,7500,47400,190971426
2019-09-20,10082956,188113831,0,7500,48825,188162656
2019-09-23,12258949,193053972,0,7500,49650,193103622
2019-09-24,6932322,194656054,0,7500,50025,194706079
2019-09-25,13108438,197112225,0,7500,49875,197162100
2019-09-26,15458060,196739530,0,7500,51525,196791055
2019-09-27,14507216,199132561,0,7500,51225,199183786
2019-09-30,4245621,196762776,0,7500,49875,196812651
2019-10-08,5871873,196375457,0,7500,50700,196426157
2019-10-09,4214945,197399295,0,7500,49350,197448645
2019-10-10,8880234,200443532,0,7500,50625,200494157
2019-10-11,2984625,197205931,0,7500,49725,197255656
2019-10-14,4427319,196234312,0,7500,50625,196284937
2019-10-15,10904271,197179745,0,1100,7799,197187544
2019-10-16,7974237,198012909,2500,3600,25452,198038361
2019-10-17,5905319,198754063,3900,7500,52575,198806638
2019-10-18,5912785,193305814,0,7500,50775,193356589
2019-10-21,15566228,186113700,0,7500,53325,186167025
2019-10-22,10308222,182195248,0,7500,54375,182249623
2019-10-23,11035390,187113955,0,7500,54375,187168330
2019-10-24,7063194,181201182,0,7500,52725,181253907
2019-10-25,7115876,173550243,0,7500,55050,173605293
2019-10-28,16317798,175685818,0,7500,55875,175741693
2019-10-29,20179346,175648236,0,7500,59475,175707711
2019-10-30,11211261,174186477,0,7500,59475,174245952
2019-10-31,7888477,172839768,0,7500,58200,172897968
2019-11-01,9724329,176209439,0,7500,58425,176267864
2019-11-04,8192262,171653097,0,7500,58875,171711972
2019-11-05,11041492,173877093,0,7500,58200,173935293
2019-11-06,10850569,171890213,0,7500,56250,171946463
2019-11-07,6283290,168095185,0,7500,57450,168152635
2019-11-08,4745118,167041348,0,7500,57000,167098348
2019-11-11,8194110,169682096,0,7500,56475,169738571
2019-11-12,5180475,167724986,0,7500,57375,167782361
2019-11-13,11006810,162694065,0,7500,59250,162753315
2019-11-14,7286910,161323451,0,7500,58950,161382401
2019-11-15,12153562,156317132,0,7500,61350,156378482
2019-11-18,8712301,154765487,0,7500,60225,154825712
2019-11-19,8572858,155973807,0,7500,60300,156034107
2019-11-20,7125811,155452841,0,7500,58950,155511791
2019-11-21,3751909,155785190,0,7500,58875,155844065
2019-11-22,13982979,153860664,400,7900,59329,153919993
2019-11-25,7844768,151213793,0,7500,53775,151267568
2019-11-26,2844210,148028146,3200,10700,77040,148105186
2019-11-27,2052122,147375198,0,10700,77147,147452345
2019-11-28,3219311,147551225,0,7500,53775,147605000
2019-11-29,6135694,151347667,0,7500,53325,151400992
2019-12-02,904516,150172255,0,7500,53100,150225355
2019-12-03,1827952,150084818,0,7500,53925,150138743
2019-12-04,4581083,153417311,0,7500,53700,153471011
2019-12-05,10130106,159087994,0,7500,53550,159141544
2019-12-06,7667305,162481141,0,7500,53700,162534841
2019-12-09,4670691,163684078,1200,2300,16238,163700316
2019-12-10,3197252,158273534,0,1100,7733,158281267
2019-12-11,1638437,156036012,0,1100,7744,156043756
2019-12-12,5188207,158009669,0,1100,7876,158017545
2019-12-13,4111708,156904892,0,1100,8008,156912900
2019-12-16,6981959,154600585,0,1100,7964,154608549
2019-12-17,5173374,154614475,0,1100,8008,154622483
2019-12-18,5088265,157226962,0,1100,8008,157234970
2019-12-19,2990517,157109717,0,1100,7964,157117681
2019-12-20,3705592,158092148,0,1100,7986,158100134
2019-12-23,3437263,157979042,0,1100,7788,157986830
2019-12-24,1181627,156537195,0,1100,7865,156545060
2019-12-25,1361450,153814167,0,1100,7810,153821977
2019-12-26,3320532,154414478,0,1100,7854,154422332
2019-12-27,3611304,155752776,0,1100,7777,155760553
2019-12-30,4316141,151415707,0,1100,7744,151423451
2019-12-31,1268574,149326343,0,1100,7854,149334197
2020-01-02,3810215,147441963,0,1100,7964,147449927
2020-01-03,1328043,145046398,0,1100,8008,145054406
2020-01-06,3748347,146667228,0,1100,7909,146675137
2020-01-07,2683577,144149136,0,1100,7975,144157111
2020-01-08,1873148,143296078,0,1100,7909,143303987
2020-01-09,8230890,147602660,0,1100,7975,147610635
2020-01-10,4391041,143494394,0,1100,8349,143502743
2020-01-13,6776879,146040974,0,1100,8426,146049400
2020-01-14,1850707,145370384,0,1100,8349,145378733
2020-01-15,4287577,145672899,0,1100,8437,145681336
2020-01-16,3486684,144732464,0,1100,8426,144740890
2020-01-17,2555345,143290614,0,1100,8349,143298963
2020-01-20,4928621,142244698,0,1100,8250,142252948
2020-01-21,2851266,130653145,0,1100,8096,130661241
2020-01-22,3665659,130870593,0,1100,8019,130878612
2020-01-23,2595489,128435143,0,1100,7711,128442854
2020-02-03,681480,127633874,3200,4300,27133,127661007
2020-02-04,9506029,133820624,0,1100,6776,133827400
2020-02-05,11669118,139481205,0,1100,6842,139488047
2020-02-06,2405365,138495735,0,1100,6886,138502621
2020-02-07,2558532,137181629,0,1100,7150,137188779
2020-02-10,2883430,136618049,0,1100,7260,136625309
2020-02-11,1720062,133723077,0,1100,7249,133730326
2020-02-12,1921681,133999587,0,0,0,133999587
2020-02-13,1961807,131957606,0,0,0,131957606
2020-02-14,1292409,130573835,300,300,1977,130575812
2020-02-17,8023155,133677321,800,900,6012,133683333
2020-02-18,3455770,129584105,200,200,1330,129585435
2020-02-19,6837883,131716726,800,900,6111,131722837
2020-02-20,4050915,127025629,39800,40000,276400,127302029
2020-02-21,6987866,124764779,700,40300,282503,125047282
2020-02-24,3565240,120201869,0,39900,274911,120476780
2020-02-25,10413439,121209821,0,39600,276804,121486625
2020-02-26,4210292,118618457,0,39600,270864,118889321
2020-02-27,2219609,115757047,1100,40700,276760,116033807
2020-02-28,5074324,112810686,0,40700,258038,113068724
2020-03-02,3728028,113279385,0,1100,7128,113286513
2020-03-03,1711532,109638768,0,1100,7216,109645984
2020-03-04,3744573,110510755,0,1100,7249,110518004
2020-03-05,6974061,110672244,3200,4300,29584,110701828
2020-03-06,5884622,111672372,13000,14100,95457,111767829
2020-03-09,4646361,110460449,0,13000,83720,110544169
2020-03-10,4834638,111640092,0,13000,84370,111724462
2020-03-11,4221083,113195875,1100,14100,89958,113285833
2020-03-12,3297502,113156589,0,13000,81250,113237839
2020-03-13,2313970,111354556,0,13000,81120,111435676
2020-03-16,2907264,110279102,0,13000,79560,110358662
2020-03-17,2889382,110981979,0,13000,77350,111059329
2020-03-18,768019,108907728,0,0,0,108907728
2020-03-19,1026166,107744393,0,0,0,107744393
2020-03-20,2291293,107031176,0,0,0,107031176
2020-03-23,1845969,107046026,0,0,0,107046026
2020-03-24,9438800,111935729,4300,4300,28294,111964023
2020-03-25,11377889,114680582,0,4100,26896,114707478
2020-03-26,7806490,112921812,0,4100,27757,112949569
2020-03-27,6488567,106651784,0,4100,27798,106679582
2020-03-30,11872573,110252997,56500,60600,413292,110666289
2020-03-31,5095119,104504098,0,60600,420564,104924662
2020-04-01,5738163,106231132,0,60600,404202,106635334
2020-04-02,5424638,107919753,0,60600,397536,108317289
2020-04-03,5811505,109972384,11800,72400,472048,110444432
2020-04-07,18615118,123847859,3400,75800,501796,124349655
2020-04-08,5606525,123369656,0,72400,473496,123843152
2020-04-09,13699467,128187061,0,4100,27306,128214367
2020-04-10,9173824,129616274,0,4100,26937,129643211
2020-04-13,5346911,123460255,0,4100,26773,123487028
2020-04-14,3670796,122953148,56000,60100,394256,123347404
2020-04-15,2827467,117594800,0,57100,370008,117964808
2020-04-16,2110273,113732066,200,57300,373023,114105089
2020-04-17,3947584,114366275,900,58200,376554,114742829
2020-04-20,5207675,117720487,0,58200,373644,118094131
2020-04-21,4413553,119834410,0,56000,347200,120181610
2020-04-22,3857644,118622545,0,56000,356720,118979265
2020-04-23,3367178,118434837,0,56000,360640,118795477
2020-04-24,12492392,113484548,35300,35300,243570,113728118
2020-04-27,9583533,114250039,0,22300,157661,114407700
2020-04-28,9047131,106567094,3000,19300,140311,106707405
2020-04-29,3254420,104243884,0,17300,124560,104368444
2020-04-30,4975184,101948270,6000,23300,170789,102119059
2020-05-06,8401224,105891034,52100,75400,556452,106447486
2020-05-07,3346485,103768984,0,75400,556452,104325436
2020-05-08,4625751,98939037,0,75400,557960,99496997
2020-05-11,4095513,99742991,0,75400,563238,100306229
2020-05-12,8080646,100152524,3800,79200,635184,100787708
2020-05-13,14677244,101113213,3400,81600,708288,101821501
2020-05-14,9281244,100537436,0,81600,702576,101240012
2020-05-15,8278072,102338350,3000,84600,700488,103038838
2020-05-18,3894283,101614592,0,84600,708102,102322694
2020-05-19,5809313,103676308,0,84600,705564,104381872
2020-05-20,8255885,106769875,0,84600,695412,107465287
2020-05-21,12267612,111130556,30000,114600,966078,112096634
2020-05-22,6085117,109311714,13000,97600,793488,110105202
2020-05-25,5151666,110458675,0,97600,809104,111267779
2020-05-26,10089803,116578520,0,48300,403305,116981825
2020-05-27,12605594,118905984,30000,65300,568110,119474094
2020-05-28,11658904,120258888,0,35300,304286,120563174
2020-05-29,7943304,117240290,0,34300,305956,117546246
2020-06-01,11277697,119665481,0,34300,312130,119977611
2020-06-02,10797231,123347701,1000,35300,311346,123659047
2020-06-03,7113609,123847139,0,34300,302526,124149665
2020-06-04,28275079,135916482,1000,35300,342410,136258892
2020-06-05,31330182,133707677,2400,36700,351586,134059263
2020-06-08,24754837,141304491,0,34300,311101,141615592
2020-06-09,12954365,139442825,3000,37300,347263,139790088
2020-06-10,14705728,144199186,0,35600,322536,144521722
2020-06-11,15178620,140393672,2700,38300,331678,140725350
2020-06-12,11006332,140902821,0,35300,304639,141207460
2020-06-15,17385311,149446076,3000,38300,316741,149762817
2020-06-16,8203691,151304096,10000,44300,373449,151677545
2020-06-17,7305018,146950101,13000,54400,456416,147406517
2020-06-18,11116821,151277670,0,54400,457504,151735174
2020-06-19,11825326,139097522,3900,55300,511525,139609047
2020-06-22,15312837,139278586,3000,58300,544522,139823108
2020-06-23,14747197,136047025,31600,89900,870232,136917257
2020-06-24,6831982,132008179,0,66900,638226,132646405
2020-06-29,4747952,130681029,0,66900,638226,131319255
2020-06-30,13671398,131061446,10000,76900,770538,131831984
2020-07-01,14291343,134763592,13000,88600,890430,135654022
2020-07-02,10924450,131617199,0,75600,744660,132361859
2020-07-03,13655600,130999671,0,75600,732564,131732235
2020-07-06,16472615,132688579,0,75600,750708,133439287
2020-07-07,15396385,131934431,600,56200,573240,132507671
2020-07-08,10377606,134151794,11300,63500,645160,134796954
2020-07-09,13448063,132273306,4000,67500,691875,132965181
2020-07-10,27184248,137895869,3000,52200,544968,138440837
2020-07-13,15862927,128288010,0,49200,525948,128813958
2020-07-14,37940825,133969268,3500,49100,558267,134527535
2020-07-15,27899943,137375368,800,43300,508775,137884143
2020-07-16,13007177,125555681,0,11700,126711,125682392
2020-07-17,19816596,126545378,26600,30600,364446,126909824
2020-07-20,27769472,141572239,7700,13600,163200,141735439
2020-07-21,26918208,129987459,1700,12800,165120,130152579
2020-07-22,24752420,127249401,2200,14000,181860,127431261
2020-07-23,37724671,139018745,117800,131800,1785890,140804635
2020-07-24,22225334,136967234,700,54300,702099,137669333
2020-07-27,18641366,132590228,53395,102695,1285741,133875969
2020-07-28,23956784,140881840,3900,53195,671853,141553693
2020-07-29,17203713,139090116,15300,64595,822940,139913056
2020-07-30,14019917,135959515,41800,102195,1279481,137238996
2020-07-31,19014331,135997755,0,80295,992446,136990201
2020-08-03,22432504,141034407,10000,90295,1139523,142173930
2020-08-04,9703003,138601453,3000,8800,110000,138711453
2020-08-05,18571933,145416509,1800,8600,109048,145525557
2020-08-06,29829996,146969117,0,6800,80444,147049561
2020-08-07,10282817,144429099,0,5000,56950,144486049
2020-08-10,8288011,144030221,1800,3800,43244,144073465
2020-08-11,10879905,148291721,36500,40300,446121,148737842
2020-08-12,9217501,148269528,31600,68200,736560,149006088
2020-08-13,9349959,152435196,0,68200,742016,153177212
2020-08-14,6937036,149871865,1900,68200,748836,150620701
2020-08-17,21312159,156710773,5400,68700,766005,157476778
2020-08-18,15081075,158338704,3000,70100,785120,159123824
2020-08-19,19156627,159545378,12000,82100,936761,160482139
2020-08-20,14756877,161994405,2900,71100,774990,162769395
2020-08-21,15171526,160773697,4200,40200,455868,161229565
2020-08-24,12000077,163555675,0,37900,428270,163983945
2020-08-25,18992502,168179271,1900,36100,402154,168581425
2020-08-26,9860310,163612241,11000,44600,489708,164101949
2020-08-27,6207403,159769469,8300,41900,462995,160232464
2020-08-28,19946963,159301834,23700,65600,754400,160056234
2020-08-31,22859468,170907753,0,62500,718125,171625878
2020-09-01,11197950,171897824,0,60600,676902,172574726
2020-09-02,7475200,174158692,1600,58900,652612,174811304
2020-09-03,11983227,171967418,3300,33600,370944,172338362
2020-09-04,9391443,169173623,18700,45500,479570,169653193
2020-09-07,6219653,167403543,27200,67700,679031,168082574
2020-09-08,7466476,168834315,2500,62200,620756,169455071
2020-09-09,2831027,168145968,2500,62200,603962,168749930
2020-09-10,3308022,166685798,6700,65400,630456,167316254
2020-09-11,3464347,165336708,45900,111300,1091853,166428561
2020-09-14,5853657,165163654,49100,144800,1459584,166623238
2020-09-15,2506364,164765402,0,119800,1198000,165963402
2020-09-16,4000933,166096836,3400,121200,1192608,167289444
2020-09-17,2904114,161798598,0,115300,1121869,162920467
2020-09-18,2006629,160073313,6000,121300,1206935,161280248
2020-09-21,3528639,156013169,1000,12500,121375,156134544
2020-09-22,4864660,155091658,4300,15800,153892,155245550
2020-09-23,4496505,155497496,1500,13000,125580,155623076
2020-09-24,9867142,161761336,4000,14000,132860,161894196
2020-09-25,2330537,161099088,100,14100,134655,161233743
2020-09-28,2958572,161142941,22700,36800,348496,161491437
2020-09-29,3976571,162328635,0,36800,352176,162680811
2020-09-30,6011985,160156156,200,10300,102176,160258332
2020-10-09,11990600,169183085,2700,13000,129740,169312825
2020-10-12,10284088,170363330,2200,15200,155496,170518826
2020-10-13,4850446,166561924,0,15200,157016,166718940
2020-10-14,6327651,168864979,0,13000,130520,168995499
2020-10-15,8060041,175300833,0,13000,129870,175430703
2020-10-16,5303053,176431958,0,13000,127140,176559098
2020-10-19,3808746,175766176,33200,46200,445830,176212006
2020-10-20,2551248,173140079,2100,46300,456981,173597060
2020-10-21,5633859,168356608,0,44200,434044,168790652
2020-10-22,14364130,174241456,2500,46700,465599,174707055
2020-10-23,24706832,183402598,29700,76400,781572,184184170
2020-10-26,11757542,181869924,3800,75200,727936,182597860
2020-10-27,11101070,183666942,13500,88700,871034,184537976
2020-10-28,13278591,186260542,0,88700,887887,187148429
2020-10-29,14125982,189652450,5700,91900,942894,190595344
2020-10-30,11626587,189221505,0,61500,603315,189824820
2020-11-02,6629485,190456154,27400,88900,866775,191322929
2020-11-03,9612147,193056779,0,61500,600855,193657634
2020-11-04,7793828,194132725,21400,82900,798327,194931052
2020-11-05,16512936,189825751,19000,86000,881500,190707251
2020-11-06,16464766,195471019,32300,87900,863178,196334197
2020-11-09,18391005,199064180,100,88000,862400,199926580
2020-11-10,15628474,201898955,8100,96100,960039,202858994
2020-11-11,27778924,210551884,30800,126900,1304532,211856416
2020-11-12,57030675,222673250,9200,107300,1192103,223865353
2020-11-13,34242774,231034340,32000,135300,1417944,232452284
2020-11-16,30543219,243988064,400,134500,1432425,245420489
2020-11-17,24318793,242554308,0,134300,1384633,243938941
2020-11-18,17449364,235948372,4100,105200,1050948,236999320
2020-11-19,20811326,236422755,3700,108900,1117314,237540069
2020-11-20,28648732,222993940,2000,80100,860274,223854214
2020-11-23,35717668,228962120,6100,86200,936132,229898252
2020-11-24,27239095,236405733,5000,79300,832650,237238383
2020-11-25,20970359,237870776,28800,108000,1090800,238961576
2020-11-26,10614319,237452013,100,61000,620980,238072993
2020-11-27,12629344,232296016,12400,71000,715680,233011696
2020-11-30,18895555,238013729,0,26800,265856,238279585
2020-12-01,12484341,243355479,0,26800,266660,243622139
2020-12-02,8082616,242419016,3000,18900,186732,242605748
2020-12-03,11845322,244065190,21800,26600,259616,244324806
2020-12-04,21307680,247569364,30000,56600,571094,248140458
2020-12-07,12525092,244057717,3000,29600,294816,244352533
2020-12-08,28395474,250395256,2000,31600,323584,250718840
2020-12-09,24787426,261734119,0,27200,271456,262005575
2020-12-10,12811602,260330854,800,28000,279440,260610294
2020-12-11,15961500,248368480,4900,32100,316827,248685307
2020-12-14,12457369,241658740,0,27200,272544,241931284
2020-12-15,9294718,239266103,19300,46500,460350,239726453
2020-12-16,50400734,249798232,67000,113400,1202040,251000272
2020-12-17,28504383,249120449,26500,134300,1399406,250519855
2020-12-18,33673798,249680100,20400,134200,1426546,251106646
2020-12-21,44602302,254491262,13000,113000,1249780,255741042
2020-12-22,114113154,282039284,24900,102100,1222137,283261421
2020-12-23,90665090,254876521,11300,88600,1066744,255943265
2020-12-24,51798886,255365391,84300,159800,1732232,257097623
2020-12-25,27899688,253751482,21300,146100,1557426,255308908
2020-12-28,29265881,259799198,37800,135400,1486692,261285890
2020-12-29,15740163,251795821,26300,112600,1203694,252999515
2020-12-30,24780141,258172819,29200,130500,1421145,259593964
2020-12-31,29696487,260034118,45500,115500,1234695,261268813
2021-01-04,38679089,253934031,14200,115400,1231318,255165349
2021-01-05,51366794,258889989,24300,125500,1386775,260276764
2021-01-06,38143397,266636006,14175,123375,1317645,267953651
2021-01-07,21619306,261087133,28000,109600,1125592,262212725
2021-01-08,15960324,257093541,39200,92500,929625,258023166
2021-01-11,16184922,255166327,14300,61400,576546,255742873
2021-01-12,10461961,258545522,11000,56200,537272,259082794
2021-01-13,11211353,246060144,6000,29100,267138,246327282
2021-01-14,10684525,239384668,56400,75900,671715,240056383
2021-01-15,10730998,238132229,38800,99700,932195,239064424
2021-01-18,5146104,230818018,91600,152500,1467050,232285068
2021-01-19,8656846,219832970,39500,129600,1321920,221154890
2021-01-20,13671439,218765455,49000,140800,1481216,220246671
2021-01-21,4400957,208440154,47200,150000,1594500,210034654
2021-01-22,6931443,196357298,46280,157080,1699606,198056904
2021-01-25,8095632,191641777,53334,176234,1906852,193548629
2021-01-26,7451581,192578030,53400,161000,1677620,194255650
2021-01-27,3960577,190954948,45400,150800,1544192,192499140
2021-01-28,4700375,189852336,52500,154900,1553647,191405983
2021-01-29,6436115,188980449,57500,155700,1575684,190556133
2021-02-01,8425182,191455388,27000,114300,1140714,192596102
2021-02-02,5350733,189813533,39300,124300,1249215,191062748
2021-02-03,9432619,193877019,52500,129200,1235152,195112171
2021-02-04,3313675,190932954,24800,113100,1069926,192002880
2021-02-05,5134626,189457661,48700,124800,1194336,190651997
2021-02-08,3920013,188069120,4200,79300,753350,188822470
2021-02-09,28772059,192351051,16700,76700,796913,193147964
2021-02-10,5793866,175753104,0,75800,773160,176526264
2021-02-18,10288296,178239761,4100,78500,806980,179046741
2021-02-19,9457043,173368319,15200,78900,852120,174220439
2021-02-22,13163044,173090430,3000,77900,822624,173913054
2021-02-23,7484128,175736342,10900,83800,863978,176600320
2021-02-24,15046874,182910050,2000,82800,845388,183755438
2021-02-25,14425976,190198681,6300,65300,658877,190857558
2021-02-26,7034468,187574057,0,60300,618678,188192735
2021-03-01,5956630,180501460,5000,34800,361572,180863032
2021-03-02,6638411,177960845,2000,36800,375728,178336573
2021-03-03,4958358,178639302,0,29800,304258,178943560
2021-03-04,2863904,177140548,3000,32800,330296,177470844
2021-03-05,3563511,176208567,0,32800,331608,176540175
2021-03-08,6469654,178540317,0,14000,138740,178679057
2021-03-09,4168039,177895927,0,11000,108130,178004057
2021-03-10,5096921,179334612,1300,12300,119064,179453676
2021-03-11,12348700,187938960,0,11000,106590,188045550
2021-03-12,5370508,188083168,0,11000,103730,188186898
2021-03-15,5871057,187636647,26500,37500,346125,187982772
2021-03-16,3794250,189867693,10500,48000,444480,190312173
2021-03-17,3900115,189886867,9000,30500,283955,190170822
2021-03-18,15500230,198434262,1700,32200,312984,198747246
2021-03-19,4802410,199483429,120100,147600,1415484,200898913
2021-03-22,5451191,199487307,1600,149200,1435304,200922611
2021-03-23,4018193,199122968,4300,153500,1473600,200596568
2021-03-24,5204339,198928634,0,149000,1437850,200366484
2021-03-25,6816533,198243938,3500,152500,1427400,199671338
2021-03-26,4025334,195458674,500,153000,1465740,196924414
2021-03-29,11392653,201169258,0,152000,1489600,202658858
2021-03-30,12356968,191752100,58200,210200,2146142,193898242
2021-03-31,9213502,189574572,17000,195000,2018250,191592822
2021-04-01,7849778,186407373,24800,194000,2025360,188432733
2021-04-02,4533775,181877015,19300,169100,1785696,183662711
2021-04-06,10261439,183806241,43200,209400,2230110,186036351
2021-04-07,2253386,176188824,400,205000,2179150,178367974
2021-04-08,5266743,171805273,0,199800,2171826,173977099
2021-04-09,4491155,173361006,0,199800,2143854,175504860
2021-04-12,7953970,172846092,0,145500,1548120,174394212
2021-04-13,6715259,173139751,2000,147500,1585625,174725376
2021-04-14,6966894,175172920,2000,131800,1455072,176627992
2021-04-15,11722604,175592115,0,131800,1488022,177080137
2021-04-16,8972131,173978514,14000,145800,1662120,175640634
2021-04-19,13431341,178255212,0,131800,1495930,179751142
2021-04-20,12323225,177010528,15700,144500,1650190,178660718
2021-04-21,7130762,169568250,57400,196200,2244528,171812778
2021-04-22,7596256,170712421,57300,186100,2130845,172843266
2021-04-23,27811168,174730192,80100,207000,2444670,177174862
2021-04-26,25212371,176085630,59100,195500,2191555,178277185
2021-04-27,11044890,179922367,58300,191500,2133310,182055677
2021-04-28,5260744,174480229,57300,191400,2164734,176644963
2021-04-29,4688224,158657707,68200,200300,2233345,160891052
2021-04-30,11513735,165278378,0,132100,1445174,166723552
2021-05-06,4635491,161201884,3600,130700,1399797,162601681
2021-05-07,6281369,158619048,28400,157100,1693538,160312586
2021-05-10,15896928,168307911,62400,148400,1632400,169940311
2021-05-11,19976188,177087699,26400,136400,1504492,178592191
2021-05-12,7867822,170048133,36300,129400,1436340,171484473
2021-05-13,27528306,179421640,242400,332500,3963400,183385040
2021-05-14,39873967,197828916,33800,310500,3800520,201629436
2021-05-17,27397821,203870040,28400,307400,3750280,207620320
2021-05-18,24807067,201742918,43000,324000,3994920,205737838
2021-05-19,18199349,197397682,0,279700,3348009,200745691
2021-05-20,10814796,195303270,0,279700,3336821,198640091
2021-05-21,29735363,205242436,21000,300700,3692596,208935032
2021-05-24,41250097,216470357,0,67900,846713,217317070
2021-05-25,26360292,227516373,68200,136100,1678113,229194486
2021-05-26,22695584,232078249,12600,106300,1279852,233358101
2021-05-27,19417040,233196908,11400,105100,1250690,234447598
2021-05-28,19921217,232320137,14700,108400,1294296,233614433
2021-05-31,25318291,224839738,187278,278978,3350526,228190264
2021-06-01,20200775,231349709,27900,273578,3261050,234610759
2021-06-02,31734059,241193339,39400,288578,3436964,244630303
2021-06-03,23189627,235739482,80700,310378,3699706,239439188
2021-06-04,22292708,232124410,62600,222478,2709782,234834192
2021-06-07,78060213,257525483,105700,252578,3308772,260834255
2021-06-08,46981529,249277630,193900,347778,4260281,253537911
2021-06-09,19795789,240317945,127800,343278,4050680,244368625
2021-06-10,25287985,237054118,126500,335978,3843588,240897706
2021-06-11,12247151,229789996,88500,244878,2808751,232598747
2021-06-15,10496844,229302210,104900,259978,2968949,232271159
2021-06-16,10697947,220025404,113347,257025,2840126,222865530
2021-06-17,9575268,216007633,324800,465078,5348397,221356030
2021-06-18,8505233,213586028,129900,459778,5209285,218795313
2021-06-21,10947974,192801489,102100,481678,5486312,198287801
2021-06-22,7320178,193814702,168300,564078,6306392,200121094
2021-06-23,5096689,193235091,81900,524578,5817570,199052661
2021-06-24,2996819,189295883,80800,505478,5590587,194886470
2021-06-25,7533200,187149519,138100,554178,6168001,193317520
2021-06-28,6059701,187439021,72100,473000,5259760,192698781
2021-06-29,6533333,188299863,93700,321900,3534462,191834325
2021-06-30,4196730,183171451,115476,360476,3943607,187115058
2021-07-01,5098605,183054771,22000,316976,3429680,186484451
2021-07-02,13478006,188556688,149900,415200,4367904,192924592
2021-07-05,4512810,180262475,140300,504400,5366816,185629291
2021-07-06,6773558,181762949,38400,519800,5546266,187309215
2021-07-07,4950564,183126022,80100,585100,6266421,189392443
2021-07-08,4917818,182460270,85100,572900,5986805,188447075
2021-07-09,3371382,180761550,47600,459500,4719065,185480615
2021-07-12,5990487,180160073,50600,399600,4099896,184259969
2021-07-13,10184533,183086180,163800,492800,5139904,188226084
2021-07-14,5791886,181956015,36500,486700,5032478,186988493
2021-07-15,15899058,186030825,149900,535100,5875398,191906223
2021-07-16,9761406,187341092,117400,572000,6200480,193541572
2021-07-19,6711434,185803488,40088,553988,6032929,191836417
2021-07-20,12999369,186417935,133000,631688,7068589,193486524
2021-07-21,9979613,186889881,45600,632588,7040704,193930585
2021-07-22,7884078,185556133,13400,493088,5379590,190935723
2021-07-23,10878366,189609314,47300,475088,5035933,194645247
2021-07-26,9768076,188794477,76700,499788,5062852,193857329
2021-07-27,6466903,187540537,73900,433788,4303177,191843714
2021-07-28,3410986,184455914,75000,357600,3550968,188006882
2021-07-29,6345782,184584041,178600,463100,4538380,189122421
2021-07-30,6497635,182939723,113900,456800,4284784,187224507
2021-08-02,7632574,184891561,174200,588000,5703600,190595161
2021-08-03,3932908,185431479,88300,598700,5735546,191167025
2021-08-04,8002366,187188742,51400,579400,5498506,192687248
2021-08-05,6038886,189811401,33100,593500,5513615,195325016
2021-08-06,7002394,188065152,59100,640600,5906332,193971484
2021-08-09,5774287,180298305,84700,679400,6447506,186745811
2021-08-10,5470421,178455820,18900,567200,5535872,183991692
2021-08-11,2836004,176203119,157800,685500,6615075,182818194
2021-08-12,3264935,175629065,43500,676300,6465428,182094493
2021-08-13,3851740,176497391,10500,676900,6464395,182961786
2021-08-16,4356657,175797013,120000,794600,7524862,183321875
2021-08-17,5928976,177829617,22600,809400,7430292,185259909
2021-08-18,5531279,175825800,36400,768600,7340130,183165930
2021-08-19,5388732,175391864,0,713500,6649820,182041684
2021-08-20,2642431,173686972,69500,703600,6515336,180202308
2021-08-23,4692840,173524774,23500,599700,5607195,179131969
2021-08-24,4114207,174349993,118700,686600,6440308,180790301
2021-08-25,6445457,174259738,100800,748300,7026537,181286275
2021-08-26,3670151,174936222,65800,661000,6120860,181057082
2021-08-27,5385111,175346312,43500,656700,6054774,181401086
2021-08-30,1633851,173815386,85917,655817,6026958,179842344
2021-08-31,1604496,173404199,63900,698723,6365367,179769566
2021-09-01,2560573,170791901,3000,659023,6043241,176835142
2021-09-02,3090647,171957004,21500,566723,5145845,177102849
2021-09-03,2180607,169525530,4500,509523,4646850,174172380
2021-09-06,8632447,165937877,21600,518523,4957080,170894957
2021-09-07,4638322,164389805,4400,398923,3769822,168159627
2021-09-08,5342163,165761315,48300,424700,4017662,169778977
2021-09-09,4602352,168680617,20200,414400,3911936,172592553
2021-09-10,4675695,167766710,27700,438200,4119080,171885790
2021-09-13,4744762,169552335,7800,440800,4134704,173687039
2021-09-14,3709888,165768457,59400,487900,4527712,170296169
2021-09-15,1955688,165876038,108200,514400,4737624,170613662
2021-09-16,1297070,164922967,49000,553300,5090360,170013327
2021-09-17,11284073,173819804,55900,531100,4896742,178716546
2021-09-22,2988941,167485066,98100,629200,5687968,173173034
2021-09-23,3521516,166006220,20200,640000,5760000,171766220
2021-09-24,4252257,165119457,33600,569900,5140498,170259955
2021-09-27,7174132,164265963,40900,578600,5404124,169670087
2021-09-28,6671232,164910360,94600,672200,6096854,171007214
2021-09-29,1463561,161778442,39500,662000,5885180,167663622
2021-09-30,1384908,161871083,31400,520600,4654164,166525247
2021-10-08,5524374,163000800,300,491000,4482830,167483630
2021-10-11,2965009,163252821,40100,366200,3343406,166596227
2021-10-12,1943098,161852591,58300,348200,3182548,165035139
2021-10-13,7917738,163020235,159700,484700,4536792,167557027
2021-10-14,3204647,161290492,199800,652900,6117673,167408165
2021-10-15,2211035,160814318,0,645100,6063940,166878258
2021-10-18,2336269,161406353,109400,740900,6757008,168163361
2021-10-19,4952869,162049877,0,649000,6035700,168085577
2021-10-20,2921567,160337524,400,613300,5660759,165998283
2021-10-21,1069128,159073583,0,402200,3668064,162741647
2021-10-22,3198192,159453839,0,113000,1039600,160493439
2021-10-25,8783493,157650931,14000,118300,1117935,158768866
2021-10-26,14727661,159833779,105800,196600,1912918,161746697
2021-10-27,5973679,158935143,500,148600,1422102,160357245
2021-10-28,4791009,160719032,0,146700,1396584,162115616
2021-10-29,28028503,175127739,90600,232600,2305066,177432805
2021-11-01,7552404,158536084,5100,237400,2350260,160886344
2021-11-02,7502137,157079440,0,220400,2159920,159239360
2021-11-03,5195570,156937481,0,169100,1669017,158606498
2021-11-04,6479777,157785938,54800,193400,1939802,159725740
2021-11-05,2452158,152816443,32500,225900,2234151,155050594
2021-11-08,4394052,152022428,0,194600,1887620,153910048
2021-11-09,5845990,153042135,0,131700,1278807,154320942
2021-11-10,11405894,158051963,2700,133900,1238575,159290538
2021-11-11,5552147,157988337,2900,136800,1264032,159252369
2021-11-12,2595400,152515463,0,136800,1270872,153786335
2021-11-15,6286340,151680885,0,129800,1238292,152919177
2021-11-16,5595189,149959942,0,103000,993950,150953892
2021-11-17,5637270,152433335,3000,106000,1009120,153442455
2021-11-18,3558830,153456851,23940,128140,1209642,154666493
2021-11-19,7471362,155490188,8800,102340,974277,156464465
2021-11-22,4701690,155625893,0,71840,681043,156306936
2021-11-23,2749432,155625707,0,71840,675296,156301003
2021-11-24,4452409,157375585,0,71840,677451,158053036
2021-11-25,3099049,154078192,0,71840,677451,154755643
2021-11-26,4576608,155118702,34700,106540,994018,156112720
2021-11-29,6249503,157927640,0,106440,973926,158901566
2021-11-30,1681401,156405613,0,82800,761760,157167373
2021-12-01,1940537,156319868,34200,84100,773720,157093588
2021-12-02,2022186,156709615,9100,93200,851848,157561463
2021-12-03,4853069,159655070,8700,98900,899990,160555060
2021-12-06,3012745,159226704,0,98900,895045,160121749
2021-12-07,2507838,159113000,7500,106400,968240,160081240
2021-12-08,17769968,172938492,0,106400,981008,173919500
2021-12-09,12072295,168632676,30000,136400,1278068,169910744
2021-12-10,7169340,168354550,0,108900,1021482,169376032
2021-12-13,10471156,171966315,0,86800,811580,172777895
2021-12-14,5313410,173698905,0,68000,631040,174329945
2021-12-15,5356288,171943418,1700,54900,502884,172446302
2021-12-16,5591440,170855239,2500,47400,435132,171290371
2021-12-17,22662550,188721904,33300,66700,600300,189322204
2021-12-20,5364655,188137252,9100,72800,655928,188793180
2021-12-21,6945625,188870600,2100,74900,679343,189549943
2021-12-22,5193523,190339148,500,75400,683878,191023026
2021-12-23,7377620,191945445,3000,78400,714224,192659669
2021-12-24,7139974,191286475,0,73400,666472,191952947
2021-12-27,6387088,193608448,0,32600,296986,193905434
2021-12-28,6907452,192373536,0,32600,301224,192674760
2021-12-29,8248490,192724010,0,32600,296660,193020670
2021-12-30,6893136,191420378,43200,72800,662480,192082858
2021-12-31,2785026,188870957,35000,102900,936390,189807347
2022-01-04,5900654,191297892,0,102900,945651,192243543
2022-01-05,18212874,186284019,27500,130400,1206200,187490219
2022-01-06,8107935,186590632,10000,112900,1035293,187625925
2022-01-07,22669060,198260704,0,112900,1046583,199307287
2022-01-10,14019794,198067386,58800,130500,1205820,199273206
2022-01-11,7749107,198163656,29200,146700,1343772,199507428
2022-01-12,5784354,196747672,14900,161600,1486720,198234392
2022-01-13,3288710,194542653,8300,169900,1557983,196100636
2022-01-14,7446747,192745144,100,170000,1536800,194281944
2022-01-17,2502386,192808954,0,170000,1548700,194357654
2022-01-18,3189423,193056570,3000,173000,1576030,194632600
2022-01-19,3295423,192251040,0,173000,1572570,193823610
2022-01-20,7969643,193522913,1000,174000,1572960,195095873
2022-01-21,1994268,189690161,0,171000,1547550,191237711
2022-01-24,1710488,189925706,0,168800,1522576,191448282
2022-01-25,5081539,191243834,42800,204500,1779150,193022984
2022-01-26,4564243,192529092,1800,175900,1518017,194047109
2022-01-27,4972834,193697188,31900,206100,1702386,195399574
2022-01-28,2191222,189838141,2300,205400,1710982,191549123
2022-02-07,2617824,189923424,0,184200,1543596,191467020
2022-02-08,2030285,188733611,3000,174500,1476270,190209881
2022-02-09,1092709,187550098,1000,154400,1321664,188871762
2022-02-10,1155376,187820504,44300,198700,1698885,189519389
2022-02-11,894593,187355789,0,198700,1692924,189048713
2022-02-14,3158659,187669003,0,195700,1673235,189342238
2022-02-15,1742057,187166419,0,195700,1688891,188855310
2022-02-16,1104768,184579140,0,195700,1716289,186295429
2022-02-17,1715560,182879177,3000,198700,1756508,184635685
2022-02-18,1854635,181987818,0,188700,1679430,183667248
2022-02-21,999281,180128792,1700,186400,1653368,181782160
2022-02-22,3075832,181744419,4000,190400,1666000,183410419
2022-02-23,3523092,183428667,0,140700,1219869,184648536
2022-02-24,4963113,184390924,3000,143700,1197021,185587945
2022-02-25,5098224,187922344,4100,144800,1184464,189106808
2022-02-28,8299632,190709621,3000,147800,1169098,191878719
2022-03-01,12608888,193423730,0,144800,1209080,194632810
2022-03-02,5943453,192826428,3000,143700,1176903,194003331
2022-03-03,3412643,192715141,0,143700,1169718,193884859
2022-03-04,2109882,190370641,0,143400,1162974,191533615
2022-03-07,3559233,189811126,0,143400,1144332,190955458
2022-03-08,2269195,188557223,0,140400,1089504,189646727
2022-03-09,3701215,186104116,0,140400,1060020,187164136
2022-03-10,4670238,188588045,24000,164400,1252728,189840773
2022-03-11,3651832,187175194,4700,169100,1315598,188490792
2022-03-14,3183443,188384504,0,169100,1266559,189651063
2022-03-15,3800175,185500290,0,143400,1013838,186514128
2022-03-16,5292295,187114406,28300,138200,986748,188101154
2022-03-17,2554444,184992401,4900,143100,1041768,186034169
2022-03-18,3647726,185239366,15500,155600,1168556,186407922
2022-03-21,2082813,184148576,4400,140200,1057108,185205684
2022-03-22,648608,183309759,14900,152100,1146834,184456593
2022-03-23,2677824,183892279,79700,225100,1737772,185630051
2022-03-24,3114584,184667159,51300,214800,1615296,186282455
2022-03-25,2260215,184915584,25700,200300,1508259,186423843
2022-03-28,6518048,189007420,232896,401876,3078370,192085790
2022-03-29,3612353,188183546,37600,408480,3116702,191300248
2022-03-30,4452691,190512698,34900,424497,3268627,193781325
2022-03-31,3308370,191391558,69700,485497,3733472,195125030
2022-04-01,3809168,187293959,95900,538297,4155653,191449612
2022-04-06,13678949,194723284,6500,332380,2665688,197388972
2022-04-07,3778282,191577004,13300,339180,2703265,194280269
2022-04-08,1917778,187396053,19117,241681,1931031,189327084
2022-04-11,3828915,188009290,43502,257466,1990212,189999502
2022-04-12,21625894,205239333,82800,286266,2333068,207572401
2022-04-13,8567545,210291598,56900,210703,1694052,211985650
2022-04-14,15180030,214511376,226970,397573,3272026,217783402
2022-04-15,7153416,202013349,43500,400673,3237438,205250787
2022-04-18,5221221,197312828,117500,437770,3510915,200823743
2022-04-19,6803659,201191390,56300,262770,2112671,203304061
2022-04-20,9667118,200779147,113300,299670,2391367,203170514
2022-04-21,5481476,200758124,99200,334170,2586476,203344600
2022-04-22,2420810,197493048,144200,409570,3215125,200708173
2022-04-25,5200174,193640581,127100,471970,3435942,197076523
2022-04-26,2721684,191352853,288700,688870,5001196,196354049
2022-04-27,6335619,184867281,121500,736270,5441035,190308316
2022-04-28,6741428,186943028,158500,777970,5803656,192746684
2022-04-29,5395397,182742622,151800,706870,5435830,188178452
2022-05-05,5583837,180251633,32900,680247,5292322,185543955
2022-05-06,4401143,179759330,51188,659435,4932574,184691904
2022-05-09,2641357,181056584,66700,131735,998551,182055135
2022-05-10,4919097,182579190,62100,167535,1273266,183852456
2022-05-11,6729143,182162390,30000,162035,1224985,183387375
2022-05-12,4301428,181268531,79500,212835,1619674,182888205
2022-05-13,4201407,183667302,25200,196335,1494109,185161411
2022-05-16,3976174,183565002,15494,196329,1488174,185053176
2022-05-17,5339861,185722643,253257,391292,2954254,188676897
2022-05-18,3844222,186322008,255861,640953,4807148,191129156
2022-05-19,2857366,184581481,9300,625053,4662895,189244376
2022-05-20,6008133,183725203,15494,606047,4642320,188367523
2022-05-23,4028900,183950512,15600,606153,4673439,188623951
2022-05-24,4605648,182723005,7800,584018,4380136,187103141
2022-05-25,4762590,183350057,43600,606518,4621667,187971724
2022-05-26,9640698,184478274,63700,650618,5074821,189553095
2022-05-27,4549029,180770419,18400,649318,5058187,185828606
2022-05-30,16547242,185718251,39200,658518,5281314,190999565
2022-05-31,8527629,184027617,32800,293518,2368690,186396307
2022-06-01,3594694,180936296,45100,188557,1523541,182459837
2022-06-02,5181593,181505025,4800,118357,948040,182453065
2022-06-06,10474620,185552471,4100,105457,843656,186396127
2022-06-07,11211609,188884129,29500,134957,1083705,189967834
