日期,融资买入额(元),融资余额(元),融券卖出量,融券余量,融券余额(元),融资融券余额(元)
2017-07-12,13339107,613000326,118300,118346,914815,613915141
2017-07-13,6224983,612372355,8000,22446,173059,612545414
2017-07-14,6647991,609719035,0,46,350,609719385
2017-07-17,9279078,596598242,73028,73074,519556,597117798
2017-07-18,4510180,595760395,0,46,333,595760728
2017-07-19,5315189,596245206,22400,22446,163631,596408837
2017-07-20,21158807,599480921,81500,81546,611595,600092516
2017-07-21,10327044,598741895,22400,103946,773358,599515253
2017-07-24,6142452,598864414,0,81546,607518,599471932
2017-07-25,10275323,599232891,22400,103946,772319,600005210
2017-07-26,5369724,596100547,0,41546,306609,596407156
2017-07-27,27004825,600175067,102400,102400,784384,600959451
2017-07-28,9701536,596281117,100,80100,606357,596887474
2017-07-31,11217795,592894026,22400,102500,776950,593670976
2017-08-01,11751198,597977571,0,0,0,597977571
2017-08-02,6386110,595967217,62500,62500,465000,596432217
2017-08-03,39437869,603284999,81500,81500,637330,603922329
2017-08-04,12751090,599735379,22500,104000,802880,600538259
2017-08-07,10552771,596716090,0,81500,626735,597342825
2017-08-08,9967510,594381062,22500,104000,803920,595184982
2017-08-09,10836375,592734270,0,41500,320380,593054650
2017-08-10,11253330,589452841,22500,64000,486400,589939241
2017-08-11,11863906,589723983,0,0,0,589723983
2017-08-14,18831218,588048961,0,0,0,588048961
2017-08-15,14597080,585662763,52500,52500,412125,586074888
2017-08-16,40965423,589542031,91500,91500,741150,590283181
2017-08-17,32768587,592378673,44800,86300,706797,593085470
2017-08-18,17791980,592612759,7700,49200,401964,593014723
2017-08-21,44020122,603516381,74800,116300,992039,604508420
2017-08-22,27174366,591863860,22700,114200,938724,592802584
2017-08-23,19249006,597239725,14800,86300,694715,597934440
2017-08-24,9986350,595080971,7700,79200,633600,595714571
2017-08-25,13988104,596221122,14800,86300,698167,596919289
2017-08-28,23963379,600172555,200,71755,584803,600757358
2017-08-29,13253596,592239593,22200,93755,755665,592995258
2017-08-30,13227021,587346290,200,34855,282674,587628964
2017-08-31,9224079,585786587,0,34855,282674,586069261
2017-09-01,14439365,583104377,17500,47555,386622,583490999
2017-09-04,33986041,589958238,72900,102955,853497,590811735
2017-09-05,27173048,598332508,19500,49555,404864,598737372
2017-09-06,26915840,600951556,2900,32955,270890,601222446
2017-09-07,30663166,606895934,64500,94555,775351,607671285
2017-09-08,33567405,615677677,42900,72955,611363,616289040
2017-09-11,26153916,601209751,44500,94555,794262,602004013
2017-09-12,23045185,597621775,2900,57955,479867,598101642
2017-09-13,11581513,595719471,19500,19555,161915,595881386
2017-09-14,22094108,597646213,82900,102455,830910,598477123
2017-09-15,11051436,594100178,0,50055,405946,594506124
2017-09-18,8758743,595474079,30000,30055,246150,595720229
2017-09-19,6796842,592131034,72400,102455,832959,592963993
2017-09-20,15813977,596422512,0,55,450,596422962
2017-09-21,37115194,590425791,143900,143955,1190508,591616299
2017-09-22,50848489,591939996,0,41555,350309,592290305
2017-09-25,29367184,593047196,22400,63955,530827,593578023
2017-09-26,29369969,588440536,0,41555,333687,588774223
2017-09-27,19985115,591933679,37500,79055,641927,592575606
2017-09-28,60494239,600244456,42500,111555,996186,601240642
2017-09-29,104054530,601393591,0,41555,408070,601801661
2017-10-09,22662720,602914595,0,41555,448794,603363389
2017-10-10,326460012,693431634,102400,102455,1178233,694609867
2017-10-11,341202979,745230107,20000,100055,1184651,746414758
2017-10-12,266939597,784739254,42400,102455,1229460,785968714
2017-10-13,261199511,781555790,81500,161555,1853036,783408826
2017-10-16,250640829,798150967,42400,153955,1691965,799842932
2017-10-17,168622883,773766160,40000,121555,1305501,775071661
2017-10-18,197224496,781677582,34400,105955,1070146,782747728
2017-10-19,94748218,768020490,10000,83555,840563,768861053
2017-10-20,145303180,774393163,82400,165955,1677805,776070968
2017-10-23,92937237,767910621,0,123555,1240492,769151113
2017-10-24,121921454,767053739,22400,145955,1402628,768456367
2017-10-25,82761106,767262559,10000,123555,1196012,768458571
2017-10-26,99102548,751379962,60000,133555,1292812,752672774
2017-10-27,92084074,750205893,22400,135955,1265741,751471634
2017-10-30,85126544,762317129,10000,123555,1135470,763452599
2017-10-31,55345009,752405410,32400,145955,1351543,753756953
2017-11-01,75172826,759194961,0,113555,1052655,760247616
2017-11-02,49569640,764966636,32400,145955,1348624,766315260
2017-11-03,64257193,765988718,10000,93555,863513,766852231
2017-11-06,64326272,757689189,80000,153555,1446488,759135677
2017-11-07,69950041,753463818,22400,155955,1473775,754937593
2017-11-08,90328999,715700829,10000,62055,592005,716292834
2017-11-09,75106417,733074541,22400,74455,700622,733775163
2017-11-10,99194268,719201212,70000,82055,786907,719988119
2017-11-13,104839401,738454705,46400,76455,699563,739154268
2017-11-14,48387994,728730610,10000,81555,758462,729489072
2017-11-15,76099417,723674139,104900,176455,1681616,725355755
2017-11-16,68185057,722688507,10000,141555,1262671,723951178
2017-11-17,94916040,710436338,59900,191455,1541213,711977551
2017-11-20,35187357,715945273,10000,196555,1584233,717529506
2017-11-21,26098320,718258954,14900,201455,1611640,719870594
2017-11-22,26808930,718606331,0,196555,1560647,720166978
2017-11-23,24663400,714520106,4900,201455,1553218,716073324
2017-11-24,21999233,715522742,0,155055,1212530,716735272
2017-11-27,23007576,713336244,14900,169955,1296757,714633001
2017-11-28,22962085,718337654,0,155055,1214081,719551735
2017-11-29,28175823,715200021,4900,79955,622849,715822870
2017-11-30,22973782,714374850,0,75000,585000,714959850
2017-12-01,31380338,700474310,131500,206500,1647870,702122180
2017-12-04,22305209,698878482,5000,201500,1569685,700448167
2017-12-05,38638658,692697939,0,155000,1134600,693832539
2017-12-06,16749383,694289500,5000,160000,1200000,695489500
2017-12-07,15345706,694763330,0,75000,564000,695327330
2017-12-08,17490534,683026272,80000,155000,1201250,684227522
2017-12-11,22934831,674266629,5000,160000,1244800,675511429
2017-12-12,18597074,674764827,0,160000,1212800,675977627
2017-12-13,22472527,674738532,51500,191500,1486040,676224572
2017-12-14,19512202,663605521,5000,196500,1515015,665120536
2017-12-15,15568434,658139571,0,191500,1478380,659617951
2017-12-18,13767664,659635386,5000,196500,1493400,661128786
2017-12-19,17037902,663137429,0,111500,858550,663995979
2017-12-20,13217829,661884746,5000,116500,873750,662758496
2017-12-21,22896193,672460963,0,111500,836250,673297213
2017-12-22,8447726,663322534,5000,116500,863265,664185799
2017-12-25,13540845,656799036,0,111500,816180,657615216
2017-12-26,14617491,661221050,0,91500,677100,661898150
2017-12-27,12275169,657780959,5000,96500,712170,658493129
2017-12-28,16111873,658927854,0,81500,602285,659530139
2017-12-29,22246375,652491676,95000,176500,1350225,653841901
2018-01-02,20491347,658533104,0,161500,1232245,659765349
2018-01-03,33842624,663923544,5000,86500,671240,664594784
2018-01-04,22104158,666970750,0,81500,625105,667595855
2018-01-05,28036230,658725351,5000,45000,349650,659075001
2018-01-08,16805030,652391334,0,40000,309600,652700934
2018-01-09,20148977,644259624,5000,45000,345150,644604774
2018-01-10,21319573,636639111,0,40000,308000,636947111
2018-01-11,55881367,638975446,128000,168000,1347360,640322806
2018-01-12,32459042,628551813,0,121500,941625,629493438
2018-01-15,28456958,628289424,85000,206500,1534295,629823719
2018-01-16,8898540,624772477,0,126500,942425,625714902
2018-01-17,17583815,627546950,80000,201500,1511250,629058200
2018-01-18,11513079,628281299,5000,206500,1542555,629823854
2018-01-19,7601227,622793674,0,201500,1507220,624300894
2018-01-22,18263035,627623273,5000,206500,1557010,629180283
2018-01-23,11774956,627923691,0,121500,910035,628833726
2018-01-24,29060047,618889213,5000,126500,971520,619860733
2018-01-25,33501113,616984177,58000,179500,1378560,618362737
2018-01-26,23798137,617327522,27000,126500,975315,618302837
2018-01-29,21880999,619903652,40000,161500,1212865,621116517
2018-01-30,7202066,615572152,5000,166500,1240425,616812577
2018-01-31,17787965,599155955,40000,201500,1414530,600570485
2018-02-01,18751190,596529501,5000,85000,562700,597092201
2018-02-02,12852366,592417024,120000,120000,762000,593179024
2018-02-05,3105720,587958233,63000,183000,1154730,589112963
2018-02-06,11142422,579063643,22000,158500,922470,579986113
2018-02-07,6499718,571262966,5000,85000,503200,571766166
2018-02-08,7120834,570954446,0,80000,487200,571441646
2018-02-09,5396473,566433186,5000,85000,508300,566941486
2018-02-12,10091368,565609346,19100,99100,610456,566219802
2018-02-13,8256014,561066219,5000,104100,638133,561704352
2018-02-14,2862258,556563035,0,99100,609465,557172500
2018-02-22,7306168,556711566,5000,85000,531250,557242816
2018-02-23,8214478,558019012,0,80000,496800,558515812
2018-02-26,16990218,557769459,5000,85000,540600,558310059
2018-02-27,16986284,554312635,0,80000,511200,554823835
2018-02-28,13578573,553384261,5000,65000,421200,553805461
2018-03-01,24403630,550651387,121500,181500,1214235,551865622
2018-03-02,20020834,549941246,5000,186500,1229035,551170281
2018-03-05,11106930,552490225,0,181500,1205160,553695385
2018-03-06,26618706,548001110,5000,65000,440700,548441810
2018-03-07,10217377,546513858,0,60000,398400,546912258
2018-03-08,10435077,543103502,5000,65000,431600,543535102
2018-03-09,31192998,549794724,121500,181500,1248720,551043444
2018-03-12,48725110,561999133,5000,106500,806205,562805338
2018-03-13,84751395,555209908,40000,141500,1062665,556272573
2018-03-14,38640371,554304887,5000,146500,1063590,555368477
2018-03-15,35239530,549691587,10000,151500,1084740,550776327
2018-03-16,35747507,551138009,45000,196500,1424625,552562634
2018-03-19,28098167,556955601,0,101500,742980,557698581
2018-03-20,18879098,556217957,5000,106500,766800,556984757
2018-03-21,25226535,554938896,78700,138700,979222,555918118
2018-03-22,12788748,554989236,15000,93700,667144,555656380
2018-03-23,14963366,536923467,40000,50000,322500,537245967
2018-03-26,11330453,533712866,101500,151500,1001415,534714281
2018-03-27,16662493,528493325,45000,115000,787750,529281075
2018-03-28,31360337,536435240,121500,211500,1469925,537905165
2018-03-29,20869149,536003617,5000,176500,1261975,537265592
2018-03-30,35542886,527897279,60000,141500,1035780,528933059
2018-04-02,31922341,535382353,5000,146500,1048940,536431293
2018-04-03,27309425,542700144,0,141500,990500,543690644
2018-04-04,17514860,537846195,15000,156500,1064200,538910395
2018-04-09,13803149,528482522,63377,214877,1433230,529915752
2018-04-10,17082142,530782894,5000,219877,1470977,532253871
2018-04-11,10323777,515652891,0,194877,1301778,516954669
2018-04-12,10193716,510320672,5000,139877,934378,511255050
2018-04-13,11592478,510799566,0,134877,898281,511697847
2018-04-16,40639139,517539472,138200,233077,1617554,519157026
2018-04-17,38501451,495113251,0,148300,1029202,496142453
2018-04-18,29043841,494593183,85000,191800,1304240,495897423
2018-04-19,21541637,492963070,0,130000,868400,493831470
2018-04-20,13646481,490174915,5000,115000,746350,490921265
2018-04-23,21563600,493469321,120000,150000,1011000,494480321
2018-04-24,90948491,523485310,166500,230800,1659452,525144762
2018-04-25,64501027,546685061,0,145955,1040659,547725720
2018-04-26,39790261,543293266,32700,124355,849345,544142611
2018-04-27,27085625,535122789,91900,211255,1453434,536576223
2018-05-02,33894190,504883202,36000,177255,1148612,506031814
2018-05-03,19400590,497868740,0,172255,1142051,499010791
2018-05-04,13644526,496457632,5000,157255,1034738,497492370
2018-05-07,20460865,503418627,0,152255,1026199,504444826
2018-05-08,30603514,510526929,75000,227255,1563514,512090443
2018-05-09,19882753,507527151,0,182255,1252092,508779243
2018-05-10,17105551,512230118,5000,97255,669114,512899232
2018-05-11,17659803,499522892,13400,105655,710002,500232894
2018-05-14,14112249,496790344,42200,147855,996543,497786887
2018-05-15,14725332,494907805,22800,135655,931950,495839755
2018-05-16,19567976,496806081,5000,140655,959267,497765348
2018-05-17,13052830,498265308,0,135655,921097,499186405
2018-05-18,13090733,489963196,39300,133455,900821,490864017
2018-05-21,24936301,496600907,85800,194255,1336474,497937381
2018-05-22,23785071,502204284,21500,135800,934304,503138588
2018-05-23,20671243,502292987,5000,140800,939136,503232123
2018-05-24,8079091,498271311,0,135800,900354,499171665
2018-05-25,9462833,496992120,45000,180800,1171584,498163704
2018-05-28,8431376,498934195,0,175800,1142700,500076895
2018-05-29,9186387,494788361,5000,140800,905344,495693705
2018-05-30,13752158,487101020,41500,97300,597422,487698442
2018-05-31,6011723,485123427,5000,102300,635283,485758710
2018-06-01,4097085,482017453,20000,117300,722568,482740021
2018-06-04,3954752,481866864,5000,122300,754591,482621455
2018-06-05,8156874,485299989,20000,137300,863617,486163606
2018-06-06,5053687,486288146,0,137300,860871,487149017
2018-06-07,4673781,484413567,25700,163000,1002450,485416017
2018-06-08,5178480,475312158,50000,208000,1248000,476560158
2018-06-11,4103198,474790346,0,208000,1243840,476034186
2018-06-12,6458606,477011719,5000,193000,1171510,478183229
2018-06-13,6280803,479067742,0,188000,1122360,480190102
2018-06-14,3385542,477688355,44900,162000,952560,478640915
2018-06-15,3287417,472765912,0,115500,672210,473438122
2018-06-19,3700475,455087406,145100,209600,1108784,456196190
2018-06-20,3706986,450836315,0,151500,816585,451652900
2018-06-21,2867906,443540126,5000,146500,753010,444293136
2018-06-22,2875867,438516777,38100,179600,939308,439456085
2018-06-25,3203051,436584676,5000,136500,711165,437295841
2018-06-26,3460540,437051175,20000,151500,802950,437854125
2018-06-27,1277388,434842359,5000,156500,829450,435671809
2018-06-28,2869258,435273182,0,151500,792345,436065527
2018-06-29,6410731,436693031,35000,156500,848230,437541261
2018-07-02,4514654,435450955,0,131500,699580,436150535
2018-07-03,5115957,435050151,0,91500,500505,435550656
2018-07-04,7092557,431549892,126300,187800,1027266,432577158
2018-07-05,4233511,429141479,28400,155600,809120,429950599
2018-07-06,4812092,428059064,24300,179900,940877,428999941
2018-07-09,3375109,426565631,1600,138100,737454,427303085
2018-07-10,5091060,427351726,26500,164600,892132,428243858
2018-07-11,4502820,424692341,0,159600,834708,425527049
2018-07-12,8263255,425596494,82200,220200,1193484,426789978
2018-07-13,2335523,423695132,5000,185200,1007488,424702620
2018-07-16,9093968,424215521,22800,164600,923406,425138927
2018-07-17,8449527,426049192,5000,106500,591075,426640267
2018-07-18,3475483,425602726,0,101500,555205,426157931
2018-07-19,3890346,425244853,1200,102700,550472,425795325
2018-07-20,4244305,424173405,89000,190500,1040130,425213535
2018-07-23,9055631,418296088,57500,244200,1409034,419705122
2018-07-24,12675047,417544762,3800,176800,1037816,418582578
2018-07-25,12493295,422780107,1200,174200,1001650,423781757
2018-07-26,11511074,425673849,3800,176800,1020136,426693985
2018-07-27,5273198,426053345,1200,174200,985972,427039317
2018-07-30,7553977,429378201,3800,176800,983008,430361209
2018-07-31,4471452,430530546,1200,174200,972036,431502582
2018-08-01,7012128,427557044,3800,176800,967096,428524140
2018-08-02,5556892,425898174,71200,214200,1124550,427022724
2018-08-03,1917085,424217939,3800,176800,922896,425140835
2018-08-06,5107941,423832445,1200,174200,907582,424740027
2018-08-07,6994503,422586080,3800,176800,949416,423535496
2018-08-08,6843797,423064267,1200,174200,911066,423975333
2018-08-09,9302054,425041938,40000,213000,1145940,426187878
2018-08-10,4366978,419554225,5000,178000,961200,420515425
2018-08-13,5423120,418444712,12100,173000,932470,419377182
2018-08-14,4801400,418746055,5000,178000,954080,419700135
2018-08-15,3150695,417296848,19000,150500,790125,418086973
2018-08-16,5280193,418268281,5000,155500,822595,419090876
2018-08-17,4585272,415979502,19000,169500,879705,416859207
2018-08-20,2856489,414170708,5000,174500,921360,415092068
2018-08-21,4655231,412841634,30000,199500,1059345,413900979
2018-08-22,3093659,413733732,5000,204500,1065445,414799177
2018-08-23,4711077,413597466,12000,211500,1108260,414705726
2018-08-24,4799151,415006302,5000,216500,1127965,416134267
2018-08-27,6497919,414806840,0,211500,1123065,415929905
2018-08-28,6740269,413957187,5000,216500,1160440,415117627
2018-08-29,14550237,414765873,40000,216500,1182090,415947963
2018-08-30,8337245,418982764,0,171500,912380,419895144
2018-08-31,7660207,421477738,5000,176500,928390,422406128
2018-09-03,6632859,421000638,0,171500,896945,421897583
2018-09-04,4358472,419913002,5000,116500,617450,420530452
2018-09-05,55755523,425649034,181500,253000,1474990,427124024
2018-09-06,60012172,433093104,45000,218000,1292740,434385844
2018-09-07,41972893,436569465,0,194000,1096100,437665565
2018-09-10,25121507,439220232,5000,199000,1094500,440314732
2018-09-11,20191257,439772804,40000,234000,1303380,441076184
2018-09-12,15906821,442027532,5000,180000,997200,443024732
2018-09-13,19204543,440067956,20000,113500,639005,440706961
2018-09-14,16387024,439574070,5000,78500,427825,440001895
2018-09-17,12598338,438823385,0,73500,385140,439208525
2018-09-18,11284551,440237459,5000,66500,357770,440595229
2018-09-19,14374591,437750481,60000,121500,654885,438405366
2018-09-20,12495025,435620730,13600,95100,513540,436134270
2018-09-21,13539608,435674024,0,87900,480813,436154837
2018-09-25,8359073,433739776,0,87900,477297,434217073
2018-09-26,10596358,432649373,5000,92900,501660,433151033
2018-09-27,10769247,430260026,0,87900,463233,430723259
2018-09-28,5075607,423246178,5000,92900,493299,423739477
2018-10-08,6206064,420639158,0,87900,455322,421094480
2018-10-09,4463503,418301656,5000,92900,483080,418784736
2018-10-10,5681593,415187311,0,87900,459717,415647028
2018-10-11,7305248,398726462,86500,174400,821424,399547886
2018-10-12,8574355,388011140,0,129400,583594,388594734
2018-10-15,4724007,384631261,5000,134400,591360,385222621
2018-10-16,7298568,382071567,0,129400,566772,382638339
2018-10-17,4678947,380331905,45000,174400,777824,381109729
2018-10-18,1743647,377208906,0,169400,726726,377935632
2018-10-19,6725453,375207033,0,169400,753830,375960863
2018-10-22,10451577,376312231,5000,168200,783812,377096043
2018-10-23,7017006,374862925,0,123200,561792,375424717
2018-10-24,7648663,376697065,5000,128200,588438,377285503
2018-10-25,2932491,371859045,0,123200,563024,372422069
2018-10-26,8982268,371988757,5000,128200,594848,372583605
2018-10-29,5108191,372378382,0,123200,565488,372943870
2018-10-30,6457851,372466757,5000,128200,592284,373059041
2018-10-31,5842183,369224520,0,123200,574112,369798632
2018-11-01,9421589,368459361,5000,128200,599976,369059337
2018-11-02,12756623,370034805,0,81700,392977,370427782
2018-11-05,9660648,371778017,5000,86700,419628,372197645
2018-11-06,6327556,369819560,0,81700,393794,370213354
2018-11-07,8395055,369152885,5000,86700,418761,369571646
2018-11-08,18357148,368971752,41500,123200,604912,369576664
2018-11-09,10063133,367712910,0,123200,602448,368315358
2018-11-12,14192698,373745475,4600,127800,644112,374389587
2018-11-13,25972668,379406488,400,123600,640248,380046736
2018-11-14,20630011,375940851,4600,127800,655614,376596465
2018-11-15,18640547,376588747,400,123600,652608,377241355
2018-11-16,19710177,378271335,4600,127800,676062,378947397
2018-11-19,21635965,378056692,400,42100,223551,378280243
2018-11-20,20620315,377540103,24600,66300,346086,377886189
2018-11-21,11111729,377084970,400,42100,220604,377305574
2018-11-22,9058208,375803411,4600,46300,245853,376049264
2018-11-23,6816586,369668647,400,42100,212605,369881252
2018-11-26,11446294,373551632,4600,46300,239371,373791003
2018-11-27,13053057,365024058,400,42100,224393,365248451
2018-11-28,43628334,371727933,4600,46300,260206,371988139
2018-11-29,22886969,359608930,400,42100,223972,359832902
2018-11-30,10841052,360426133,4600,46300,242149,360668282
2018-12-03,22152309,369652463,400,600,3234,369655697
2018-12-04,21372483,378662434,0,200,1076,378663510
2018-12-05,7436845,376740854,5000,5200,27612,376768466
2018-12-06,9661610,368709884,0,200,1032,368710916
2018-12-07,6057031,366624968,5000,5200,27092,366652060
2018-12-10,5586538,365090916,0,200,1036,365091952
2018-12-11,6917408,366225723,60000,60200,319662,366545385
2018-12-12,6165316,366684267,5000,5200,27196,366711463
2018-12-13,9580345,369022755,0,200,1058,369023813
2018-12-14,8684328,366798961,5000,5200,26052,366825013
2018-12-17,2399539,360836388,0,200,1028,360837416
2018-12-18,3157071,360296265,5000,5200,26624,360322889
2018-12-19,2716145,358663377,0,200,1012,358664389
2018-12-20,3725903,359705036,0,200,1016,359706052
2018-12-21,3123208,359617669,5000,5200,26364,359644033
2018-12-24,5085695,359906547,41500,41700,216840,360123387
2018-12-25,8728902,358112004,5000,5200,27508,358139512
2018-12-26,11945726,363590077,0,200,1032,363591109
2018-12-27,10671173,364932967,5000,5200,26884,364959851
2018-12-28,5716652,363830345,0,200,1012,363831357
2019-01-02,4202454,363548534,5000,5200,26780,363575314
2019-01-03,7328372,362459036,0,200,1034,362460070
2019-01-04,16458280,368366363,46500,46700,247977,368614340
2019-01-07,20458845,371375913,0,41700,226014,371601927
2019-01-08,11815865,373345399,5000,46700,250779,373596178
2019-01-09,17091634,373501250,0,41700,222261,373723511
2019-01-10,7844060,368940206,5000,46700,247510,369187716
2019-01-11,35925751,375185542,40000,81700,452618,375638160
2019-01-14,18736334,373670244,5000,46700,255916,373926160
2019-01-15,14159234,375671792,0,200,1086,375672878
2019-01-16,13724226,378283469,5000,5200,27872,378311341
2019-01-17,7051396,376771604,0,200,1056,376772660
2019-01-18,7589115,373748303,5000,5200,27352,373775655
2019-01-21,6831080,373450584,0,200,1072,373451656
2019-01-22,3912353,370251525,5000,5200,27196,370278721
2019-01-23,5894873,371322870,0,5200,27092,371349962
2019-01-24,21885750,378744597,41500,41700,226431,378971028
2019-01-25,15736663,375161461,5000,46700,249378,375410839
2019-01-28,18614056,384974265,0,41700,222678,385196943
2019-01-29,13246563,373625978,5000,46700,235368,373861346
2019-01-30,5179226,370734012,0,200,982,370734994
2019-01-31,6193657,369505840,5000,5200,24648,369530488
2019-02-01,3997304,365886346,0,200,980,365887326
2019-02-11,7695555,364844658,0,200,1014,364845672
2019-02-12,6558676,363399921,5000,5200,26624,363426545
2019-02-13,19073049,370053210,0,200,1058,370054268
2019-02-14,8017375,364170076,5000,5200,27716,364197792
2019-02-15,10503683,365125245,0,200,1060,365126305
2019-02-18,17025337,362249193,700,900,4932,362254125
2019-02-19,23255046,364572724,4300,4500,24840,364597564
2019-02-20,14301416,366811464,700,900,4986,366816450
2019-02-21,22819801,364566907,8600,8800,48136,364615043
2019-02-22,20262092,359099340,37900,42400,239560,359338900
2019-02-25,40086972,366794967,4300,5200,31564,366826531
2019-02-26,30415460,364032641,0,200,1188,364033829
2019-02-27,67205179,374811405,46500,46700,304951,375116356
2019-02-28,54820118,393158727,0,41700,257289,393416016
2019-03-01,26542120,398358096,5000,46700,287205,398645301
2019-03-04,51628825,402484248,0,200,1244,402485492
2019-03-05,73379882,417348853,41500,41700,277722,417626575
2019-03-06,71810314,418248968,5000,46700,317093,418566061
2019-03-07,95020820,443894342,0,200,1390,443895732
2019-03-08,69339337,438447444,5000,5200,34112,438481556
2019-03-11,83979792,467360358,0,5200,36608,467396966
2019-03-12,92864916,469916255,0,200,1450,469917705
2019-03-13,59293463,458853016,5000,5200,36608,458889624
2019-03-14,70265268,450518731,0,200,1320,450520051
2019-03-15,37929231,452836833,5000,5200,34684,452871517
2019-03-18,28372244,433506779,0,200,1348,433508127
2019-03-19,34515184,444595684,5000,5200,35204,444630888
2019-03-20,20638860,443231174,0,200,1346,443232520
2019-03-21,65323210,462741627,30000,30200,212910,462954537
2019-03-22,39432748,456974194,0,200,1384,456975578
2019-03-25,21443709,457642233,5000,5200,35204,457677437
2019-03-26,31842193,459202155,2200,2400,15480,459217635
2019-03-27,18780412,454368074,5000,5200,33644,454401718
2019-03-28,32421199,438149134,0,200,1246,438150380
2019-03-29,16738733,431796036,5000,5200,33904,431829940
2019-04-01,0,418767535,0,5200,37284,418804819
2019-04-02,0,411921358,0,5200,41028,411962386
2019-04-03,21532519,420545744,16100,21300,184884,420730628
2019-04-04,349548306,593197281,8900,25200,235368,593432649
2019-04-08,229290770,606602086,5000,14100,132822,606734908
2019-04-09,158430080,659467211,16000,25100,228410,659695621
2019-04-10,125030932,651868522,5100,14200,120132,651988654
2019-04-11,61204631,616217208,15500,24700,209209,616426417
2019-04-12,107308737,643701870,5500,14700,127890,643829760
2019-04-15,132847934,670776520,15500,24700,217360,670993880
2019-04-16,150453832,685688053,5000,29700,269082,685957135
2019-04-17,91807486,632111923,0,24700,217854,632329777
2019-04-18,60469736,632368064,5000,29700,256905,632624969
2019-04-19,80240589,642029997,0,24700,219830,642249827
2019-04-22,171922283,664507340,5000,29700,279180,664786520
2019-04-23,91777602,678338260,0,24700,217854,678556114
2019-04-24,110169489,644090794,5000,29700,288090,644378884
2019-04-25,303582536,715443569,0,24700,263549,715707118
2019-04-26,214236883,702334497,5000,29700,348678,702683175
2019-04-29,414066312,699128479,0,24700,261079,699389558
2019-04-30,354959433,787375181,5000,29500,281725,787656906
2019-05-06,156901986,776924539,0,24500,216335,777140874
2019-05-07,218630353,778344256,5200,29700,280962,778625218
2019-05-08,349579252,806700015,0,24700,248976,806948991
2019-05-09,291712422,746824108,5000,29700,304425,747128533
2019-05-10,615883604,1017095598,0,24500,276360,1017371958
2019-05-13,420706709,797504323,5000,29500,333350,797837673
2019-05-14,471318074,911943758,0,24500,304535,912248293
2019-05-15,465781968,839614757,5300,46600,355558,839970315
2019-05-16,477072230,867422183,3800,45400,348218,867770401
2019-05-17,419441626,902124361,35000,76900,552142,902676503
2019-05-20,301935560,940621129,3500,70400,480128,941101257
2019-05-21,275739149,886514070,10000,80100,547083,887061153
2019-05-22,303838167,928759305,0,61600,430584,929189889
2019-05-23,257045762,916427140,18500,80100,507834,916934974
2019-05-24,143834220,923679813,300,66900,396717,924076530
2019-05-27,142140308,870890179,8500,75400,468234,871358413
2019-05-28,194101646,931232128,5000,71900,447937,931680065
2019-05-29,142049809,856269874,8500,70230,429105,856698979
2019-05-30,186917877,936329545,0,61730,379022,936708567
2019-05-31,104318591,841751437,13700,75430,462385,842213822
2019-06-03,126847399,824819963,0,66730,395041,825215004
2019-06-04,89818438,803527200,8500,75230,448370,803975570
2019-06-05,91064974,805304547,0,66730,384364,805688911
2019-06-06,57261260,778508270,8700,75430,411093,778919363
2019-06-10,57613231,789218715,0,66930,401580,789620295
2019-06-11,146159765,817450246,8500,75330,497178,817947424
2019-06-12,348899760,837291439,900,67730,459886,837751325
2019-06-13,315469996,923562979,13430,81160,553511,924116490
2019-06-14,182187993,910823087,0,67760,435696,911258783
2019-06-17,145190186,913217954,13400,81160,522670,913740624
2019-06-18,112637417,873301947,0,67760,426888,873728835
2019-06-19,209342305,871144512,8400,76160,498848,871643360
2019-06-20,188768225,859684939,0,67760,447893,860132832
2019-06-21,184026523,872516270,8400,76160,501132,873017402
2019-06-24,135629403,905745958,0,67760,441117,906187075
2019-06-25,123213073,853435391,8400,76160,493516,853928907
2019-06-26,73708445,832571622,0,67760,430953,833002575
2019-06-27,102662072,855483855,8400,76160,487424,855971279
2019-06-28,65731648,773269547,0,67760,416046,773685593
2019-07-01,187547850,808815418,13400,80860,535293,809350711
2019-07-02,114537430,816749413,0,70860,459881,817209294
2019-07-03,51482153,804735429,0,62460,391624,805127053
2019-07-04,28742729,791433573,200,62660,389118,791822691
2019-07-05,24857968,769036772,0,62460,390375,769427147
2019-07-08,35862266,756069870,59800,122260,728669,756798539
2019-07-09,26145696,750188479,36000,149860,884174,751072653
2019-07-10,35017975,748036525,8400,158260,936899,748973424
2019-07-11,26163152,748647907,0,158260,925821,749573728
2019-07-12,25142103,737551538,0,149860,869188,738420726
2019-07-15,59674867,750651644,8400,158260,938481,751590125
2019-07-16,55109253,744005162,51200,201060,1236519,745241681
2019-07-17,45865905,744287806,7500,208560,1268044,745555850
2019-07-18,33618001,741682994,0,202860,1190788,742873782
2019-07-19,31660202,731440799,6600,201660,1197860,732638659
2019-07-22,23808311,724350539,1800,114360,657570,725008109
2019-07-23,22361215,727203857,6600,119160,692319,727896176
2019-07-24,70177769,749259405,1800,114360,678154,749937559
2019-07-25,49465721,739708194,13400,125960,740644,740448838
2019-07-26,36780784,739652104,1800,127760,752506,740404610
2019-07-29,28910261,738893399,0,114360,674724,739568123
2019-07-30,40316935,703403140,13400,127760,749951,704153091
2019-07-31,32159683,692245094,1900,116260,670820,692915914
2019-08-01,29434248,688094856,13400,124660,708068,688802924
2019-08-02,26136429,665324958,0,58460,322114,665647072
2019-08-05,41505597,668174346,15000,63460,349664,668524010
2019-08-06,33754572,655975588,51200,101260,533640,656509228
2019-08-07,25271839,658005217,13400,63460,328722,658333939
2019-08-08,19897058,657642381,0,50060,260312,657902693
2019-08-09,15742563,642984026,13400,63460,324280,643308306
2019-08-12,20169263,635763296,0,50060,259310,636022606
2019-08-13,31002337,626088832,64560,114620,605193,626694025
2019-08-14,52960648,645619500,70000,167820,886089,646505589
2019-08-15,42677422,661754249,28400,59960,320186,662074435
2019-08-16,43969135,675585462,51200,87730,465846,676051308
2019-08-19,64545839,657407714,13400,100830,556582,657964296
2019-08-20,81770772,697369549,0,87430,484362,697853911
2019-08-21,46493997,686101838,13400,100830,548515,686650353
2019-08-22,20118742,670348191,7400,94830,513030,670861221
2019-08-23,18907480,662045639,13900,88730,470269,662515908
2019-08-26,16333138,655928042,300,75630,393276,656321318
2019-08-27,38876039,665992821,23400,98730,531167,666523988
2019-08-28,61483599,677167574,15000,100330,559841,677727415
2019-08-29,41954991,647155668,13400,110730,603479,647759147
2019-08-30,25908275,633597310,0,97330,512929,634110239
2019-09-02,38721995,647951504,13400,49530,267462,648218966
2019-09-03,51812828,638705392,8000,57530,341728,639047120
2019-09-04,145945087,642449625,0,36130,217503,642667128
2019-09-05,156948125,663729527,249900,286030,1733342,665462869
2019-09-06,108331776,633671623,12700,100030,621186,634292809
2019-09-09,142706573,671084905,17800,58930,375973,671460878
2019-09-10,154643473,688191893,230800,279730,1826637,690018530
2019-09-11,102420568,650566570,0,273430,1703469,652270039
2019-09-12,95676571,606931260,6200,279630,1778447,608709707
2019-09-16,65485159,609453722,5000,99230,630111,610083833
2019-09-17,55544343,591494262,0,99230,601334,592095596
2019-09-18,24932835,585497359,0,99230,597365,586094724
2019-09-19,32218921,584045633,6700,54730,335495,584381128
2019-09-20,82226769,624624478,191700,234730,1450631,626075109
2019-09-23,25196339,569700760,6700,234730,1420117,571120877
2019-09-24,38966641,575858059,5000,59730,365548,576223607
2019-09-25,29081473,549659644,203500,256530,1505831,551165475
2019-09-26,18813181,532199822,6700,66530,371237,532571059
2019-09-27,21929077,532380684,186700,252030,1431530,533812214
2019-09-30,10081644,512917322,6700,72030,400487,513317809
2019-10-08,16142725,513048430,6700,66330,365478,513413908
2019-10-09,12142944,511060910,0,59630,329158,511390068
2019-10-10,13187738,508456024,8700,68330,385381,508841405
2019-10-11,89585672,525981924,234700,296330,1816503,527798427
2019-10-14,77984741,543817957,6700,296330,1804650,545622607
2019-10-15,33813896,541897171,6700,278430,1645521,543542692
2019-10-16,19821760,537431629,5500,283930,1680866,539112495
2019-10-17,18727714,537447814,18100,267330,1566554,539014368
2019-10-18,18811773,532406668,6700,267330,1513088,533919756
2019-10-21,9821643,529875168,0,260630,1467347,531342515
2019-10-22,23393885,535267045,11300,266930,1545525,536812570
2019-10-23,19907340,527921497,0,260230,1480709,529402206
2019-10-24,10819784,519500962,13400,268630,1507014,521007976
2019-10-25,10927264,516202341,0,251630,1426742,517629083
2019-10-28,57456426,522607075,47800,119430,720163,523327238
2019-10-29,45048876,523298033,0,108930,632883,523930916
2019-10-30,21127736,527988365,6700,81930,471098,528459463
2019-10-31,15834765,521049672,6700,81930,462085,521511757
2019-11-01,18396980,523422433,6700,81930,466182,523888615
2019-11-04,15456784,518126886,6700,81930,461266,518588152
2019-11-05,13042747,516066328,6700,81930,459627,516525955
2019-11-06,10063203,512237650,0,81930,452254,512689904
2019-11-07,13386198,514149590,0,81930,457989,514607579
2019-11-08,9787093,501681500,0,75230,416774,502098274
2019-11-11,13481917,500239204,13400,88630,475057,500714261
2019-11-12,9818726,496246757,5000,65230,350937,496597694
2019-11-13,6226448,491630898,0,60230,319821,491950719
2019-11-14,5937628,484836409,0,60230,319219,485155628
2019-11-15,18122940,484992385,13400,73630,395393,485387778
2019-11-18,14435288,492778062,0,60230,318617,493096679
2019-11-19,14867085,494051073,120000,180230,973242,495024315
2019-11-20,52383185,498759288,5000,80230,442870,499202158
2019-11-21,30100652,498484017,104500,184730,1010473,499494490
2019-11-22,15382085,482937556,13400,88630,473284,483410840
2019-11-25,8912156,479823843,0,75230,396462,480220305
2019-11-26,6954521,479915613,0,75230,397967,480313580
2019-11-27,7154721,477418872,0,75230,394958,477813830
2019-11-28,7367758,476321385,0,75230,391948,476713333
2019-11-29,5430915,471842239,6700,81930,425217,472267456
2019-12-02,5057078,471189451,0,81930,425217,471614668
2019-12-03,6938653,469972194,5000,86930,456383,470428577
2019-12-04,10543644,469788421,1500,86930,452905,470241326
2019-12-05,10589124,465155738,6700,81930,430133,465585871
2019-12-06,9714106,461699243,139200,214430,1134335,462833578
2019-12-09,17817962,464313914,0,106530,560348,464874262
2019-12-10,25730752,468206181,66700,156530,831174,469037355
2019-12-11,31116539,473942434,116700,266530,1433931,475376365
2019-12-12,19533047,468768772,6700,206530,1098740,469867512
2019-12-13,15763558,470493184,0,206530,1107001,471600185
2019-12-16,67445457,512900096,80000,169830,934065,513834161
2019-12-17,41409058,483439290,13400,150230,827767,484267057
2019-12-18,103679207,527917954,140000,236830,1354668,529272622
2019-12-19,56199206,509439893,40000,136830,773090,510212983
2019-12-20,30417995,505702880,6700,143530,786544,506489424
2019-12-23,21136245,501833283,0,143530,770756,502604039
2019-12-24,14840332,502833636,5000,148530,809489,503643125
2019-12-25,20524840,504988546,0,136830,749828,505738374
2019-12-26,29827811,498391379,60100,166930,934808,499326187
2019-12-27,50295699,500532771,0,156930,870962,501403733
2019-12-30,26868692,490603151,6600,143430,777391,491380542
2019-12-31,18241381,487472002,0,103430,557488,488029490
2020-01-02,92555598,526885011,206800,303630,1733727,528618738
2020-01-03,98413776,532128403,0,173630,1001845,533130248
2020-01-06,109511109,546633651,25000,188230,1095499,547729150
2020-01-07,86337022,529892771,105300,192130,1131646,531024417
2020-01-08,70443863,528106865,26100,197930,1118305,529225170
2020-01-09,50443711,522485698,95000,192930,1122853,523608551
2020-01-10,36732335,513840079,0,177930,1021318,514861397
2020-01-13,44972187,519623244,300,145130,854816,520478060
2020-01-14,51491380,521744616,23100,167930,980711,522725327
2020-01-15,42329856,529668625,0,167930,968956,530637581
2020-01-16,41718324,541173804,100,168030,964492,542138296
2020-01-17,118791955,556476864,165000,333030,1991519,558468383
2020-01-20,77129932,565810204,0,223030,1313647,567123851
2020-01-21,96705421,584592380,110000,333030,1998180,586590560
2020-01-22,132628589,582798504,200,307230,1907898,584706402
2020-01-23,97520024,574524781,5300,262130,1601614,576126395
2020-02-03,208367485,613945510,0,262130,1667147,615612657
2020-02-04,182764796,648766338,0,258530,1809710,650576048
2020-02-05,25876620,630377922,0,258530,1990681,632368603
2020-02-06,35179298,640385337,0,258530,2189749,642575086
2020-02-07,500718614,813845496,3600,262130,2443052,816288548
2020-02-10,581540855,818615474,68100,259530,2398057,821013531
2020-02-11,397315334,902131359,51300,247730,2061114,904192473
2020-02-12,365939496,868578005,65700,252130,2143105,870721110
2020-02-13,293609328,829178749,61300,247730,1952112,831130861
2020-02-14,199844732,824598678,0,146430,1112868,825711546
2020-02-17,214154140,842243570,127000,223430,1753926,843997496
2020-02-18,323698496,839869435,109800,219830,1870753,841740188
2020-02-19,224600114,829445295,109000,223430,1758394,831203689
2020-02-20,136281684,802153247,89915,196345,1547198,803700445
2020-02-21,202032075,820550401,100500,176930,1440210,821990611
2020-02-24,206868414,813071585,12900,146830,1228967,814300552
2020-02-25,302864133,850939404,163000,206930,1810638,852750042
2020-02-26,226173006,821718713,52900,179330,1484852,823203565
2020-02-27,180325205,841603822,100000,143930,1219087,842822909
2020-02-28,239509842,837340986,129200,173130,1473336,838814322
2020-03-02,252419950,856303831,126500,170430,1559435,857863266
2020-03-03,300019932,868269443,129200,173130,1556439,869825882
2020-03-04,150540007,858143544,56700,140630,1234731,859378275
2020-03-05,132374895,816712540,0,133930,1155816,817868356
2020-03-06,122645929,765248045,50000,183930,1504547,766752592
2020-03-09,83937048,722461940,7000,174230,1322406,723784346
2020-03-10,104565935,731911689,126700,171730,1349798,733261487
2020-03-11,65310279,717622319,0,165030,1254228,718876547
2020-03-12,42243377,717460891,0,165030,1234424,718695315
2020-03-13,52961361,701995680,99400,164430,1197050,703192730
2020-03-16,51812030,674537570,6700,164430,1137856,675675426
2020-03-17,53038412,689069544,6700,121930,835221,689904765
2020-03-18,61832560,685475724,39200,124430,843635,686319359
2020-03-19,48435450,690181095,56700,174430,1215777,691396872
2020-03-20,45177431,676053444,6700,174430,1215777,677269221
2020-03-23,32417220,672104035,16700,184430,1230148,673334183
2020-03-24,51181732,682343572,6700,141930,982156,683325728
2020-03-25,53269620,677061873,39200,124430,872254,677934127
2020-03-26,38433384,672272865,2300,120030,816204,673089069
2020-03-27,30631119,665998288,11100,128830,863161,666861449
2020-03-30,24482939,650035987,2300,120030,766992,650802979
2020-03-31,18663914,640608921,6700,124430,788886,641397807
2020-04-01,37314917,652631073,16700,134430,857663,653488736
2020-04-02,42960979,657100850,146700,214430,1428104,658528954
2020-04-03,24638455,640567223,6700,124430,823727,641390950
2020-04-07,65654073,655374982,183600,258030,1803630,657178612
2020-04-08,73396659,669480767,0,167730,1187528,670668295
2020-04-09,75334978,692147325,116600,234330,1825431,693972756
2020-04-10,167043494,676489153,56800,184530,1385820,677874973
2020-04-13,83538707,662642706,106600,174330,1178471,663821177
2020-04-14,92137222,674768728,110000,177730,1279656,676048384
2020-04-15,61898775,663156138,7600,185330,1301017,664457155
2020-04-16,45451452,675642275,53800,171530,1205856,676848131
2020-04-17,79029356,687404999,73400,194930,1368409,688773408
2020-04-20,44881731,671159432,120000,191530,1363694,672523126
2020-04-21,101331610,687544951,81000,212530,1574847,689119798
2020-04-22,60232314,670891873,100000,189130,1376866,672268739
2020-04-23,63383236,677974743,13400,201230,1426721,679401464
2020-04-24,31269553,660390288,1300,195530,1355023,661745311
2020-04-27,25992921,657024301,7000,202530,1373153,658397454
2020-04-28,35626836,653204557,10000,199130,1324215,654528772
2020-04-29,19633137,651583377,13400,212530,1428202,653011579
2020-04-30,48084907,651643816,50000,193530,1335357,652979173
2020-05-06,42526186,660255968,19000,199130,1415814,661671782
2020-05-07,40717783,651359919,9400,208530,1453454,652813373
2020-05-08,42742165,652147870,4000,203130,1430035,653577905
2020-05-11,30935888,646685836,9400,192530,1370814,648056650
2020-05-12,35922872,644022495,10000,189130,1304997,645327492
2020-05-13,18392127,642758305,13400,192530,1328457,644086762
2020-05-14,67787535,657419466,0,192530,1351561,658771027
2020-05-15,32084911,652811683,0,142930,996222,653807905
2020-05-18,27868867,632471098,6700,149630,1004017,633475115
2020-05-19,24088504,636868174,0,142930,961919,637830093
2020-05-20,24723900,631008623,0,142930,941909,631950532
2020-05-21,16224017,629303079,6700,140630,907064,630210143
2020-05-22,11466278,624686732,15600,149530,965964,625652696
2020-05-25,9441882,626027733,6700,156230,1006121,627033854
2020-05-26,32131597,633935428,86300,192530,1297652,635233080
2020-05-27,20181206,633942182,0,179130,1180467,635122649
2020-05-28,10367950,626072515,6700,176830,1147627,627220142
2020-05-29,18813544,626533724,82600,170130,1119455,627653179
2020-06-01,41693343,638695353,0,170130,1151780,639847133
2020-06-02,30705334,636527177,13400,183530,1242498,637769675
2020-06-03,28017922,635678694,0,183530,1225980,636904674
2020-06-04,14117179,623982517,0,133530,886639,624869156
2020-06-05,33041898,621504080,0,133530,887975,622392055
2020-06-08,17186954,619552675,0,120130,795261,620347936
2020-06-09,15013917,610935801,63400,133530,886639,611822440
2020-06-10,18043348,607952371,0,133530,869280,608821651
2020-06-11,17641350,608239614,0,118530,772816,609012430
2020-06-12,13063934,605028212,0,105130,680191,605708403
2020-06-15,25266491,607005975,13400,118530,776372,607782347
2020-06-16,19908362,611735040,0,118530,779927,612514967
2020-06-17,98966042,632957597,185000,253530,1779781,634737378
2020-06-18,92560017,653482885,50000,183930,1307742,654790627
2020-06-19,72754781,659051332,100000,182830,1296265,660347597
2020-06-22,197631380,761902200,107800,187930,1405716,763307916
2020-06-23,97729791,805928967,5600,193530,1428251,807357218
2020-06-24,50946885,765540425,0,180130,1287930,766828355
2020-06-29,51900778,756767744,1000,181130,1260665,758028409
2020-06-30,35778455,754581197,0,130130,914814,755496011
2020-07-01,77710813,760491054,13400,143530,1049204,761540258
2020-07-02,56626846,746188683,60000,153930,1148318,747337001
2020-07-03,51672830,666889157,90000,143930,1066521,667955678
2020-07-06,115011599,692028611,32500,176430,1347925,693376536
2020-07-07,129039197,725166125,113400,132330,1025558,726191683
2020-07-08,210646010,813452516,157500,176430,1504948,814957464
2020-07-09,187706964,779684968,63400,132330,1128775,780813743
2020-07-10,149357583,751788111,0,68930,560401,752348512
2020-07-13,205569279,824308165,97500,116430,1005955,825314120
2020-07-14,189336382,874566292,15600,59530,526245,875092537
2020-07-15,146197099,860780628,80300,134230,1098001,861878629
2020-07-16,85633898,849352031,5600,132030,1000787,850352818
2020-07-17,40426575,808343174,0,93930,707293,809050467
2020-07-20,61164789,819338495,13400,107330,841467,820179962
2020-07-21,38326301,799010055,0,101030,781972,799792027
2020-07-22,82634306,807496385,72500,101430,809411,808305796
2020-07-23,86382667,801434619,13400,82330,667696,802102315
2020-07-24,61680878,789844844,50000,118930,895543,790740387
2020-07-27,33667144,782115231,0,118930,872946,782988177
2020-07-28,22100942,781640376,6700,105630,783775,782424151
2020-07-29,41794362,787356541,0,48930,371868,787728409
2020-07-30,54916425,800135620,6400,55330,420508,800556128
2020-07-31,49094295,796626293,0,48930,376272,797002565
2020-08-03,58021962,797685350,13400,32330,252821,797938171
2020-08-04,64608416,777081610,0,32330,245061,777326671
2020-08-05,37370063,762411149,0,32330,247001,762658150
2020-08-06,40541379,743215229,0,32330,243122,743458351
2020-08-07,36970631,740406475,0,32330,237949,740644424
2020-08-10,25595536,728318564,0,18930,140650,728459214
2020-08-11,37178467,738100273,0,18930,136675,738236948
2020-08-12,37870874,744306564,0,18930,133457,744440021
2020-08-13,16537683,738875365,3000,21930,153949,739029314
2020-08-14,16748252,732707850,2500,21430,152153,732860003
2020-08-17,32022436,736764369,0,18930,136864,736901233
2020-08-18,27848847,735673886,0,18930,137432,735811318
2020-08-19,21960579,734086308,13400,32330,228896,734315204
2020-08-20,16453389,741111662,0,25230,178628,741290290
2020-08-21,19982254,734504482,7000,31330,222130,734726612
2020-08-24,31093075,736297737,100,31430,226296,736524033
2020-08-25,20529912,734794854,0,31430,223782,735018636
2020-08-26,18879942,730292459,0,31430,219067,730511526
2020-08-27,16948177,724687850,0,31430,220953,724908803
2020-08-28,18376874,724629359,0,24330,171527,724800886
2020-08-31,17854962,718555322,0,18030,127652,718682974
2020-09-01,15667774,716561445,7100,25130,176915,716738360
2020-09-02,44038802,735902663,26800,51930,373896,736276559
2020-09-03,24892667,738418398,0,51930,366107,738784505
2020-09-04,14849427,727700473,0,18530,131007,727831480
2020-09-07,23311893,728622687,13400,31930,224468,728847155
2020-09-08,17559874,706044271,0,18530,130451,706174722
2020-09-09,17930806,694441781,13400,31930,219040,694660821
2020-09-10,19515511,687888413,0,18530,121927,688010340
2020-09-11,9108874,664358552,0,18530,122669,664481221
2020-09-14,8310442,663203931,13400,13930,92356,663296287
2020-09-15,24329534,667834763,0,13930,94028,667928791
2020-09-16,10437783,664643904,0,13930,92774,664736678
2020-09-17,8422925,663181130,0,530,3551,663184681
2020-09-18,8573785,656218375,0,530,3588,656221963
2020-09-21,10429945,654944252,13400,13930,93888,655038140
2020-09-22,10292045,653761402,0,530,3503,653764905
2020-09-23,6675744,653280477,6300,6830,45761,653326238
2020-09-24,16700693,654384938,0,530,3556,654388494
2020-09-25,12092918,653687493,13400,13930,91520,653779013
2020-09-28,4291330,651126629,0,13930,91938,651218567
2020-09-29,10452992,653313632,0,13930,92913,653406545
2020-09-30,3079390,644289184,0,13930,92077,644381261
2020-10-09,7071061,644684378,0,13930,94028,644778406
2020-10-12,20570115,652476002,0,13930,96814,652572816
2020-10-13,11053782,647279970,0,13930,95838,647375808
2020-10-14,11649792,649507155,0,13930,95142,649602297
2020-10-15,41696271,659161343,124600,138530,960013,660121356
2020-10-16,19801178,659849141,0,63930,445592,660294733
2020-10-19,26150592,664352182,0,50530,347646,664699828
2020-10-20,20733761,674724362,13400,63930,446871,675171233
2020-10-21,11291064,675685583,13400,77330,537444,676223027
2020-10-22,15031069,676792095,0,63930,445592,677237687
2020-10-23,14277056,674552724,0,6830,46786,674599510
2020-10-26,12423027,678954446,7100,13930,95560,679050006
2020-10-27,5437375,675473527,0,6730,46302,675519829
2020-10-28,12394098,675446758,10200,10730,73501,675520259
2020-10-29,9921740,672525627,0,3530,24181,672549808
2020-10-30,10798102,668712470,13400,16930,113600,668826070
2020-11-02,10685956,658564399,0,9630,64906,658629305
2020-11-03,17045777,663724956,0,530,3662,663728618
2020-11-04,10402159,657393471,13400,13930,96117,657489588
2020-11-05,33081927,667290844,100000,100530,706726,667997570
2020-11-06,18718892,670110974,13400,63930,445592,670556566
2020-11-09,37991244,668797246,0,50530,357247,669154493
2020-11-10,33741271,654147278,13400,63930,439199,654586477
2020-11-11,12096012,648254053,0,63930,430249,648684302
2020-11-12,8556591,645805013,0,63930,430249,646235262
2020-11-13,5182963,643450894,0,63930,431528,643882422
2020-11-16,9290616,646401054,0,13930,93888,646494942
2020-11-17,5189005,640159608,0,13930,92913,640252521
2020-11-18,6846242,634547547,0,530,3535,634551082
2020-11-19,3542702,630630773,0,530,3530,630634303
2020-11-20,14407449,635936757,13400,13930,94167,636030924
2020-11-23,12512953,636339755,0,13930,93749,636433504
2020-11-24,10266261,634443948,0,530,3556,634447504
2020-11-25,9100251,628460819,0,530,3530,628464349
2020-11-26,7653317,620222957,0,530,3503,620226460
2020-11-27,4002717,613821613,13400,13930,91520,613913133
2020-11-30,10514138,615378901,0,530,3472,615382373
2020-12-01,6330736,611436334,0,530,3514,611439848
2020-12-02,6660969,608115892,13400,13930,92635,608208527
2020-12-03,7104315,607974618,0,530,3498,607978116
2020-12-04,3411278,606139885,13400,13930,91659,606231544
2020-12-07,12452433,610221810,0,13930,92077,610313887
2020-12-08,8808105,612106367,0,13930,91938,612198305
2020-12-09,7722967,608616680,0,13930,89709,608706389
2020-12-10,5812073,595092283,0,13930,88177,595180460
2020-12-11,10418921,583024180,0,13930,84555,583108735
2020-12-14,4843762,581330928,0,13930,83719,581414647
2020-12-15,2979963,578659444,0,5630,34343,578693787
2020-12-16,3879922,575127251,8300,13930,83301,575210552
2020-12-17,9025745,574124599,0,5630,33780,574158379
2020-12-18,2991308,569508320,8300,13530,79556,569587876
2020-12-21,5215173,569579430,400,13930,82466,569661896
2020-12-22,4923044,568600738,0,13930,81630,568682368
2020-12-23,7029175,564638548,0,530,3042,564641590
2020-12-24,8259774,561226501,13400,13930,76197,561302698
2020-12-25,2649141,555998455,0,13930,77172,556075627
2020-12-28,4935685,552494953,0,13930,75501,552570454
2020-12-29,24893115,555491678,198400,203330,1211847,556703525
2020-12-30,23135578,560008947,0,148930,869751,560878698
2020-12-31,19250084,556050870,63400,82330,489040,556539910
2021-01-04,22445996,558231111,0,63930,385498,558616609
2021-01-05,20940170,552682479,130000,130530,805370,553487849
2021-01-06,13825578,552844440,0,50530,303685,553148125
2021-01-07,11576163,547436315,13400,63930,372712,547809027
2021-01-08,15162665,548417071,0,51730,315036,548732107
2021-01-11,15578394,547746472,12200,62730,372616,548119088
2021-01-12,9927892,548905579,0,50530,296611,549202190
2021-01-13,11735954,536445676,13400,63930,362483,536808159
2021-01-14,17556834,534730270,87100,117630,702251,535432521
2021-01-15,15428971,541298247,13400,63930,377826,541676073
2021-01-18,12526098,546262571,0,5030,30029,546292600
2021-01-19,11841214,543505447,8900,13930,83859,543589306
2021-01-20,12848022,547899249,0,13930,82884,547982133
2021-01-21,17896574,548920041,18400,32330,195273,549115314
2021-01-22,9219650,544488971,0,13930,82466,544571437
2021-01-25,9028709,544293632,0,13930,79680,544373312
2021-01-26,6154905,544064247,0,6130,35064,544099311
2021-01-27,14245690,545596225,18400,18930,110173,545706398
2021-01-28,8046031,541173221,13400,32330,186221,541359442
2021-01-29,10830187,537714810,0,32330,182341,537897151
2021-02-01,7925887,539211226,0,13930,78983,539290209
2021-02-02,8785096,537431475,60000,73930,426576,537858051
2021-02-03,12328447,541116618,0,63930,364401,541481019
2021-02-04,8850023,520852149,0,50530,277915,521130064
2021-02-05,4345053,518996534,2500,3030,16574,519013108
2021-02-08,9514450,520478037,13400,16430,91515,520569552
2021-02-09,17076360,521267039,6000,22430,125159,521392198
2021-02-10,6284581,516931969,0,10930,61099,516993068
2021-02-18,12785852,517853918,109000,116130,666586,518520504
2021-02-19,11668832,519578398,0,106530,625331,520203729
2021-02-22,15810267,517279518,13400,69930,408391,517687909
2021-02-23,8825780,519894477,0,6530,37613,519932090
2021-02-24,11932639,524261702,13400,19930,115594,524377296
2021-02-25,4616043,523762037,0,11330,64808,523826845
2021-02-26,4832010,523948517,8600,15130,86241,524034758
2021-03-01,12654616,526783204,4800,11330,66167,526849371
2021-03-02,7570769,523392925,8600,9130,53411,523446336
2021-03-03,11396995,527514483,0,5930,34809,527549292
2021-03-04,6195119,522582050,8000,8530,49303,522631353
2021-03-05,4625083,517692783,0,530,3101,517695884
2021-03-08,8437522,515959033,13400,13430,78163,516037196
2021-03-09,8433305,517145962,0,30,170,517146132
2021-03-10,5511747,514588587,13398,13428,74928,514663515
2021-03-11,3880595,510676419,0,0,0,510676419
2021-03-12,2565324,510096851,16300,16300,91606,510188457
2021-03-15,4579478,509457666,0,4600,25668,509483334
2021-03-16,10307828,513412576,8900,8900,50374,513462950
2021-03-17,5135149,513484705,4600,13500,75870,513560575
2021-03-18,1909091,511307308,0,4600,25852,511333160
2021-03-19,7179790,508566073,14200,18800,104716,508670789
2021-03-22,4644046,509811633,0,5300,29786,509841419
2021-03-23,3929337,508147012,13500,18800,105656,508252668
2021-03-24,5481128,507331684,0,5300,29839,507361523
2021-03-25,8530633,508939080,0,5300,29998,508969078
2021-03-26,6109794,507757765,0,5300,30104,507787869
2021-03-29,5209219,505078692,13500,18800,105468,505184160
2021-03-30,5173416,504059294,0,18800,104152,504163446
2021-03-31,3949764,502638722,0,18800,104340,502743062
2021-04-01,2797998,498438235,0,18800,104716,498542951
2021-04-02,3521757,492919492,0,18800,104716,493024208
2021-04-06,4809184,493662839,80000,93500,527340,494190179
2021-04-07,15602872,494264462,0,13500,77085,494341547
2021-04-08,7760567,493662519,0,13500,76140,493738659
2021-04-09,3158830,492202010,1300,14800,82732,492284742
2021-04-12,4622315,491736106,0,13500,74520,491810626
2021-04-13,2617305,487411761,0,13500,74385,487486146
2021-04-14,1905099,485081253,0,13500,74655,485155908
2021-04-15,17556940,476872177,98900,112400,559752,477431929
2021-04-16,4388489,464366332,0,13500,67635,464433967
2021-04-19,3661133,463566419,0,0,0,463566419
2021-04-20,7401263,455178708,0,0,0,455178708
2021-04-21,7581300,454626024,0,0,0,454626024
2021-04-22,3276151,452256139,4100,4100,19926,452276065
2021-04-23,3671506,448491861,9400,13500,64665,448556526
2021-04-26,7108959,449190328,18600,32100,153438,449343766
2021-04-27,8387321,447152698,0,32100,148623,447301321
2021-04-28,2044870,442982348,0,32100,147018,443129366
2021-04-29,7701773,440719388,130300,143800,670108,441389496
2021-04-30,8961750,433961943,0,63500,284480,434246423
2021-05-06,5312191,430254572,0,13500,58590,430313162
2021-05-07,6013777,428390936,0,13500,58860,428449796
2021-05-10,2673883,427789716,0,13500,58725,427848441
2021-05-11,3539384,427504481,0,0,0,427504481
2021-05-12,4110491,426021215,0,0,0,426021215
2021-05-13,2426207,424395583,18900,18900,85239,424480822
2021-05-14,6250355,424627393,6874,6874,31070,424658463
2021-05-17,3993801,425426628,7400,14274,63805,425490433
2021-05-18,3000465,426488471,0,14274,63662,426552133
2021-05-19,1823818,424152043,7900,13574,59861,424211904
2021-05-20,1870729,423934536,0,13500,58995,423993531
2021-05-21,4906472,426996660,0,13500,59265,427055925
2021-05-24,3655171,428349048,0,13500,60075,428409123
2021-05-25,7036381,428425381,0,13500,59940,428485321
2021-05-26,5606237,430637169,0,0,0,430637169
2021-05-27,10841257,435492151,5000,5000,22900,435515051
2021-05-28,6853770,431455244,0,0,0,431455244
2021-05-31,6527389,432220656,13500,13500,62100,432282756
2021-06-01,4040243,431712542,0,13500,62100,431774642
2021-06-02,3440828,429204155,7600,21100,97271,429301426
2021-06-03,5052411,426272613,6500,16800,78120,426350733
2021-06-04,2826758,423665107,0,16800,74592,423739699
2021-06-07,3821465,422385027,0,16800,75264,422460291
2021-06-08,5969570,423330205,10800,24900,111303,423441508
2021-06-09,2155324,420220912,0,24900,110556,420331468
2021-06-10,16090376,423565439,0,14100,64578,423630017
2021-06-11,15248505,419883161,193500,207600,971568,420854729
2021-06-15,12642457,426563873,0,77600,356960,426920833
2021-06-16,6912499,425501881,0,27600,125580,425627461
2021-06-17,7087112,425617275,0,14100,63168,425680443
2021-06-18,5411108,423079965,13500,27600,123372,423203337
2021-06-21,7708797,426996707,0,27600,125304,427122011
2021-06-22,5764773,427969945,0,27600,124200,428094145
2021-06-23,3662658,426581495,0,27600,123096,426704591
2021-06-24,5214316,426856482,0,27600,122544,426979026
2021-06-25,5335637,426124761,0,14100,61617,426186378
2021-06-28,2660300,424846242,0,14100,61476,424907718
2021-06-29,5321316,422482498,13500,27600,120336,422602834
2021-06-30,6274618,424759972,0,14100,61758,424821730
2021-07-01,4737312,424802146,0,14100,60771,424862917
2021-07-02,2454190,423285227,13500,27600,117852,423403079
2021-07-05,3937235,424834632,0,27600,118128,424952760
2021-07-06,2592710,426015265,0,27600,117576,426132841
2021-07-07,4774850,426504357,0,14100,60207,426564564
2021-07-08,6806176,423352253,13500,27600,115368,423467621
2021-07-09,4319028,415958531,0,14100,58515,416017046
2021-07-12,5828943,415163038,193510,207610,892723,416055761
2021-07-13,3371563,415708661,0,107610,460571,416169232
2021-07-14,3307549,413508543,0,107610,453038,413961581
2021-07-15,2749608,414262511,0,105592,437151,414699662
2021-07-16,1465176,412203371,0,99292,411069,412614440
2021-07-19,3387808,410017482,0,19292,79290,410096772
2021-07-20,1700347,408688546,0,5792,23689,408712235
2021-07-21,5525453,410707459,0,5792,23979,410731438
2021-07-22,1959853,410495646,31700,37492,154092,410649738
2021-07-23,3243590,400705676,0,37492,152592,400858268
2021-07-26,5115317,397511422,0,37492,147344,397658766
2021-07-27,5798773,400070360,16700,40692,159513,400229873
2021-07-28,5088438,397972756,13500,54192,202136,398174892
2021-07-29,881088,395381588,8700,62892,236474,395618062
2021-07-30,4126283,393858967,81200,144092,548991,394407958
2021-08-02,9665591,392475455,0,63592,255004,392730459
2021-08-03,2654203,387029814,0,62192,247524,387277338
2021-08-04,2755688,387937824,0,62192,246280,388184104
2021-08-05,2346080,384611041,0,62192,241927,384852968
2021-08-06,2442542,382040520,0,62192,238817,382279337
2021-08-09,2583584,382367143,0,48692,190873,382558016
2021-08-10,4985562,381878090,0,48692,194281,382072371
2021-08-11,2741421,381618812,0,48692,191360,381810172
2021-08-12,3228455,381348545,0,48692,191846,381540391
2021-08-13,2950917,381488237,13500,62192,241927,381730164
2021-08-16,2734418,380534992,0,48692,188925,380723917
2021-08-17,2815208,379108673,12900,61592,231586,379340259
2021-08-18,4230647,374168100,0,61292,233523,374401623
2021-08-19,8119093,372653581,186400,235092,952123,373605704
2021-08-20,5785829,373842228,13500,62200,245068,374087296
2021-08-23,8109935,378340534,0,48700,192852,378533386
2021-08-24,5075734,378840121,0,48700,191391,379031512
2021-08-25,2239157,377234803,13500,62200,243202,377478005
2021-08-26,5455174,375764129,0,48700,187982,375952111
2021-08-27,2233567,375315807,0,48700,188956,375504763
2021-08-30,5946426,375685990,104000,152700,603165,376289155
2021-08-31,8917651,378589667,0,59700,239397,378829064
2021-09-01,6821622,377188082,0,59700,239397,377427479
2021-09-02,2688764,369626433,13500,73200,293532,369919965
2021-09-03,5277570,369817263,0,73200,294996,370112259
2021-09-06,3210909,369717957,0,59700,241188,369959145
2021-09-07,5707314,367064271,0,48700,199670,367263941
2021-09-08,8386485,362888863,5000,53700,228225,363117088
2021-09-09,9092561,365239997,8500,62200,262484,365502481
2021-09-10,7281624,360984646,0,62200,260618,361245264
2021-09-13,6345575,360283736,0,60600,256944,360540680
2021-09-14,10698583,365390412,0,47100,195465,365585877
2021-09-15,2233764,363604835,13500,60600,252702,363857537
2021-09-16,4095803,364159988,0,47100,194523,364354511
2021-09-17,4287178,363367885,0,47100,193110,363560995
2021-09-22,2915772,361401200,0,47100,191697,361592897
2021-09-23,3886722,361067730,0,47100,196407,361264137
2021-09-24,4377013,361667426,13500,60600,244824,361912250
2021-09-27,6689057,363029052,0,47100,185574,363214626
2021-09-28,2881739,362709651,13500,60600,241188,362950839
2021-09-29,3495043,362017617,0,54200,210838,362228455
2021-09-30,895536,358079378,0,40700,160358,358239736
2021-10-08,3542350,357930427,0,40700,164428,358094855
2021-10-11,4272913,357770289,0,40700,166870,357937159
2021-10-12,3259068,356808425,13500,54200,218426,357026851
2021-10-13,2876490,357096537,0,54200,221136,357317673
2021-10-14,2395808,356377051,0,54200,218426,356595477
2021-10-15,2484684,356248474,0,54200,214632,356463106
2021-10-18,2466258,356089766,0,54200,213548,356303314
2021-10-19,1644971,356138606,0,40700,159951,356298557
2021-10-20,5135444,359111235,0,40700,159544,359270779
2021-10-21,2789335,355459316,0,40700,156288,355615604
2021-10-22,678158,354530324,0,40700,156288,354686612
2021-10-25,1883524,355892093,13500,54200,208670,356100763
2021-10-26,665711,354422781,0,54200,207586,354630367
2021-10-27,2901561,352757975,0,54200,201624,352959599
2021-10-28,1519841,351564724,0,40700,149776,351714500
2021-10-29,1107644,351361568,0,40700,153032,351514600
2021-11-01,1730929,351284308,13500,54200,203792,351488100
2021-11-02,4334615,351876593,0,54200,201624,352078217
2021-11-03,1670381,351769213,0,54200,203792,351973005
2021-11-04,1499561,349627815,0,54200,204334,349832149
2021-11-05,2202629,347123938,0,40700,155474,347279412
2021-11-08,1717055,346486379,13500,54200,205960,346692339
2021-11-09,2609819,345380885,4700,57300,220605,345601490
2021-11-10,5201958,347351217,0,52600,204614,347555831
2021-11-11,3492707,345988864,15500,54600,214578,346203442
2021-11-12,9132911,347014291,0,39100,156400,347170691
2021-11-15,3666816,346279075,0,39100,156791,346435866
2021-11-16,5289149,342528920,0,39100,157182,342686102
2021-11-17,6177170,345493410,0,39100,157964,345651374
2021-11-18,4766860,340553143,13500,52600,209348,340762491
2021-11-19,7162370,332129860,100000,139100,609258,332739118
2021-11-22,30379555,352905625,0,139100,593957,353499582
2021-11-23,18677398,358752230,13500,25100,107428,358859658
2021-11-24,31674258,364302504,190800,202400,892584,365195088
2021-11-25,19569127,373689899,5600,28000,122360,373812259
2021-11-26,7378436,372873937,13500,41500,177205,373051142
2021-11-29,4883011,369560079,0,28000,117040,369677119
2021-11-30,18915392,375453955,212000,237700,1033995,376487950
2021-12-01,12487846,375415052,0,57700,253880,375668932
2021-12-02,8048720,374774855,14900,40600,174986,374949841
2021-12-03,10891421,377087652,0,27100,115717,377203369
2021-12-06,4796346,375326705,0,27100,115717,375442422
2021-12-07,6680576,374039217,13500,40600,170520,374209737
2021-12-08,5165230,371189926,0,40600,174580,371364506
2021-12-09,4290067,368598224,0,40600,173362,368771586
2021-12-10,10362121,369939637,0,27400,115354,370054991
2021-12-13,32146878,358410789,200000,227100,1051473,359462262
2021-12-14,36662747,365558735,13500,240600,1094730,366653465
2021-12-15,22392332,369001447,0,240600,1077888,370079335
2021-12-16,43279917,386619831,0,140600,653790,387273621
2021-12-17,43872171,403900512,100000,240600,1142850,405043362
2021-12-20,54632466,420832757,0,127100,617706,421450463
2021-12-21,50787356,430561930,38800,165900,836136,431398066
2021-12-22,64757907,445494432,94700,259400,1364444,446858876
2021-12-23,55250092,463989574,0,256200,1296372,465285946
2021-12-24,34640874,460255637,0,242800,1175152,461430789
2021-12-27,16172437,441852634,0,239100,1140507,442993141
2021-12-28,16285846,444845749,0,212000,1011240,445856989
2021-12-29,11621205,442195302,13500,225500,1059850,443255152
2021-12-30,22523477,447579406,29000,219000,1066530,448645936
2021-12-31,16852755,450852849,13500,232500,1120650,451973499
2022-01-04,28817435,450116406,0,232500,1157850,451274256
2022-01-05,45029206,467105267,1000,191000,968370,468073637
2022-01-06,21931182,474310403,13500,203500,1021570,475331973
2022-01-07,25928292,460846747,1000,101000,479750,461326497
2022-01-10,8240886,453046437,0,100000,477000,453523437
2022-01-11,8541084,453571316,37800,137800,651794,454223110
2022-01-12,7583192,449634210,100300,238100,1140499,450774709
2022-01-13,8028489,448993003,0,227500,1094275,450087278
2022-01-14,11358338,444107587,10600,238100,1121451,445229038
2022-01-17,32077978,445969383,0,224600,1116262,447085645
2022-01-18,16977720,441015960,13500,238100,1159547,442175507
2022-01-19,16937038,441874640,0,224600,1107278,442981918
2022-01-20,14505596,440895816,9800,234400,1099336,441995152
2022-01-21,20991629,444812475,3700,238100,1116689,445929164
2022-01-24,6435552,444448492,0,224600,1030914,445479406
2022-01-25,7218721,427316324,13500,238100,1023830,428340154
2022-01-26,2097127,415450839,0,238100,1023830,416474669
2022-01-27,4341364,410969359,0,238100,976210,411945569
2022-01-28,1552318,404282731,0,24600,102582,404385313
2022-02-07,7430944,407918841,14900,39500,164715,408083556
2022-02-08,6164990,408193740,10200,36200,155660,408349400
2022-02-09,6116351,404897531,0,36200,160366,405057897
2022-02-10,4754693,404954684,13500,49700,218680,405173364
2022-02-11,4478302,407321542,5100,41300,177177,407498719
2022-02-14,1787234,406397846,13500,54800,235640,406633486
2022-02-15,2974111,406747302,15700,57000,242820,406990122
2022-02-16,2820438,406816988,18300,75300,323037,407140025
2022-02-17,3960086,405931643,0,75300,317013,406248656
2022-02-18,8316267,404292659,100000,161800,702212,404994871
2022-02-21,13029711,402872371,100000,261800,1248786,404121157
2022-02-22,22097517,409919626,18600,256500,1200420,411120046
2022-02-23,15299913,414345088,0,225300,1058910,415403998
2022-02-24,15640459,409541091,50000,274600,1265906,410806997
2022-02-25,17797145,409378193,0,53600,247632,409625825
2022-02-28,7197567,407843384,123900,154800,712080,408555464
2022-03-01,10800245,408449534,0,127600,595892,409045426
2022-03-02,5992681,407571990,14000,41600,192608,407764598
2022-03-03,7622196,408655031,0,41600,190112,408845143
2022-03-04,6452009,408210605,0,38100,174879,408385484
2022-03-07,3708815,406408541,0,38100,170688,406579229
2022-03-08,6284810,406895876,38900,63500,280670,407176546
2022-03-09,5517121,401266381,3400,61200,264384,401530765
2022-03-10,5688381,400336508,16000,77200,335820,400672328
2022-03-11,4291405,399132326,0,53500,238610,399370936
2022-03-14,25874611,418511139,126600,164700,751032,419262171
2022-03-15,11669641,408408161,15700,155200,678224,409086385
2022-03-16,16114452,403116692,24919,166619,801437,403918129
2022-03-17,64090715,429465728,129500,285819,1391939,430857667
2022-03-18,26996742,418170215,0,113219,553641,418723856
2022-03-21,23630796,421878001,41300,153319,752796,422630797
2022-03-22,21091917,417754345,14400,114419,556076,418310421
2022-03-23,15892533,416754379,38100,139319,665945,417420324
2022-03-24,22716367,422210758,22900,155919,725023,422935781
2022-03-25,18288972,423151772,3200,152719,705562,423857334
2022-03-28,21409072,428982863,12700,164319,769013,429751876
2022-03-29,13315586,429477151,4800,135819,620693,430097844
2022-03-30,6955038,426228941,3600,104019,479528,426708469
2022-03-31,15214147,426346786,134600,135019,635939,426982725
2022-04-01,22757210,421221488,36600,158919,762811,421984299
2022-04-06,18601155,424313313,2800,161719,781103,425094416
2022-04-07,13296934,418962597,0,161719,755228,419717825
2022-04-08,9601690,411476542,17900,152819,683101,412159643
2022-04-11,7255864,406433646,25682,162701,696360,407130006
2022-04-12,6409488,401292339,0,100001,435004,401727343
2022-04-13,4865447,397731857,51700,151701,625008,398356865
2022-04-14,2776208,398334683,7500,159201,663868,398998551
2022-04-15,4837967,391453037,0,108801,437380,391890417
2022-04-18,3068774,390353285,12690,121491,489609,390842894
2022-04-19,3830875,391293106,8100,121491,493253,391786359
2022-04-20,3345516,390730997,0,121491,484749,391215746
2022-04-21,2048330,384748682,9000,118291,453055,385201737
