日期,融资买入额(元),融资余额(元),融券卖出量,融券余量,融券余额(元),融资融券余额(元)
2017-07-12,10642064,242510837,0,30000,112800,242623637
2017-07-13,10718412,247629185,0,30000,114000,247743185
2017-07-14,7867133,246529377,0,30000,115500,246644877
2017-07-17,11904250,243441298,0,30000,107100,243548398
2017-07-18,5079636,240961309,0,30000,109500,241070809
2017-07-19,8179089,243898611,0,30000,110100,244008711
2017-07-20,3765105,243778093,0,30000,110100,243888193
2017-07-21,4307286,241026589,0,30000,110400,241136989
2017-07-24,4899116,239871716,0,30000,110700,239982416
2017-07-25,9497542,243670093,0,30000,112800,243782893
2017-07-26,5002126,246092490,0,0,0,246092490
2017-07-27,6645363,246339827,0,0,0,246339827
2017-07-28,6063881,241924544,0,0,0,241924544
2017-07-31,6091493,235476783,0,0,0,235476783
2017-08-01,6326583,235798291,0,0,0,235798291
2017-08-02,4459710,234985445,0,0,0,234985445
2017-08-03,3479486,233896246,0,0,0,233896246
2017-08-04,6088941,234449035,0,0,0,234449035
2017-08-07,5742804,235691706,0,0,0,235691706
2017-08-08,6494482,232921109,0,0,0,232921109
2017-08-09,4872357,234169771,0,0,0,234169771
2017-08-10,9959669,235424927,0,0,0,235424927
2017-08-11,3524402,231221875,0,0,0,231221875
2017-08-14,2707833,230499209,0,0,0,230499209
2017-08-15,5639498,230747083,0,0,0,230747083
2017-08-16,3687413,230064225,0,0,0,230064225
2017-08-17,6433440,230898575,0,0,0,230898575
2017-08-18,3210666,229538455,0,0,0,229538455
2017-08-21,6005340,231449962,0,0,0,231449962
2017-08-22,7856583,228060097,0,0,0,228060097
2017-08-23,2698736,228276699,0,0,0,228276699
2017-08-24,3409414,228760722,0,0,0,228760722
2017-08-25,3836805,228778330,0,0,0,228778330
2017-08-28,17418013,226890223,33000,33000,129030,227019253
2017-08-29,16376774,233320249,0,30000,117600,233437849
2017-08-30,10425733,230236478,0,30000,116700,230353178
2017-08-31,3800049,224301652,0,30000,118200,224419852
2017-09-01,5843544,222438482,0,30000,117600,222556082
2017-09-04,6510077,223365795,0,30000,117300,223483095
2017-09-05,6048467,222669557,0,30000,117000,222786557
2017-09-06,6644556,223910557,0,30000,116700,224027257
2017-09-07,4213604,222839852,0,30000,116100,222955952
2017-09-08,4621033,220639840,0,30000,116700,220756540
2017-09-11,5547569,221792516,0,30000,117000,221909516
2017-09-12,9979962,224277981,0,30000,116400,224394381
2017-09-13,5996918,227540738,0,30000,116100,227656838
2017-09-14,5746888,225805405,0,30000,116100,225921505
2017-09-15,7769234,228214119,0,30000,115500,228329619
2017-09-18,5737306,228137477,0,30000,114900,228252377
2017-09-19,6783708,230060465,0,30000,115800,230176265
2017-09-20,4921734,230895111,0,30000,115500,231010611
2017-09-21,4166685,230945333,0,30000,114300,231059633
2017-09-22,6053149,228313936,0,30000,112800,228426736
2017-09-25,6449416,229050390,0,30000,111600,229161990
2017-09-26,4144225,230621564,0,0,0,230621564
2017-09-27,2970346,229207688,0,0,0,229207688
2017-09-28,2177979,226076919,0,0,0,226076919
2017-09-29,758085,222866829,0,0,0,222866829
2017-10-09,5548081,224554283,0,0,0,224554283
2017-10-10,3526972,223753262,0,0,0,223753262
2017-10-11,6278231,225298231,0,0,0,225298231
2017-10-12,4048573,225169810,0,0,0,225169810
2017-10-13,3179078,226097117,0,0,0,226097117
2017-10-16,2678814,223953701,0,0,0,223953701
2017-10-17,2860050,224710427,0,0,0,224710427
2017-10-18,1963007,223601615,0,0,0,223601615
2017-10-19,5182662,221424747,0,0,0,221424747
2017-10-20,3443826,223365411,0,0,0,223365411
2017-10-23,2309094,223387797,0,0,0,223387797
2017-10-24,2786487,223282363,0,0,0,223282363
2017-10-25,4528727,225409943,0,0,0,225409943
2017-10-26,2379321,224914912,0,0,0,224914912
2017-10-27,3683350,222834021,0,0,0,222834021
2017-10-30,2632642,223721843,0,0,0,223721843
2017-10-31,582058,222000102,0,0,0,222000102
2017-11-01,3102652,219875134,0,0,0,219875134
2017-11-02,5445926,219119213,0,0,0,219119213
2017-11-03,2675804,217015145,3000,3000,10380,217025525
2017-11-06,3403283,215972691,0,3000,10530,215983221
2017-11-07,2236025,215534724,0,3000,10530,215545254
2017-11-08,7109144,216540873,30000,33000,118800,216659673
2017-11-09,4992595,216995714,0,30000,106500,217102214
2017-11-10,3463267,215988209,0,30000,105600,216093809
2017-11-13,1937592,214767432,0,30000,104700,214872132
2017-11-14,1697433,213953072,0,30000,104700,214057772
2017-11-15,2086337,214308154,0,30000,103800,214411954
2017-11-16,3737156,216008909,0,30000,103500,216112409
2017-11-17,5944894,210662211,0,30000,99000,210761211
2017-11-20,2693732,209636994,0,30000,98400,209735394
2017-11-21,1965057,208136950,0,30000,99000,208235950
2017-11-22,2486722,207863580,0,30000,99000,207962580
2017-11-23,3551475,203856239,3000,33000,105600,203961839
2017-11-24,2202691,202180046,0,30000,97500,202277546
2017-11-27,1254433,201787479,0,30000,96900,201884379
2017-11-28,1756925,202554619,0,30000,97800,202652419
2017-11-29,1652674,201632481,0,0,0,201632481
2017-11-30,1476129,201634484,0,0,0,201634484
2017-12-01,1542171,201858048,0,0,0,201858048
2017-12-04,1471706,199966528,0,0,0,199966528
2017-12-05,2540578,199770670,0,0,0,199770670
2017-12-06,1816423,199802646,0,0,0,199802646
2017-12-07,8779562,203363697,1200,1200,3984,203367681
2017-12-08,2632230,204068784,0,0,0,204068784
2017-12-11,1752660,200520279,0,0,0,200520279
2017-12-12,1280074,197950120,0,0,0,197950120
2017-12-13,1587994,198695706,0,0,0,198695706
2017-12-14,2141876,198784460,0,0,0,198784460
2017-12-15,2683876,198817237,0,0,0,198817237
2017-12-18,2138179,199470512,0,0,0,199470512
2017-12-19,2293696,200196502,0,0,0,200196502
2017-12-20,1543652,200404701,0,0,0,200404701
2017-12-21,1193077,200489434,0,0,0,200489434
2017-12-22,1336247,200074379,0,0,0,200074379
2017-12-25,2443383,200198444,0,0,0,200198444
2017-12-26,3596872,201918139,30000,30000,99600,202017739
2017-12-27,1319136,201168443,0,30000,98700,201267143
2017-12-28,1541896,200155068,0,30000,99000,200254068
2017-12-29,2185352,200109714,0,30000,98700,200208414
2018-01-02,6740241,204924992,0,30000,98400,205023392
2018-01-03,6854954,206909139,0,30000,99000,207008139
2018-01-04,4189147,206567720,0,30000,99600,206667320
2018-01-05,3281524,205095135,0,30000,99300,205194435
2018-01-08,5442943,206560994,0,30000,98100,206659094
2018-01-09,2072066,206645929,0,30000,98400,206744329
2018-01-10,3716597,207173344,0,30000,96900,207270244
2018-01-11,4626641,207892873,0,30000,97500,207990373
2018-01-12,1572610,207359152,0,30000,96600,207455752
2018-01-15,5215199,206454887,0,30000,94200,206549087
2018-01-16,1905039,205784121,0,30000,94800,205878921
2018-01-17,6443630,207328851,0,30000,95400,207424251
2018-01-18,3033612,207870053,0,30000,95400,207965453
2018-01-19,2152623,207085232,0,30000,94800,207180032
2018-01-22,4243040,209806657,0,30000,95700,209902357
2018-01-23,1224036,209010318,0,30000,95100,209105418
2018-01-24,7466297,211393788,0,30000,96900,211490688
2018-01-25,3679363,210971380,0,30000,96900,211068280
2018-01-26,2568547,209964216,0,30000,95700,210059916
2018-01-29,2930150,208960611,0,30000,95700,209056311
2018-01-30,1376432,206032634,0,30000,96600,206129234
2018-01-31,18406579,206697131,3000,3000,9930,206707061
2018-02-01,8383850,201545539,0,0,0,201545539
2018-02-02,8536379,197328262,30000,30000,86400,197414662
2018-02-05,2340822,196591245,3000,33000,94380,196685625
2018-02-06,4162823,194527419,0,33000,90750,194618169
2018-02-07,3033127,193222303,0,33000,90750,193313053
2018-02-08,2502843,193298317,0,33000,92070,193390387
2018-02-09,1941928,191434400,0,33000,89430,191523830
2018-02-12,7796685,191403617,0,33000,92730,191496347
2018-02-13,3943794,191716270,0,33000,92730,191809000
2018-02-14,563699,187971824,0,33000,92400,188064224
2018-02-22,2105192,187750480,0,33000,93390,187843870
2018-02-23,2406467,187481426,0,33000,93390,187574816
2018-02-26,4159438,186856920,0,33000,95040,186951960
2018-02-27,2371480,186467550,0,33000,95040,186562590
2018-02-28,1783972,185869013,0,33000,95700,185964713
2018-03-01,1971414,185144908,0,33000,96030,185240938
2018-03-02,1039878,183278516,0,33000,95040,183373556
2018-03-05,1465839,183787487,19000,52000,149760,183937247
2018-03-06,3218229,184233767,0,52000,151840,184385607
2018-03-07,1733247,182688470,0,52000,151840,182840310
2018-03-08,1451424,183289491,0,52000,151320,183440811
2018-03-09,1997026,182810087,0,52000,152880,182962967
2018-03-12,1368582,181805344,0,52000,154440,181959784
2018-03-13,3183073,179597286,0,52000,156000,179753286
2018-03-14,4454951,181994173,0,52000,152880,182147053
2018-03-15,2919082,183187654,0,52000,151320,183338974
2018-03-16,1963923,182662807,0,52000,152360,182815167
2018-03-19,1522724,180731731,0,52000,153920,180885651
2018-03-20,1579877,179637286,0,52000,154440,179791726
2018-03-21,2005401,178482569,0,52000,154960,178637529
2018-03-22,2170513,178974464,0,52000,154960,179129424
2018-03-23,3906343,177851067,0,52000,145080,177996147
2018-03-26,3076466,177579031,0,52000,147680,177726711
2018-03-27,2179570,176843329,0,52000,150280,176993609
2018-03-28,1463967,175645661,107000,159000,457920,176103581
2018-03-29,1894286,174328450,0,159000,462690,174791140
2018-03-30,1003318,172734317,0,159000,464280,173198597
2018-04-02,4104602,172740846,0,140000,417200,173158046
2018-04-03,2654173,173570353,0,140000,417200,173987553
2018-04-04,1060773,172743604,0,140000,418600,173162204
2018-04-09,1083618,173019106,0,140000,413000,173432106
2018-04-10,847518,172520943,0,140000,414400,172935343
2018-04-11,2484777,173464474,0,140000,417200,173881674
2018-04-12,1188599,173082187,0,140000,411600,173493787
2018-04-13,1547123,171640223,0,140000,418600,172058823
2018-04-16,4797456,172532440,0,140000,417200,172949640
2018-04-17,2559134,173847069,115500,255500,753725,174600794
2018-04-18,4943138,173187291,0,255500,738395,173925686
2018-04-19,2732759,173646869,0,255500,735840,174382709
2018-04-20,1941394,173420064,20000,275500,768645,174188709
2018-04-23,1951823,171877858,0,275500,760380,172638238
2018-04-24,1837366,171967419,0,275500,774155,172741574
2018-04-25,1476741,171660547,0,275500,779665,172440212
2018-04-26,1297700,170592278,0,275500,765890,171358168
2018-04-27,1222643,170376052,0,275500,776910,171152962
2018-05-02,1564107,169693436,0,275500,793440,170486876
2018-05-03,3311433,164717383,0,272500,822950,165540333
2018-05-04,11093193,163354675,0,272500,847475,164202150
2018-05-07,4999284,163287367,0,272500,855650,164143017
2018-05-08,7687413,167521831,0,272500,847475,168369306
2018-05-09,2848588,169219591,0,272500,850200,170069791
2018-05-10,3064409,168443996,0,272500,866550,169310546
2018-05-11,853066,166432238,0,272500,850200,167282438
2018-05-14,2103165,163736502,3000,36700,118541,163855043
2018-05-15,10021145,164065278,0,33700,108177,164173455
2018-05-16,6189680,167010160,0,30000,96900,167107060
2018-05-17,8685689,170296860,0,30000,95400,170392260
2018-05-18,1518195,166991428,0,30000,96300,167087728
2018-05-21,3625531,165867054,0,30000,98700,165965754
2018-05-22,1686570,162800809,43000,73000,240170,163040979
2018-05-23,1748768,162945626,0,73000,238710,163184336
2018-05-24,3224030,163575842,0,73000,240900,163816742
2018-05-25,4153955,164457520,0,73000,237250,164694770
2018-05-28,951921,163579683,0,73000,240170,163819853
2018-05-29,4017851,157672392,0,73000,233600,157905992
2018-05-30,2073055,156370911,0,43000,138030,156508941
2018-05-31,6235892,154490941,33000,76000,255360,154746301
2018-06-01,4909922,154564730,0,73000,237980,154802710
2018-06-04,3201518,152103139,0,73000,233600,152336739
2018-06-05,994722,150252529,0,73000,235790,150488319
2018-06-06,1123030,150068567,0,73000,236520,150305087
2018-06-07,1572648,150661816,0,73000,232870,150894686
2018-06-08,1917382,149760808,0,73000,229220,149990028
2018-06-11,1401661,150347968,0,73000,223380,150571348
2018-06-12,3253276,152893539,0,73000,224110,153117649
2018-06-13,2289393,152470941,0,73000,216080,152687021
2018-06-14,3046805,154548778,0,73000,213890,154762668
2018-06-15,903156,154336116,0,73000,216080,154552196
2018-06-19,1810348,152881124,0,73000,197100,153078224
2018-06-20,1194945,152130625,3000,46000,127880,152258505
2018-06-21,751767,151607102,30000,73000,198560,151805662
2018-06-22,1084003,151848963,0,73000,201480,152050443
2018-06-25,1604759,152323164,0,43000,118250,152441414
2018-06-26,1329831,152697548,0,43000,119970,152817518
2018-06-27,736399,152524663,0,43000,119110,152643773
2018-06-28,1245388,152152838,0,43000,121260,152274098
2018-06-29,966001,151267340,0,43000,124700,151392040
2018-07-02,1011767,151093211,0,43000,122980,151216191
2018-07-03,1877286,148314977,0,43000,124700,148439677
2018-07-04,558173,148145554,0,43000,123410,148268964
2018-07-05,180088,147678147,0,0,0,147678147
2018-07-06,508431,145917246,0,0,0,145917246
2018-07-09,225739,145639651,0,0,0,145639651
2018-07-10,366593,142332893,46000,46000,133860,142466753
2018-07-11,1321655,141278915,0,43000,125130,141404045
2018-07-12,2047233,140604042,0,43000,128140,140732182
2018-07-13,2482604,141246752,0,43000,129430,141376182
2018-07-16,1747871,139927704,0,43000,131580,140059284
2018-07-17,932490,139902764,0,43000,131150,140033914
2018-07-18,942797,138601627,0,43000,130720,138732347
2018-07-19,3782759,140215236,0,43000,130290,140345526
2018-07-20,1887994,141213429,0,43000,133300,141346729
2018-07-23,206676,139721380,0,43000,133300,139854680
2018-07-24,1729044,139760257,0,43000,135450,139895707
2018-07-25,413279,139577122,0,43000,135450,139712572
2018-07-26,1092873,139601008,0,43000,134590,139735598
2018-07-27,1430463,139469983,0,43000,135450,139605433
2018-07-30,1446082,140008103,0,43000,132010,140140113
2018-07-31,898834,139564845,0,43000,132870,139697715
2018-08-01,694887,138947861,0,43000,129430,139077291
2018-08-02,872664,139245516,0,43000,127710,139373226
2018-08-03,701999,139709195,0,43000,125130,139834325
2018-08-06,893152,139707377,0,43000,123840,139831217
2018-08-07,1030729,139774501,0,43000,126420,139900921
2018-08-08,637365,138424055,0,43000,124700,138548755
2018-08-09,667098,138204225,0,43000,125560,138329785
2018-08-10,486064,138167340,0,43000,126850,138294190
2018-08-13,205887,137627196,0,43000,126420,137753616
2018-08-14,449386,137501521,0,43000,127280,137628801
2018-08-15,487126,137602953,0,43000,125130,137728083
2018-08-16,215723,137660990,0,43000,125130,137786120
2018-08-17,346339,137356591,0,43000,120400,137476991
2018-08-20,693160,137502392,0,43000,121690,137624082
2018-08-21,68626,137076406,0,43000,122550,137198956
2018-08-22,214985,136665551,0,43000,121690,136787241
2018-08-23,419200,136966684,0,43000,122550,137089234
2018-08-24,394174,136150292,0,43000,121690,136271982
2018-08-27,322621,135969812,0,43000,122980,136092792
2018-08-28,881961,136178602,0,43000,122980,136301582
2018-08-29,178909,135979571,0,43000,123840,136103411
2018-08-30,9203,135922315,0,43000,122980,136045295
2018-08-31,251897,135151181,0,43000,120830,135272011
2018-09-03,220942,135110462,0,43000,121690,135232152
2018-09-04,3715099,138309243,0,43000,119540,138428783
2018-09-05,534018,137303721,0,43000,117390,137421111
2018-09-06,796647,137684332,0,43000,116960,137801292
2018-09-07,206130,137319740,0,43000,118250,137437990
2018-09-10,219551,136264876,0,43000,116960,136381836
2018-09-11,233950,135868620,0,43000,116530,135985150
2018-09-12,505733,136174629,0,43000,117390,136292019
2018-09-13,457469,135842223,0,43000,118250,135960473
2018-09-14,900226,136212323,0,43000,117390,136329713
2018-09-17,832065,133808538,0,43000,114810,133923348
2018-09-18,292436,131633392,0,43000,116100,131749492
2018-09-19,427089,131208613,0,43000,116960,131325573
2018-09-20,379005,131232960,0,43000,116960,131349920
2018-09-21,501728,131363809,0,43000,117820,131481629
2018-09-25,1371808,132121931,0,43000,118250,132240181
2018-09-26,1200235,132650176,0,43000,118250,132768426
2018-09-27,714889,132528948,0,43000,116530,132645478
2018-09-28,409271,132387149,0,43000,116960,132504109
2018-10-08,1035695,131790204,0,43000,114380,131904584
2018-10-09,530716,131794856,0,43000,115240,131910096
2018-10-10,799129,132043701,1000,44000,118360,132162061
2018-10-11,854187,130146763,0,44000,108680,130255443
2018-10-12,3925566,130477044,0,44000,103840,130580884
2018-10-15,1768267,130283638,50000,94000,219020,130502658
2018-10-16,664337,128455973,0,94000,213380,128669353
2018-10-17,1008423,128446843,0,66700,154744,128601587
2018-10-18,199103,127337116,0,44000,97680,127434796
2018-10-19,662110,125461194,0,44000,97680,125558874
2018-10-22,1267914,124337856,22600,66600,153846,124491702
2018-10-23,804343,124442350,2000,68600,156408,124598758
2018-10-24,746651,123374118,0,68600,157094,123531212
2018-10-25,374951,122949915,0,67600,155480,123105395
2018-10-26,980438,122159243,0,67600,157508,122316751
2018-10-29,785247,119823470,1000,46000,106260,119929730
2018-10-30,1111843,118927225,0,46000,108100,119035325
2018-10-31,878457,119176122,0,46000,108560,119284682
2018-11-01,2680483,120496300,0,43000,101480,120597780
2018-11-02,4415002,122457476,80000,123000,298890,122756366
2018-11-05,1875136,121464229,0,73000,178120,121642349
2018-11-06,2854580,121975844,0,73000,177390,122153234
2018-11-07,1296662,121839212,0,73000,177390,122016602
2018-11-08,2010806,121090150,0,73000,181770,121271920
2018-11-09,1541339,121825223,0,73000,177390,122002613
2018-11-12,1609639,121093869,50000,123000,307500,121401369
2018-11-13,4380120,121937266,3000,76000,196080,122133346
2018-11-14,4059427,120508807,50000,96000,249600,120758407
2018-11-15,1598684,120186674,0,46000,120520,120307194
2018-11-16,1217613,118356302,5000,51000,134130,118490432
2018-11-19,1734290,118716798,0,8000,21280,118738078
2018-11-20,1465569,118296182,0,3000,7680,118303862
2018-11-21,1036985,116090520,0,3000,7650,116098170
2018-11-22,564642,115450804,0,3000,7650,115458454
2018-11-23,1399506,115709903,0,0,0,115709903
2018-11-26,475241,115400851,0,0,0,115400851
2018-11-27,3397617,116291332,53000,53000,142040,116433372
2018-11-28,2494866,116675754,0,3000,7890,116683644
2018-11-29,1194366,115905074,0,0,0,115905074
2018-11-30,3386243,117764740,0,0,0,117764740
2018-12-03,4233636,118606031,0,0,0,118606031
2018-12-04,3532506,119977606,0,0,0,119977606
2018-12-05,2221097,120484185,0,0,0,120484185
2018-12-06,916754,119905063,1600,1600,3968,119909031
2018-12-07,582619,118829950,1400,1400,3514,118833464
2018-12-10,565895,118796034,0,300,738,118796772
2018-12-11,415714,118991856,100,300,741,118992597
2018-12-12,551489,119086987,400,700,1715,119088702
2018-12-13,1078426,119183398,800,900,2223,119185621
2018-12-14,1463188,117510231,30300,30300,75447,117585678
2018-12-17,432008,117202595,0,30200,74594,117277189
2018-12-18,988670,117155908,500,30500,73505,117229413
2018-12-19,546838,117262137,0,30000,71400,117333537
2018-12-20,1061604,117755009,0,30000,71100,117826109
2018-12-21,220185,116820161,0,30000,70800,116890961
2018-12-24,314127,116303292,0,0,0,116303292
2018-12-25,897929,116262250,0,0,0,116262250
2018-12-26,478390,116126189,0,0,0,116126189
2018-12-27,127630,115543165,0,0,0,115543165
2018-12-28,213012,115406072,0,0,0,115406072
2019-01-02,374216,115439763,20000,20000,45400,115485163
2019-01-03,306303,115298751,0,20000,45600,115344351
2019-01-04,549032,115112268,3000,23000,53590,115165858
2019-01-07,1671105,116110132,0,23000,54050,116164182
2019-01-08,2407223,116353651,0,23000,54510,116408161
2019-01-09,1323845,115963502,0,23000,54740,116018242
2019-01-10,535531,115753748,0,23000,54740,115808488
2019-01-11,1563646,116098819,0,23000,55430,116154249
2019-01-14,884454,116206795,0,23000,55200,116261995
2019-01-15,1512172,117007878,0,23000,55890,117063768
2019-01-16,1201831,116796692,0,13000,31590,116828282
2019-01-17,2047808,117441988,0,13000,31460,117473448
2019-01-18,995515,116975851,0,13000,31460,117007311
2019-01-21,1063863,116859061,0,3000,7290,116866351
2019-01-22,1730854,117115685,0,3000,7380,117123065
2019-01-23,1663186,116389643,0,3000,7230,116396873
2019-01-24,1076381,116610204,0,3000,7290,116617494
2019-01-25,938115,116362278,0,3000,7140,116369418
2019-01-28,730512,115610086,0,3000,7200,115617286
2019-01-29,1101743,115545084,0,3000,6900,115551984
2019-01-30,248675,114656843,0,3000,6780,114663623
2019-01-31,1425108,114528077,0,3000,6750,114534827
2019-02-01,544926,114195310,0,0,0,114195310
2019-02-11,724261,114315044,0,0,0,114315044
2019-02-12,3283115,116061347,3000,3000,7200,116068547
2019-02-13,1842118,115790139,0,3000,7260,115797399
2019-02-14,699051,115798546,0,3000,7290,115805836
2019-02-15,1687177,116927999,0,3000,7260,116935259
2019-02-18,3537108,116440137,0,0,0,116440137
2019-02-19,4965865,117882407,0,0,0,117882407
2019-02-20,1641582,118006438,0,0,0,118006438
2019-02-21,2122135,116209389,0,0,0,116209389
2019-02-22,2770111,115358921,0,0,0,115358921
2019-02-25,5800493,115772098,0,0,0,115772098
2019-02-26,8927723,119125509,0,0,0,119125509
2019-02-27,4728637,118127391,0,0,0,118127391
2019-02-28,4424671,117989795,0,0,0,117989795
2019-03-01,2103900,116561965,0,0,0,116561965
2019-03-04,9532976,117859116,0,0,0,117859116
2019-03-05,5523740,117846271,0,0,0,117846271
2019-03-06,9567932,122448811,3000,3000,9120,122457931
2019-03-07,13776082,125048050,30000,33000,103620,125151670
2019-03-08,12300167,126325745,0,33000,94380,126420125
2019-03-11,10325235,125108726,0,33000,103950,125212676
2019-03-12,22173035,129465287,0,3000,9810,129475097
2019-03-13,14371471,133419953,0,3000,9570,133429523
2019-03-14,11499876,130137051,0,3000,9390,130146441
2019-03-15,18045021,127779177,30000,33000,108900,127888077
2019-03-18,9058247,126830673,0,33000,109890,126940563
2019-03-19,4354567,126280086,0,33000,106590,126386676
2019-03-20,4390977,124141778,0,33000,107250,124249028
2019-03-21,14469289,126851366,0,3000,9780,126861146
2019-03-22,9468836,121992148,0,3000,9600,122001748
2019-03-25,3730841,120745526,0,3000,9450,120754976
2019-03-26,5424910,120656452,0,3000,9390,120665842
2019-03-27,1798460,116039782,0,3000,9360,116049142
2019-03-28,2289081,115686318,0,3000,9360,115695678
2019-03-29,3775066,113486983,0,3000,9600,113496583
2019-04-01,5546733,115780993,0,3000,9840,115790833
2019-04-02,4735746,115586706,0,3000,9720,115596426
2019-04-03,7331366,118368610,0,3000,9750,118378360
2019-04-04,4780895,114456171,0,3000,9660,114465831
2019-04-08,6232258,115824648,0,3000,9420,115834068
2019-04-09,19368574,124357425,0,3000,10350,124367775
2019-04-10,16534477,121022388,0,3000,10050,121032438
2019-04-11,5289088,118185367,0,3000,9810,118195177
2019-04-12,2249790,117109193,0,3000,9810,117119003
2019-04-15,5665436,119070745,0,3000,9660,119080405
2019-04-16,3403041,117246556,0,3000,9870,117256426
2019-04-17,3378227,115920902,0,3000,9900,115930802
2019-04-18,2491720,116437970,0,3000,9780,116447750
2019-04-19,3307218,116222267,0,0,0,116222267
2019-04-22,4319124,117888902,0,0,0,117888902
2019-04-23,3955898,118376560,0,0,0,118376560
2019-04-24,3612479,119601784,0,0,0,119601784
2019-04-25,3476834,119043354,3000,3000,9150,119052504
2019-04-26,1583331,116737905,0,3000,9060,116746965
2019-04-29,3301054,116459262,0,0,0,116459262
2019-04-30,3904616,114055605,0,0,0,114055605
2019-05-06,3611435,114423112,0,0,0,114423112
2019-05-07,6711003,118988826,3000,3000,8250,118997076
2019-05-08,4079099,119769774,0,3000,8070,119777844
2019-05-09,3828763,122102791,0,3000,7950,122110741
2019-05-10,4433760,122378980,0,3000,8160,122387140
2019-05-13,2093239,120202963,0,3000,8250,120211213
2019-05-14,4360102,119217639,0,3000,8520,119226159
2019-05-15,5014282,120744921,0,3000,8520,120753441
2019-05-16,3126789,121090725,0,3000,8490,121099215
2019-05-17,1336092,118673205,0,0,0,118673205
2019-05-20,1134781,118618355,0,0,0,118618355
2019-05-21,1488156,118923928,0,0,0,118923928
2019-05-22,852545,117643829,0,0,0,117643829
2019-05-23,1937165,117839290,0,0,0,117839290
2019-05-24,574093,117399700,3000,3000,7860,117407560
2019-05-27,2941631,119430379,0,3000,8070,119438449
2019-05-28,1621900,120010524,0,3000,8010,120018534
2019-05-29,512628,119439865,0,3000,8130,119447995
2019-05-30,1314998,118599534,0,3000,7980,118607514
2019-05-31,525615,115554135,0,3000,7980,115562115
2019-06-03,942975,115737778,0,3000,7800,115745578
2019-06-04,1076055,116374096,0,0,0,116374096
2019-06-05,2046680,117190648,0,0,0,117190648
2019-06-06,1429526,117585157,0,0,0,117585157
2019-06-10,258705,117283896,0,0,0,117283896
2019-06-11,1074941,117308269,0,0,0,117308269
2019-06-12,1465279,117548211,0,0,0,117548211
2019-06-13,655480,117369837,0,0,0,117369837
2019-06-14,650101,116199080,0,0,0,116199080
2019-06-17,419898,115325734,0,0,0,115325734
2019-06-18,1856400,116607267,0,0,0,116607267
2019-06-19,1818503,117618657,0,0,0,117618657
2019-06-20,1191792,116717144,0,0,0,116717144
2019-06-21,3429252,118107559,3000,3000,7980,118115539
2019-06-24,1019835,118395494,0,3000,7950,118403444
2019-06-25,3975361,118101256,0,3000,7920,118109176
2019-06-26,922735,117650818,0,3000,7890,117658708
2019-06-27,1003926,117798211,0,3000,7950,117806161
2019-06-28,300157,117682973,0,3000,7890,117690863
2019-07-01,1438465,116545530,0,3000,8040,116553570
2019-07-02,892295,116274048,0,3000,8070,116282118
2019-07-03,386423,116378694,0,3000,7950,116386644
2019-07-04,446085,115290928,0,3000,7890,115298818
2019-07-05,687737,114788677,0,0,0,114788677
2019-07-08,2182110,116040407,0,0,0,116040407
2019-07-09,497440,116175654,0,0,0,116175654
2019-07-10,691096,115943074,3000,3000,7620,115950694
2019-07-11,1616621,116665697,0,0,0,116665697
2019-07-12,1429907,115094517,3000,3000,7440,115101957
2019-07-15,1608215,112975427,0,0,0,112975427
2019-07-16,546907,112807209,0,0,0,112807209
2019-07-17,692421,111674960,0,0,0,111674960
2019-07-18,555741,110086098,0,0,0,110086098
2019-07-19,752856,110336766,0,0,0,110336766
2019-07-22,441141,109643536,0,0,0,109643536
2019-07-23,242880,109497984,0,0,0,109497984
2019-07-24,943935,109752022,0,0,0,109752022
2019-07-25,557526,109560675,0,0,0,109560675
2019-07-26,837949,109421322,0,0,0,109421322
2019-07-29,889201,109479759,0,0,0,109479759
2019-07-30,1091313,110081195,0,0,0,110081195
2019-07-31,1280324,111068129,0,0,0,111068129
2019-08-01,464007,110450732,0,0,0,110450732
2019-08-02,968880,109043411,0,0,0,109043411
2019-08-05,1114911,109006413,0,0,0,109006413
2019-08-06,1223261,109181551,0,0,0,109181551
2019-08-07,1541984,109654455,0,0,0,109654455
2019-08-08,441357,109174079,0,0,0,109174079
2019-08-09,675742,109035041,0,0,0,109035041
2019-08-12,343354,109057987,0,0,0,109057987
2019-08-13,1085636,109387674,0,0,0,109387674
2019-08-14,2647891,110223685,0,0,0,110223685
2019-08-15,2420267,111789190,0,0,0,111789190
2019-08-16,976805,111418633,0,0,0,111418633
2019-08-19,2015461,111876568,0,0,0,111876568
2019-08-20,1695988,110690755,0,0,0,110690755
2019-08-21,885657,110240250,0,0,0,110240250
2019-08-22,3295282,109587306,0,0,0,109587306
2019-08-23,2684053,111084092,0,0,0,111084092
2019-08-26,2725430,110937896,1200,1200,2652,110940548
2019-08-27,3007921,111939224,0,1200,2700,111941924
2019-08-28,370290,111748273,0,1200,2700,111750973
2019-08-29,1239479,111563389,0,1200,2712,111566101
2019-08-30,2274077,112833520,0,1200,2652,112836172
2019-09-02,791132,112121488,0,1200,2700,112124188
2019-09-03,1718865,112691684,0,1200,2688,112694372
2019-09-04,1421221,111817835,0,1200,2700,111820535
2019-09-05,8231407,117228941,0,0,0,117228941
2019-09-06,957628,116720297,0,0,0,116720297
2019-09-09,2730219,116950036,0,0,0,116950036
2019-09-10,2836002,116573910,0,0,0,116573910
2019-09-11,4433120,117096616,0,0,0,117096616
2019-09-12,895950,115299657,0,0,0,115299657
2019-09-16,2350829,115717938,0,0,0,115717938
2019-09-17,1273386,114938469,0,0,0,114938469
2019-09-18,1463497,114942883,0,0,0,114942883
2019-09-19,1686141,113684258,0,0,0,113684258
2019-09-20,862297,111953186,0,0,0,111953186
2019-09-23,1127618,112043732,0,0,0,112043732
2019-09-24,952300,111765906,0,0,0,111765906
2019-09-25,1070060,111220663,0,0,0,111220663
2019-09-26,987165,110974175,0,0,0,110974175
2019-09-27,1243028,111024021,0,0,0,111024021
2019-09-30,377011,110493785,0,0,0,110493785
2019-10-08,406222,110143526,0,0,0,110143526
2019-10-09,1638430,109789035,0,0,0,109789035
2019-10-10,423362,109374501,0,0,0,109374501
2019-10-11,743185,108621599,0,0,0,108621599
2019-10-14,405257,108298133,0,0,0,108298133
2019-10-15,727699,107772466,0,0,0,107772466
2019-10-16,467741,107467837,0,0,0,107467837
2019-10-17,570785,107874018,0,0,0,107874018
2019-10-18,650377,108086536,0,0,0,108086536
2019-10-21,446924,106282874,3000,3000,6360,106289234
2019-10-22,1442007,105705936,0,3000,6390,105712326
2019-10-23,810422,105882517,0,3000,6360,105888877
2019-10-24,478375,105582477,0,3000,6390,105588867
2019-10-25,718086,105315847,0,3000,6390,105322237
2019-10-28,2396328,106180423,0,0,0,106180423
2019-10-29,12780010,107991069,3000,3000,7260,107998329
2019-10-30,6307002,107678103,0,0,0,107678103
2019-10-31,7714139,108246317,0,0,0,108246317
2019-11-01,3549607,105067194,0,0,0,105067194
2019-11-04,5101920,106113342,0,0,0,106113342
2019-11-05,7803034,112023126,0,0,0,112023126
2019-11-06,5646132,108149033,0,0,0,108149033
2019-11-07,637789,105482779,0,0,0,105482779
2019-11-08,2575600,106995784,0,0,0,106995784
2019-11-11,3124485,106494578,0,0,0,106494578
2019-11-12,990009,106286860,0,0,0,106286860
2019-11-13,994998,106335934,3000,3000,6000,106341934
2019-11-14,1307473,105281940,0,3000,5880,105287820
2019-11-15,1485107,104148808,0,3000,5730,104154538
2019-11-18,1131908,104020482,0,3000,5670,104026152
2019-11-19,764582,104200496,0,3000,5760,104206256
2019-11-20,1423348,104347952,0,3000,5730,104353682
2019-11-21,1365332,103275860,0,0,0,103275860
2019-11-22,1645106,103116403,0,0,0,103116403
2019-11-25,2850232,104484538,0,0,0,104484538
2019-11-26,259407,104391901,0,0,0,104391901
2019-11-27,471461,104389092,0,0,0,104389092
2019-11-28,388532,104575570,0,0,0,104575570
2019-11-29,365646,104458467,0,0,0,104458467
2019-12-02,547229,104435071,0,0,0,104435071
2019-12-03,4295268,106539652,0,0,0,106539652
2019-12-04,254359,106003955,0,0,0,106003955
2019-12-05,505931,102233500,0,0,0,102233500
2019-12-06,624544,101889034,0,0,0,101889034
2019-12-09,1136496,102063933,0,0,0,102063933
2019-12-10,1005324,102690688,0,0,0,102690688
2019-12-11,584452,102118903,0,0,0,102118903
2019-12-12,1960269,103553536,0,0,0,103553536
2019-12-13,624857,101702375,0,0,0,101702375
2019-12-16,3251298,103595988,0,0,0,103595988
2019-12-17,3234169,103747933,0,0,0,103747933
2019-12-18,1498584,103422083,0,0,0,103422083
2019-12-19,1698532,103873522,0,0,0,103873522
2019-12-20,2159124,100640667,3000,3000,6330,100646997
2019-12-23,7094074,102653316,0,3000,6960,102660276
2019-12-24,11076711,104967356,0,0,0,104967356
2019-12-25,6403356,107522644,0,0,0,107522644
2019-12-26,6936405,107565740,0,0,0,107565740
2019-12-27,1430393,99845835,3000,3000,7290,99853125
2019-12-30,22734348,107287141,0,3000,8010,107295151
2019-12-31,31249963,121132375,0,3000,7650,121140025
2020-01-02,43551920,138486917,0,0,0,138486917
2020-01-03,29551585,128970799,3000,3000,7590,128978389
2020-01-06,14624970,127238244,0,0,0,127238244
2020-01-07,14611082,122676093,3000,3000,7440,122683533
2020-01-08,11876131,117431653,0,0,0,117431653
2020-01-09,7828801,117634563,0,0,0,117634563
2020-01-10,3171896,114436983,0,0,0,114436983
2020-01-13,5361291,116356916,0,0,0,116356916
2020-01-14,3498059,116291951,0,0,0,116291951
2020-01-15,3176575,115877551,0,0,0,115877551
2020-01-16,4004743,116646535,0,0,0,116646535
2020-01-17,2872876,116256286,600,600,1374,116257660
2020-01-20,3092182,114058820,0,600,1350,114060170
2020-01-21,3163896,114460102,0,0,0,114460102
2020-01-22,3302498,114770181,0,0,0,114770181
2020-01-23,3345818,112151802,0,0,0,112151802
2020-02-03,429120,111169317,0,0,0,111169317
2020-02-04,1825240,109866165,0,0,0,109866165
2020-02-05,1502711,109396960,0,0,0,109396960
2020-02-06,1343740,108151605,0,0,0,108151605
2020-02-07,3353514,110266930,0,0,0,110266930
2020-02-10,6764453,114441126,0,0,0,114441126
2020-02-11,2743070,112657288,0,0,0,112657288
2020-02-12,1807412,111748259,90000,90000,184500,111932759
2020-02-13,3332316,109466909,0,0,0,109466909
2020-02-14,1877641,107645999,0,0,0,107645999
2020-02-17,5773686,108023566,0,0,0,108023566
2020-02-18,3830105,105628369,0,0,0,105628369
2020-02-19,3803828,105763054,0,0,0,105763054
2020-02-20,2235102,103760927,0,0,0,103760927
2020-02-21,3739832,104080217,0,0,0,104080217
2020-02-24,2480300,102861050,0,0,0,102861050
2020-02-25,5369962,105531437,0,0,0,105531437
2020-02-26,4152471,105467006,0,0,0,105467006
2020-02-27,6518027,103580218,90000,90000,202500,103782718
2020-02-28,6250704,102535146,0,0,0,102535146
2020-03-02,7497427,106309102,0,0,0,106309102
2020-03-03,11361869,110480013,0,0,0,110480013
2020-03-04,6081323,101690265,0,0,0,101690265
2020-03-05,8791771,105465589,0,0,0,105465589
2020-03-06,11864931,109621004,0,0,0,109621004
2020-03-09,11218625,113517464,0,0,0,113517464
2020-03-10,7265430,111833586,0,0,0,111833586
2020-03-11,3907083,109173650,0,0,0,109173650
2020-03-12,3640416,107947269,0,0,0,107947269
2020-03-13,3666949,105889812,0,0,0,105889812
2020-03-16,3349800,106178608,0,0,0,106178608
2020-03-17,4520426,108225387,0,0,0,108225387
2020-03-18,2141109,106216920,0,0,0,106216920
2020-03-19,1885810,105119104,0,0,0,105119104
2020-03-20,1300377,104607758,0,0,0,104607758
2020-03-23,1623142,105044339,0,0,0,105044339
2020-03-24,1739330,104368843,0,0,0,104368843
2020-03-25,1118381,103522122,0,0,0,103522122
2020-03-26,2317342,104361892,0,0,0,104361892
2020-03-27,0,101053354,0,0,0,101053354
2020-03-30,25863148,118839259,0,0,0,118839259
2020-03-31,16642284,115331540,0,0,0,115331540
2020-04-01,7204813,111435015,0,0,0,111435015
2020-04-02,4232334,108300102,0,0,0,108300102
2020-04-03,9106263,110025895,0,0,0,110025895
2020-04-07,6688358,110894898,0,0,0,110894898
2020-04-08,15883533,120203035,3000,3000,6870,120209905
2020-04-09,31233424,144290079,0,3000,7560,144297639
2020-04-10,19103633,107139050,0,0,0,107139050
2020-04-13,10872291,109012998,0,0,0,109012998
2020-04-14,11655773,114180182,3000,3000,7350,114187532
2020-04-15,17386350,112171933,0,0,0,112171933
2020-04-16,20671626,116622129,53000,53000,129850,116751979
2020-04-17,20921452,119384332,0,0,0,119384332
2020-04-20,21569922,121667885,0,0,0,121667885
2020-04-21,9360051,124418330,0,0,0,124418330
2020-04-22,6466926,125249342,50000,50000,112500,125361842
2020-04-23,3929616,120875564,0,0,0,120875564
2020-04-24,3387538,117110449,0,0,0,117110449
2020-04-27,1845194,116779379,0,0,0,116779379
2020-04-28,2821489,117261561,0,0,0,117261561
2020-04-29,865955,114587936,0,0,0,114587936
2020-04-30,2845915,115126731,0,0,0,115126731
2020-05-06,3194864,117298658,0,0,0,117298658
2020-05-07,1689184,118103914,0,0,0,118103914
2020-05-08,3813642,118508181,0,0,0,118508181
2020-05-11,1331264,119046344,0,0,0,119046344
2020-05-12,14486128,122415017,3000,3000,6840,122421857
2020-05-13,18234962,130645610,0,3000,6930,130652540
2020-05-14,13918343,132387396,0,0,0,132387396
2020-05-15,7058228,128361079,0,0,0,128361079
2020-05-18,7712269,130290798,0,0,0,130290798
2020-05-19,4089994,129672113,0,0,0,129672113
2020-05-20,2606960,127700935,3000,3000,6210,127707145
2020-05-21,2894634,124307146,0,3000,6090,124313236
2020-05-22,3209440,120971136,0,3000,6090,120977226
2020-05-25,812648,121044022,0,3000,6120,121050142
2020-05-26,1046114,120501503,0,0,0,120501503
2020-05-27,1932929,120896698,0,0,0,120896698
2020-05-28,3708428,121846075,0,0,0,121846075
2020-05-29,1098926,120651245,0,0,0,120651245
2020-06-01,4168684,116931598,0,0,0,116931598
2020-06-02,6416358,117654297,3000,3000,6780,117661077
2020-06-03,8812424,117037151,0,0,0,117037151
2020-06-04,8583075,118133550,0,0,0,118133550
2020-06-05,5657341,117213727,0,0,0,117213727
2020-06-08,5636966,120159601,0,0,0,120159601
2020-06-09,6916458,123110660,3000,3000,6480,123117140
2020-06-10,5729017,120522391,0,0,0,120522391
2020-06-11,8789779,122389829,3000,3000,6690,122396519
2020-06-12,10919845,127569705,0,0,0,127569705
2020-06-15,10921776,128852851,3000,3000,6720,128859571
2020-06-16,12682039,130765744,0,0,0,130765744
2020-06-17,9438711,119555685,0,0,0,119555685
2020-06-18,6622010,118240358,3000,3000,6630,118246988
2020-06-19,9494767,121956634,0,0,0,121956634
2020-06-22,7328572,126996531,0,0,0,126996531
2020-06-23,4544169,125485752,0,0,0,125485752
2020-06-24,7029025,123063227,0,0,0,123063227
2020-06-29,3033722,123697116,0,0,0,123697116
2020-06-30,2358646,122777089,0,0,0,122777089
2020-07-01,1630202,121950122,0,0,0,121950122
2020-07-02,4556316,123313930,0,0,0,123313930
2020-07-03,7844134,127966151,0,0,0,127966151
2020-07-06,13304614,129445305,0,0,0,129445305
2020-07-07,11119169,130832203,0,0,0,130832203
2020-07-08,10442914,131778426,3000,3000,6660,131785086
2020-07-09,15808329,137209728,0,3000,6840,137216568
2020-07-10,16208862,142909609,0,3000,6870,142916479
2020-07-13,16096816,148608296,0,3000,6960,148615256
2020-07-14,8858997,143370581,0,3000,6780,143377361
2020-07-15,8484871,142137849,0,0,0,142137849
2020-07-16,6477719,144419145,0,0,0,144419145
2020-07-17,5309515,148094678,0,0,0,148094678
2020-07-20,6131902,147746331,0,0,0,147746331
2020-07-21,5454531,148892360,0,0,0,148892360
2020-07-22,3865239,147324072,0,0,0,147324072
2020-07-23,5279137,150020223,0,0,0,150020223
2020-07-24,8041030,150795555,0,0,0,150795555
2020-07-27,4412956,151666760,0,0,0,151666760
2020-07-28,8880225,153164289,0,0,0,153164289
2020-07-29,11359427,153991171,0,0,0,153991171
2020-07-30,5931812,153593708,0,0,0,153593708
2020-07-31,9294831,156709882,0,0,0,156709882
2020-08-03,11398095,153008048,0,0,0,153008048
2020-08-04,8962003,152068610,0,0,0,152068610
2020-08-05,18502019,155974491,3000,3000,7110,155981601
2020-08-06,10123809,152689056,0,3000,7110,152696166
2020-08-07,5834391,153301056,0,0,0,153301056
2020-08-10,14342146,160054749,3000,3000,7050,160061799
2020-08-11,18789910,164424794,0,3000,7200,164431994
2020-08-12,7613736,167181643,0,0,0,167181643
2020-08-13,8201966,170570872,3000,3000,7260,170578132
2020-08-14,4318121,168750304,0,0,0,168750304
2020-08-17,8386262,172605282,0,0,0,172605282
2020-08-18,6170404,167867729,0,0,0,167867729
2020-08-19,12791777,173366740,0,0,0,173366740
2020-08-20,7773231,172581139,0,0,0,172581139
2020-08-21,5164287,173589778,0,0,0,173589778
2020-08-24,4811231,172894498,0,0,0,172894498
2020-08-25,3262702,174660807,0,0,0,174660807
2020-08-26,9640564,177305883,0,0,0,177305883
2020-08-27,2877580,176772337,0,0,0,176772337
2020-08-28,8800142,174054683,0,0,0,174054683
2020-08-31,14780416,176507993,0,0,0,176507993
2020-09-01,2809703,175433940,0,0,0,175433940
2020-09-02,4497004,176601042,0,0,0,176601042
2020-09-03,2774117,174041150,0,0,0,174041150
2020-09-04,3489805,172728831,0,0,0,172728831
2020-09-07,2763977,172327519,0,0,0,172327519
2020-09-08,15554867,175839828,0,0,0,175839828
2020-09-09,20177823,180594895,3000,3000,7170,180602065
2020-09-10,8924434,174357299,0,0,0,174357299
2020-09-11,3124275,173595449,0,0,0,173595449
2020-09-14,2043304,173839176,0,0,0,173839176
2020-09-15,4395036,173242646,3000,3000,7230,173249876
2020-09-16,13991284,181318261,0,0,0,181318261
2020-09-17,3125771,175471533,0,0,0,175471533
2020-09-18,4369136,173763263,0,0,0,173763263
2020-09-21,6353675,174036131,0,0,0,174036131
2020-09-22,2683993,173229844,0,0,0,173229844
2020-09-23,1780905,174236729,0,0,0,174236729
2020-09-24,2433342,174594372,0,0,0,174594372
2020-09-25,1453597,174330432,0,0,0,174330432
2020-09-28,5005918,171941627,3000,3000,6750,171948377
2020-09-29,3706398,171934381,0,3000,6690,171941071
2020-09-30,1308473,169172970,0,3000,6660,169179630
2020-10-09,3173392,169823329,0,3000,6750,169830079
2020-10-12,4240100,169720046,0,3000,6930,169726976
2020-10-13,2824625,169936361,0,3000,6840,169943201
2020-10-14,5299917,168458162,0,3000,6930,168465092
2020-10-15,11352868,173736597,0,0,0,173736597
2020-10-16,5297160,172007562,0,0,0,172007562
2020-10-19,13524544,165055163,3000,3000,7320,165062483
2020-10-20,8188599,168783517,0,3000,7230,168790747
2020-10-21,6820629,169325146,0,0,0,169325146
2020-10-22,2740872,168085442,0,0,0,168085442
2020-10-23,3663753,165599819,0,0,0,165599819
2020-10-26,1455731,164737545,0,0,0,164737545
2020-10-27,3544985,165741485,0,0,0,165741485
2020-10-28,2355055,164122519,0,0,0,164122519
2020-10-29,1229919,162714642,0,0,0,162714642
2020-10-30,2528198,161326628,3000,3000,6540,161333168
2020-11-02,3672717,147505509,0,3000,5880,147511389
2020-11-03,3202366,148584093,0,3000,5910,148590003
2020-11-04,1993932,147353439,0,3000,5700,147359139
2020-11-05,485436,146234973,0,3000,5790,146240763
2020-11-06,1534558,146686510,0,3000,5730,146692240
2020-11-09,2873218,148594501,0,3000,5880,148600381
2020-11-10,2401180,150139851,0,3000,5820,150145671
2020-11-11,440359,148504993,0,3000,5850,148510843
2020-11-12,1458543,148958265,0,3000,5820,148964085
2020-11-13,1423196,149498139,0,3000,5820,149503959
2020-11-16,1167187,148582991,0,3000,5850,148588841
2020-11-17,552328,146733603,0,3000,5820,146739423
2020-11-18,869216,146660787,0,3000,5790,146666577
2020-11-19,762464,146728978,0,3000,5790,146734768
2020-11-20,981864,146149663,0,3000,5790,146155453
2020-11-23,1599518,145544798,0,3000,5820,145550618
2020-11-24,1507462,146079301,0,3000,5850,146085151
2020-11-25,1614369,145021999,0,3000,5910,145027909
2020-11-26,469023,144868053,0,3000,5850,144873903
2020-11-27,1095923,144768544,0,3000,5790,144774334
2020-11-30,922056,143368962,0,3000,5790,143374752
2020-12-01,424715,142905975,0,3000,5820,142911795
2020-12-02,6268424,148147943,0,3000,5850,148153793
2020-12-03,2478288,149663057,0,3000,5880,149668937
2020-12-04,1504147,150169478,0,3000,5820,150175298
2020-12-07,1163620,150570214,0,3000,5820,150576034
2020-12-08,8483540,156767858,0,3000,5970,156773828
2020-12-09,12085970,155682778,0,3000,6120,155688898
2020-12-10,3772454,157889724,0,3000,6090,157895814
2020-12-11,1128797,157162611,0,3000,5970,157168581
2020-12-14,5149076,150704558,0,3000,6060,150710618
2020-12-15,6916156,150770437,0,3000,6000,150776437
2020-12-16,8785473,150575707,0,3000,6000,150581707
2020-12-17,7272594,140183390,0,3000,5820,140189210
2020-12-18,2542627,126226618,0,3000,5550,126232168
2020-12-21,2145811,125214919,0,3000,5280,125220199
2020-12-22,1805843,122832677,0,3000,5040,122837717
2020-12-23,1550532,120632351,0,3000,4950,120637301
2020-12-24,2347532,119415325,0,3000,4650,119419975
2020-12-25,579301,117466064,0,3000,4740,117470804
2020-12-28,1164817,117957153,0,3000,4620,117961773
2020-12-29,1402914,118327319,0,3000,4680,118331999
2020-12-30,924944,116878819,0,3000,4650,116883469
2020-12-31,927750,116530056,0,3000,4650,116534706
2021-01-04,635050,114945105,0,3000,4530,114949635
2021-01-05,2374282,114475354,0,3000,4230,114479584
2021-01-06,989355,113653748,0,0,0,113653748
2021-01-07,2242453,97486911,0,0,0,97486911
2021-01-08,1162544,95123292,3000,3000,4050,95127342
2021-01-11,1103087,94607135,0,0,0,94607135
2021-01-12,1459334,94525153,3000,3000,4020,94529173
2021-01-13,1494524,93106721,0,0,0,93106721
2021-01-14,2793594,93695896,0,0,0,93695896
2021-01-15,9922599,99580695,3000,3000,4050,99584745
2021-01-18,10836182,101327290,0,3000,3900,101331190
2021-01-19,4494271,100746055,0,3000,4290,100750345
2021-01-20,1886970,100109149,0,3000,4710,100113859
2021-01-21,21637974,110181282,0,0,0,110181282
2021-01-22,10966952,104663563,0,0,0,104663563
2021-01-25,6664067,105378465,3000,3000,3810,105382275
2021-01-26,2413783,104194781,0,3000,3840,104198621
2021-01-27,1973423,102971680,0,3000,3660,102975340
2021-01-28,3681631,102187516,0,3000,4020,102191536
2021-01-29,2887098,100426767,0,3000,3720,100430487
2021-02-01,3961581,102393166,0,0,0,102393166
2021-02-02,3051767,103551242,0,0,0,103551242
2021-02-03,2049798,102405500,700,700,840,102406340
2021-02-04,4123268,104589690,2300,2300,2622,104592312
2021-02-05,1889111,104404269,700,3000,3480,104407749
2021-02-08,988909,103765318,0,3000,3480,103768798
2021-02-09,365311,102503168,0,3000,3450,102506618
2021-02-10,528151,101509983,0,3000,3450,101513433
2021-02-18,3778351,102349750,0,3000,3630,102353380
2021-02-19,6816680,103044453,0,3000,3840,103048293
2021-02-22,3572504,97375719,0,3000,3990,97379709
2021-02-23,2027704,97873010,0,3000,3870,97876880
2021-02-24,3885217,99619083,0,3000,3930,99623013
2021-02-25,4072020,100642803,0,3000,3960,100646763
2021-02-26,4215454,99977998,0,3000,3900,99981898
2021-03-01,5945175,100186780,0,2000,2700,100189480
2021-03-02,7899827,99620892,0,2000,2680,99623572
2021-03-03,3880215,99909687,1000,3000,4080,99913767
2021-03-04,9451362,101161116,0,3000,4260,101165376
2021-03-05,5662586,97509120,0,3000,4320,97513440
2021-03-08,5939169,100823263,0,3000,4170,100827433
2021-03-09,8958461,103731672,0,3000,4050,103735722
2021-03-10,1689400,100522375,0,3000,3990,100526365
2021-03-11,6257700,101984740,0,3000,4080,101988820
2021-03-12,7746540,102315905,0,3000,4140,102320045
2021-03-15,13013153,104576336,0,3000,4560,104580896
2021-03-16,18230339,112628328,0,3000,5010,112633338
2021-03-17,2724968,108766796,0,3000,5520,108772316
2021-03-18,5067574,108198556,0,1000,2020,108200576
2021-03-19,30658289,104277225,2000,3000,5880,104283105
2021-03-22,19795652,102208704,0,3000,5490,102214194
2021-03-23,14441291,103049491,0,1000,1650,103051141
2021-03-24,9740153,100005399,2000,3000,4770,100010169
2021-03-25,0,98147895,0,3000,5250,98153145
2021-03-26,0,94951663,0,3000,5790,94957453
2021-03-29,0,93001288,0,3000,6360,93007648
2021-03-30,25037457,95821005,0,1000,2330,95823335
2021-03-31,32672526,98279734,2000,3000,7680,98287414
2021-04-01,31628626,109662596,0,3000,8460,109671056
2021-04-02,28651852,105408561,0,3000,9300,105417861
2021-04-06,63118332,121401078,0,3000,10230,121411308
2021-04-07,56911327,128986227,0,3000,11250,128997477
2021-04-08,51060248,96283108,0,3000,11190,96294298
2021-04-09,82895377,142958383,0,3000,10380,142968763
2021-04-12,82270048,160118335,0,3000,10860,160129195
2021-04-13,4877827,143011517,0,3000,9780,143021297
2021-04-14,33687767,125551406,0,3000,8880,125560286
2021-04-15,62759303,152333574,0,3000,8430,152342004
2021-04-16,43157432,146653239,0,3000,8580,146661819
2021-04-19,33401536,147363952,0,3000,8430,147372382
2021-04-20,44925384,151454275,0,3000,8040,151462315
2021-04-21,43765574,159005403,0,3000,8040,159013443
2021-04-22,27713152,156750768,0,3000,7710,156758478
2021-04-23,21758047,147662279,0,3000,7500,147669779
2021-04-26,23445107,148780923,0,1000,2470,148783393
2021-04-27,39775764,144833359,0,1000,2720,144836079
2021-04-28,19774290,132256308,2000,3000,8970,132265278
2021-04-29,59047243,147890282,0,3000,9870,147900152
2021-04-30,27441346,130797454,0,1000,2960,130800414
2021-05-06,24496612,129372345,0,1000,2790,129375135
2021-05-07,18087055,128650003,1000,2000,5200,128655203
2021-05-10,29891476,137595023,1000,3000,8580,137603603
2021-05-11,42080402,136716778,0,3000,8730,136725508
2021-05-12,50803017,142514540,0,3000,9600,142524140
2021-05-13,23390262,126766107,0,3000,8760,126774867
2021-05-14,19503452,131204700,0,3000,8610,131213310
2021-05-17,11426740,130789913,80000,83000,234890,131024803
2021-05-18,15783549,138591540,0,3000,8430,138599970
2021-05-19,39501760,156198548,80000,83000,241530,156440078
2021-05-20,40379608,162317820,0,3000,8790,162326610
2021-05-21,34905900,150289624,80000,83000,267260,150556884
2021-05-24,57465425,152995359,0,3000,10620,153005979
2021-05-25,58894629,164414538,80000,83000,322870,164737408
2021-05-26,85271412,186826256,0,83000,292990,187119246
2021-05-27,75401665,187583885,0,83000,302950,187886835
2021-05-28,41480217,173514268,0,3000,10380,173524648
2021-05-31,83582998,202125845,80000,83000,316230,202442075
2021-06-01,60274593,200402592,0,3000,12570,200415162
2021-06-02,75375050,195429956,80000,83000,382630,195812586
2021-06-03,110799574,170594469,0,83000,393420,170987889
2021-06-04,41264294,145697454,0,83000,354410,146051864
2021-06-07,48396433,147151306,0,83000,351920,147503226
2021-06-08,62438705,158664395,0,83000,386780,159051175
2021-06-09,70777675,151410203,0,83000,367690,151777893
2021-06-10,45627542,146562082,0,83000,374330,146936412
2021-06-11,32323542,129681452,0,83000,343620,130025072
2021-06-15,21446450,125660693,0,83000,328680,125989373
2021-06-16,31363947,127578275,0,83000,345280,127923555
2021-06-17,38204321,132986776,0,83000,349430,133336206
2021-06-18,59849400,155304730,0,83000,366030,155670760
2021-06-21,34447717,154933341,0,83000,366860,155300201
2021-06-22,27537894,150673025,0,3000,12600,150685625
2021-06-23,16502384,148005947,0,3000,12510,148018457
2021-06-24,24156823,139427777,0,3000,11670,139439447
2021-06-25,19927258,139524512,80000,83000,325360,139849872
2021-06-28,13355019,140758826,0,83000,323700,141082526
2021-06-29,38095305,161685775,0,3000,11730,161697505
2021-06-30,29183009,162704678,0,3000,11130,162715808
2021-07-01,17679264,158685484,40000,43000,153510,158838994
2021-07-02,16384137,150183472,0,3000,10260,150193732
2021-07-05,8173559,135063274,0,3000,10230,135073504
2021-07-06,12189549,128384089,80000,83000,270580,128654669
2021-07-07,12579515,126941193,0,3000,9960,126951153
2021-07-08,9671150,124713066,0,2000,6300,124719366
2021-07-09,12202160,122875234,30000,32000,101760,122976994
2021-07-12,9130429,118964010,700,2700,9450,118973460
2021-07-13,17180149,105121166,0,2600,9074,105130240
2021-07-14,18124895,110954588,0,2600,9282,110963870
2021-07-15,8840499,108616816,0,2600,8840,108625656
2021-07-16,6821595,100088834,0,2600,8502,100097336
2021-07-19,6318344,98412187,0,2600,8424,98420611
2021-07-20,12606650,103932668,0,2600,8632,103941300
2021-07-21,19090669,110189159,0,2600,8710,110197869
2021-07-22,7272365,101264043,0,2600,8424,101272467
2021-07-23,7114178,97960532,0,2600,8424,97968956
2021-07-26,36455526,120487044,0,2600,8944,120495988
2021-07-27,8465261,104391819,0,2600,8346,104400165
2021-07-28,6460942,102636087,0,2000,5980,102642067
2021-07-29,6262987,101171765,700,2700,8127,101179892
2021-07-30,4555638,99743218,0,2700,7938,99751156
2021-08-02,6392026,100739306,0,2700,7992,100747298
2021-08-03,7523130,100297606,0,2700,7776,100305382
2021-08-04,10260155,104351391,0,2700,7857,104359248
2021-08-05,4379554,98013275,0,2700,7533,98020808
2021-08-06,6206768,93685263,0,2700,7695,93692958
2021-08-09,7845455,97875085,0,2700,7560,97882645
2021-08-10,4438424,97469882,20000,22700,64014,97533896
2021-08-11,4121037,97694080,0,22700,63106,97757186
2021-08-12,4096332,96878551,15000,17700,48498,96927049
2021-08-13,4808772,96463558,20000,36700,100925,96564483
2021-08-16,7561895,94781078,900,37600,107912,94888990
2021-08-17,5100942,96914084,0,37600,104152,97018236
2021-08-18,8216310,101785381,0,37600,105280,101890661
2021-08-19,4155529,99967590,0,2600,7124,99974714
2021-08-20,4380941,100859092,200,2800,7476,100866568
2021-08-23,3734621,102432489,35000,37800,101682,102534171
2021-08-24,1772822,97395136,0,37600,100016,97495152
2021-08-25,1916883,96270373,0,2600,6916,96277289
2021-08-26,5897134,93718907,35000,37600,96632,93815539
2021-08-27,6135490,92578303,200,2800,7224,92585527
2021-08-30,3354347,90086503,0,2800,6944,90093447
2021-08-31,7381963,92677874,35000,36800,89792,92767666
2021-09-01,2499475,91387949,800,37600,92872,91480821
2021-09-02,10200125,92445048,200,2800,7112,92452160
2021-09-03,8580637,94198549,35000,37600,94376,94292925
2021-09-06,2798405,92874139,0,35800,89858,92963997
2021-09-07,6695352,92676798,0,35000,89950,92766748
2021-09-08,31782658,105178524,2100,2100,5943,105184467
2021-09-09,18870794,107646277,35000,37100,102767,107749044
2021-09-10,9174211,89964397,0,2100,5586,89969983
2021-09-13,6663975,91040439,35000,37100,99799,91140238
2021-09-14,8222349,93696217,0,35000,90650,93786867
2021-09-15,3559409,92576512,0,35000,91000,92667512
2021-09-16,9081241,92565507,2100,2100,5670,92571177
2021-09-17,5206901,91562438,0,2100,5460,91567898
2021-09-22,3905097,91177977,0,2100,5355,91183332
2021-09-23,3145591,90175919,0,0,0,90175919
2021-09-24,2119435,88107220,0,0,0,88107220
2021-09-27,2653123,86467425,35000,35000,88900,86556325
2021-09-28,6244882,89668241,0,0,0,89668241
2021-09-29,4035443,90566345,0,0,0,90566345
2021-09-30,1057473,86160149,0,0,0,86160149
2021-10-08,4837586,90103046,35000,35000,88900,90191946
2021-10-11,6417995,89862820,0,0,0,89862820
2021-10-12,8599996,90210659,38000,38000,104120,90314779
2021-10-13,11182212,91370125,0,3000,8310,91378435
2021-10-14,10437577,93576383,35000,38000,99940,93676323
2021-10-15,2233572,86096539,0,3000,7530,86104069
2021-10-18,5272647,86770554,35000,38000,96900,86867454
2021-10-19,2633922,86160732,0,3000,7560,86168292
2021-10-20,5690761,90094324,35000,38000,96900,90191224
2021-10-21,2311673,88959060,0,3000,7530,88966590
2021-10-22,5923420,92468776,35000,38000,96140,92564916
2021-10-25,2466685,86402840,0,3000,7440,86410280
2021-10-26,1132240,83892324,0,3000,7350,83899674
2021-10-27,2385781,83059614,0,0,0,83059614
2021-10-28,1692840,81988240,0,0,0,81988240
2021-10-29,576914,80270196,35000,35000,80850,80351046
2021-11-01,559142,80300447,0,0,0,80300447
2021-11-02,774154,79282292,400,400,888,79283180
2021-11-03,1147024,78573487,35000,35400,78588,78652075
2021-11-04,1230608,77095180,0,400,920,77096100
2021-11-05,1836684,78157492,0,400,892,78158384
2021-11-08,389773,77537937,0,0,0,77537937
2021-11-09,1317269,77242278,35000,35000,79450,77321728
2021-11-10,684573,77168712,400,400,900,77169612
2021-11-11,4263368,79997413,0,400,904,79998317
2021-11-12,316807,79782375,0,0,0,79782375
2021-11-15,1015925,79184327,0,0,0,79184327
2021-11-16,1546868,79881895,0,0,0,79881895
2021-11-17,1533676,80093229,0,0,0,80093229
2021-11-18,584197,79898816,0,0,0,79898816
2021-11-19,2647233,81633310,0,0,0,81633310
2021-11-22,558139,80414755,0,0,0,80414755
2021-11-23,6721033,85548384,35000,35000,79450,85627834
2021-11-24,2124008,80293008,0,0,0,80293008
2021-11-25,19122465,87059382,38000,38000,104500,87163882
2021-11-26,32356749,97387903,0,0,0,97387903
2021-11-29,28565003,106578778,35000,35000,96950,106675728
2021-11-30,16004198,108180785,0,0,0,108180785
2021-12-01,12450819,107841876,0,0,0,107841876
2021-12-02,10297202,106694325,0,0,0,106694325
2021-12-03,10724754,107727886,35000,35000,88900,107816786
2021-12-06,8200579,108509762,0,0,0,108509762
2021-12-07,6645476,108909032,35000,35000,86100,108995132
2021-12-08,12313399,110991965,0,0,0,110991965
2021-12-09,7890797,103676552,0,0,0,103676552
2021-12-10,18883668,108372194,35000,35000,89950,108462144
2021-12-13,10553467,107451525,0,0,0,107451525
2021-12-14,16252727,111252616,35000,35000,89600,111342216
2021-12-15,9312509,107159848,0,0,0,107159848
2021-12-16,14529801,105363346,0,0,0,105363346
2021-12-17,7411660,101929415,35000,35000,88900,102018315
2021-12-20,13873680,104803569,0,0,0,104803569
2021-12-21,7508987,100272673,0,0,0,100272673
2021-12-22,35621305,110282581,35000,35000,95200,110377781
2021-12-23,15339701,108231038,0,0,0,108231038
2021-12-24,25323066,120196733,35000,35000,88200,120284933
2021-12-27,16857943,113554977,0,0,0,113554977
2021-12-28,6599313,113647758,0,0,0,113647758
2021-12-29,17143307,120621036,35000,35000,88200,120709236
