日期,融资买入额(元),融资余额(元),融券卖出量,融券余量,融券余额(元),融资融券余额(元)
2017-07-12,10336233,479312156,5100,5100,42585,479354741
2017-07-13,6531693,480476717,0,5100,42942,480519659
2017-07-14,6827135,479591074,0,5100,42687,479633761
2017-07-17,16697331,480018512,0,5100,40086,480058598
2017-07-18,14732320,478053514,0,5100,40137,478093651
2017-07-19,14385050,479136804,0,5100,40545,479177349
2017-07-20,8116453,474847208,0,5100,40698,474887906
2017-07-21,4331235,473925135,0,5100,40596,473965731
2017-07-24,8194306,469730784,0,5100,41106,469771890
2017-07-25,8084914,471941764,0,5100,40800,471982564
2017-07-26,5955694,469742205,0,5100,40494,469782699
2017-07-27,11114737,466825665,0,5100,41259,466866924
2017-07-28,9025629,464010011,0,5100,41157,464051168
2017-07-31,6460123,463153048,30000,35100,284661,463437709
2017-08-01,8516597,464563355,0,5100,41310,464604665
2017-08-02,9116995,464809230,0,5100,41055,464850285
2017-08-03,7846661,465492648,0,5100,41157,465533805
2017-08-04,6751734,459666711,0,5100,41106,459707817
2017-08-07,11324866,465391057,0,5100,41463,465432520
2017-08-08,7912049,468591084,0,5100,41412,468632496
2017-08-09,4761944,463281990,0,5100,41463,463323453
2017-08-10,10508097,462137286,0,5100,41004,462178290
2017-08-11,13536414,466611688,0,5100,40698,466652386
2017-08-14,7037238,466346143,0,5100,41310,466387453
2017-08-15,4947386,465740658,0,5100,41412,465782070
2017-08-16,10598730,466686219,0,5100,41820,466728039
2017-08-17,11113523,464741618,0,5100,42330,464783948
2017-08-18,8218071,467786874,0,5100,41820,467828694
2017-08-21,4129488,462224497,1000,6100,50508,462275005
2017-08-22,7808363,464036517,0,6100,50142,464086659
2017-08-23,5647459,465055000,0,6100,49898,465104898
2017-08-24,4602505,462297903,13000,19100,156238,462454141
2017-08-25,6279702,463235584,0,6100,50264,463285848
2017-08-28,11910996,464869137,0,6100,50691,464919828
2017-08-29,9645195,468216142,0,6100,50508,468266650
2017-08-30,9473468,464109182,0,6100,50447,464159629
2017-08-31,7866180,464253954,0,6100,50386,464304340
2017-09-01,10665066,463671574,0,1000,8280,463679854
2017-09-04,17066321,464665087,0,1000,8390,464673477
2017-09-05,6572405,462273440,0,1000,8360,462281800
2017-09-06,13737646,461666559,36400,37400,312290,461978849
2017-09-07,10470793,461130576,0,1000,8340,461138916
2017-09-08,6391987,458122905,0,1000,8300,458131205
2017-09-11,8317247,461511412,0,1000,8350,461519762
2017-09-12,9198396,460839233,0,1000,8330,460847563
2017-09-13,6631449,461249268,0,1000,8330,461257598
2017-09-14,8059983,462205488,0,1000,8320,462213808
2017-09-15,23189464,468284812,0,1000,8420,468293232
2017-09-18,14284154,477557660,0,1000,8410,477566070
2017-09-19,25296623,488862241,0,1000,8390,488870631
2017-09-20,13352441,494582472,0,1000,8450,494590922
2017-09-21,17384876,497393724,0,1000,8390,497402114
2017-09-22,6580989,495161023,0,1000,8380,495169403
2017-09-25,9636887,492447556,0,1000,8210,492455766
2017-09-26,13899120,497383383,0,1000,8230,497391613
2017-09-27,6306451,496266681,0,1000,8250,496274931
2017-09-28,10662944,496728847,0,1000,8170,496737017
2017-09-29,5141842,491735839,0,1000,8190,491744029
2017-10-09,12161199,496122429,0,1000,8300,496130729
2017-10-10,13724654,497994178,0,1000,8390,498002568
2017-10-11,19091926,497974037,0,1000,8380,497982417
2017-10-12,12140986,494957006,15100,16100,134596,495091602
2017-10-13,10311235,499444701,0,1000,8370,499453071
2017-10-16,7794937,499064245,0,1000,8220,499072465
2017-10-17,4218228,499500869,0,1000,8240,499509109
2017-10-18,5825277,500028313,0,1000,8220,500036533
2017-10-19,7073915,496171112,0,1000,8080,496179192
2017-10-20,3355587,494111735,0,1000,8120,494119855
2017-10-23,3820290,493158741,0,1000,8190,493166931
2017-10-24,5885730,492059461,0,1000,8100,492067561
2017-10-25,5544151,493056301,0,1000,8130,493064431
2017-10-26,3514749,492196652,0,1000,8140,492204792
2017-10-27,4121713,489880413,0,1000,8100,489888513
2017-10-30,9630906,490513500,0,1000,7900,490521400
2017-10-31,6402056,491738158,0,1000,7930,491746088
2017-11-01,0,490414394,0,1000,7930,490422324
2017-11-02,0,489188100,0,1000,7930,489196030
2017-11-03,0,483398246,0,1000,7930,483406176
2017-11-06,0,482516830,0,1000,7930,482524760
2017-11-07,0,480963112,0,1000,7930,480971042
2017-11-08,0,475007080,0,1000,7930,475015010
2017-11-09,0,474314734,0,1000,7930,474322664
2017-11-10,0,472765434,0,1000,7930,472773364
2017-11-13,0,471215424,0,1000,7930,471223354
2017-11-14,0,470536888,0,1000,7930,470544818
2017-11-15,0,468840092,0,1000,7930,468848022
2017-11-16,0,466395696,0,1000,7930,466403626
2017-11-17,0,463896231,0,1000,7930,463904161
2017-11-20,0,461915658,0,1000,7930,461923588
2017-11-21,0,461384802,0,1000,7930,461392732
2017-11-22,0,460719285,0,1000,7930,460727215
2017-11-23,0,459125012,0,1000,7930,459132942
2017-11-24,0,458280709,0,1000,7930,458288639
2017-11-27,0,457816454,0,1000,7930,457824384
2017-11-28,0,457322595,0,1000,7930,457330525
2017-11-29,0,457151217,0,1000,7930,457159147
2017-11-30,0,456716739,0,1000,7930,456724669
2017-12-01,0,455557530,0,1000,7930,455565460
2017-12-04,0,452964367,0,1000,7930,452972297
2017-12-05,0,452314459,0,1000,7930,452322389
2017-12-06,0,449640166,0,1000,7930,449648096
2017-12-07,0,449292926,0,1000,7930,449300856
2017-12-08,0,448884763,0,1000,7930,448892693
2017-12-11,0,447289943,0,1000,7930,447297873
2017-12-12,0,446800510,0,1000,7930,446808440
2017-12-13,0,446487592,0,1000,7930,446495522
2017-12-14,0,445993072,0,1000,7930,446001002
2017-12-15,0,445305037,0,1000,7930,445312967
2017-12-18,0,444758768,0,1000,7930,444766698
2017-12-19,0,444493108,0,1000,7930,444501038
2017-12-20,0,443134657,0,1000,7930,443142587
2017-12-21,0,442386873,0,1000,7930,442394803
2017-12-22,0,440568946,0,1000,7930,440576876
2017-12-25,0,440261914,0,1000,7930,440269844
2017-12-26,0,439976927,0,1000,7930,439984857
2017-12-27,0,439877463,0,1000,7930,439885393
2017-12-28,0,439496122,0,1000,7930,439504052
2017-12-29,0,438152882,0,1000,7930,438160812
2018-01-02,0,436538342,0,1000,7930,436546272
2018-01-03,0,435930434,0,1000,7930,435938364
2018-01-04,0,435538404,0,1000,7930,435546334
2018-01-05,0,434191192,0,1000,7930,434199122
2018-01-08,0,433739672,0,1000,7930,433747602
2018-01-09,0,433316891,0,1000,7930,433324821
2018-01-10,0,432046586,0,1000,7930,432054516
2018-01-11,0,431675746,0,1000,7930,431683676
2018-01-12,0,431418193,0,1000,7930,431426123
2018-01-15,0,430837753,0,1000,7930,430845683
2018-01-16,0,430160203,0,1000,7930,430168133
2018-01-17,0,429438527,0,1000,7930,429446457
2018-01-18,0,429275141,0,1000,7930,429283071
2018-01-19,0,428324516,0,1000,7930,428332446
2018-01-22,0,427383741,0,1000,7930,427391671
2018-01-23,0,426904552,0,1000,7930,426912482
2018-01-24,0,425256464,0,1000,7930,425264394
2018-01-25,0,424874212,0,1000,7930,424882142
2018-01-26,0,423605308,0,1000,7930,423613238
2018-01-29,0,423152096,0,1000,7930,423160026
2018-01-30,0,422951103,0,1000,7930,422959033
2018-01-31,25015559,425761380,0,1000,7140,425768520
2018-02-01,27530294,437880356,15000,16000,105920,437986276
2018-02-02,7133323,432664736,3000,4000,26320,432691056
2018-02-05,11441543,436367175,0,1000,6480,436373655
2018-02-06,14759388,428758282,0,1000,6000,428764282
2018-02-07,15746430,432585387,800,1800,10836,432596223
2018-02-08,13540795,437804550,0,1800,11034,437815584
2018-02-09,6689360,434273107,700,1700,10098,434283205
2018-02-12,7146963,436527825,0,700,4277,436532102
2018-02-13,5464959,436132152,0,700,4263,436136415
2018-02-14,1440549,427843276,0,700,4277,427847553
2018-02-22,6004682,427720488,3100,3800,23522,427744010
2018-02-23,8151486,428121453,4700,7800,48438,428169891
2018-02-26,6523685,419839218,1300,9100,57330,419896548
2018-02-27,5171650,419986589,3120,12220,76619,420063208
2018-02-28,10314300,426136466,500,9600,60288,426196754
2018-03-01,9978141,425756285,12900,22500,143100,425899385
2018-03-02,8353440,423943606,0,11000,69520,424013126
2018-03-05,7294333,423932841,18000,29000,184730,424117571
2018-03-06,23567330,436608256,0,29000,187050,436795306
2018-03-07,10526094,435577637,0,29000,184440,435762077
2018-03-08,10296758,437077181,6300,35300,225214,437302395
2018-03-09,10606521,432179067,5700,41000,264860,432443927
2018-03-12,12658295,433499699,0,41000,268140,433767839
2018-03-13,8393982,431385075,0,41000,268550,431653625
2018-03-14,11971977,437014597,0,41000,262810,437277407
2018-03-15,5355774,435990401,0,40500,258390,436248791
2018-03-16,10566876,438883052,0,40500,258795,439141847
2018-03-19,6489796,439979123,0,37200,238452,440217575
2018-03-20,5986876,438344833,0,34600,219364,438564197
2018-03-21,16288366,438150166,0,34600,220402,438370568
2018-03-22,13442266,441422485,19000,48300,311052,441733537
2018-03-23,19113485,444683997,0,29300,176679,444860676
2018-03-26,10545498,449974418,0,25800,155832,450130250
2018-03-27,12513481,453851049,0,22200,135642,453986691
2018-03-28,9468094,455731989,59000,81200,490448,456222437
2018-03-29,19540833,467507178,0,81200,498568,468005746
2018-03-30,12938980,470258014,0,81200,501816,470759830
2018-04-02,9416953,465774550,0,63200,389944,466164494
2018-04-03,9685856,465372401,0,63200,386784,465759185
2018-04-04,8661727,456704298,0,63200,383624,457087922
2018-04-09,7352194,457641618,0,63200,379832,458021450
2018-04-10,6615999,457436583,0,63200,383624,457820207
2018-04-11,11693925,462116301,0,63200,386152,462502453
2018-04-12,10497752,456052440,0,63200,380464,456432904
2018-04-13,7146384,455484126,0,63200,379832,455863958
2018-04-16,7333371,456084497,0,63200,376672,456461169
2018-04-17,6510401,457322287,61000,124200,736506,458058793
2018-04-18,10102731,459935276,0,124200,737748,460673024
2018-04-19,4342145,457984450,0,120000,712800,458697250
2018-04-20,9496779,452682859,36400,156400,894608,453577467
2018-04-23,6009261,452664144,0,155400,887334,453551478
2018-04-24,8938835,452103909,0,155400,919968,453023877
2018-04-25,3324405,450603031,0,155400,921522,451524553
2018-04-26,4700971,447892824,0,155400,916860,448809684
2018-04-27,2996389,448066387,0,155400,912198,448978585
2018-05-02,3758052,448537272,0,155400,907536,449444808
2018-05-03,2110464,445251081,0,155400,924630,446175711
2018-05-04,3120689,443595037,0,155400,921522,444516559
2018-05-07,5660302,442576808,0,155400,933954,443510762
2018-05-08,3965957,443143461,0,155400,933954,444077415
2018-05-09,6804732,443180494,0,155400,937062,444117556
2018-05-10,8079584,446643184,0,155400,938616,447581800
2018-05-11,5570485,447718433,0,155400,929292,448647725
2018-05-14,1562815,444553225,0,36400,218400,444771625
2018-05-15,5320584,443313404,0,36400,218400,443531804
2018-05-16,3241807,443715329,0,36400,217308,443932637
2018-05-17,5563948,447222264,0,36400,216580,447438844
2018-05-18,4819098,445358914,0,36400,220220,445579134
2018-05-21,6374317,445912106,0,36400,220584,446132690
2018-05-22,5239348,445679944,21500,57900,352611,446032555
2018-05-23,4135979,444701297,0,57900,347400,445048697
2018-05-24,5844142,446466120,0,57900,345084,446811204
2018-05-25,6422831,448648996,0,57900,339873,448988869
2018-05-28,3293113,449063778,0,57900,338136,449401914
2018-05-29,3010052,448088427,0,57900,336978,448425405
2018-05-30,9555939,449135269,0,57900,324819,449460088
2018-05-31,8413212,449991810,0,57900,331188,450322998
2018-06-01,2808053,444619947,0,57900,330609,444950556
2018-06-04,2766400,445840681,0,57900,327135,446167816
2018-06-05,4206475,440756505,0,57900,331767,441088272
2018-06-06,4184368,438569036,0,57900,332925,438901961
2018-06-07,0,437814710,0,57900,332925,438147635
2018-06-08,0,435509757,0,57900,332925,435842682
2018-06-11,0,434662610,0,57900,332925,434995535
2018-06-12,0,433708600,0,57900,332925,434041525
2018-06-13,0,433355829,0,57900,332925,433688754
2018-06-14,10359301,433677071,0,57900,317292,433994363
2018-06-15,11964388,428558573,0,57900,297027,428855600
2018-06-19,12044584,410682290,0,57900,270972,410953262
2018-06-20,5757040,410269442,0,57900,274446,410543888
2018-06-21,7090908,410063498,0,57900,270393,410333891
2018-06-22,5607160,406634246,0,57900,276762,406911008
2018-06-25,1669961,406490551,0,57900,273867,406764418
2018-06-26,2542326,405252498,0,57900,277920,405530418
2018-06-27,6130543,407466745,0,57900,277341,407744086
2018-06-28,5915094,406889013,0,57900,275604,407164617
2018-06-29,2528628,404090556,0,57900,281394,404371950
2018-07-02,4312994,404929673,0,57900,276183,405205856
2018-07-03,5217286,407375066,0,57900,281394,407656460
2018-07-04,1605557,403177718,0,57900,279078,403456796
2018-07-05,3195496,402406361,0,36400,169988,402576349
2018-07-06,1957853,399486230,0,36400,174356,399660586
2018-07-09,2418618,399093070,0,36400,177632,399270702
2018-07-10,1836435,399150690,21500,57900,281973,399432663
2018-07-11,2204008,398490688,0,57900,274446,398765134
2018-07-12,2898260,397449677,0,57900,282552,397732229
2018-07-13,2232379,397523670,0,57900,281973,397805643
2018-07-16,1706524,396349609,0,57900,284289,396633898
2018-07-17,3101116,396928945,0,57900,286026,397214971
2018-07-18,4672202,397862727,0,57900,283710,398146437
2018-07-19,2750407,398350427,0,57900,284868,398635295
2018-07-20,4593976,398134832,0,57900,286026,398420858
2018-07-23,2149017,396992707,0,21500,106855,397099562
2018-07-24,7302791,398562793,1000,22500,113625,398676418
2018-07-25,5255006,397365154,0,22500,113400,397478554
2018-07-26,6774487,394563258,0,22500,115875,394679133
2018-07-27,4731198,393700135,0,21500,110080,393810215
2018-07-30,4646232,392738957,0,21500,108145,392847102
2018-07-31,2595735,390680119,0,21500,109220,390789339
2018-08-01,3661661,389376879,0,21500,106425,389483304
2018-08-02,4757156,389783526,0,21500,103415,389886941
2018-08-03,2780377,381496568,20000,41500,197540,381694108
2018-08-06,3844854,383721909,0,21500,101910,383823819
2018-08-07,2770821,379547148,1000,22500,109800,379656948
2018-08-08,3879333,380327145,0,21500,105135,380432280
2018-08-09,3297445,380223693,0,21500,107285,380330978
2018-08-10,1953068,377818763,0,21500,107285,377926048
2018-08-13,1540442,376747850,0,21500,106640,376854490
2018-08-14,1537804,377014753,0,21500,106855,377121608
2018-08-15,2791482,377078457,0,21500,104490,377182947
2018-08-16,2528658,377533955,0,21500,104275,377638230
2018-08-17,1477892,376414933,0,21500,103845,376518778
2018-08-20,2326025,374862775,0,21500,104920,374967695
2018-08-21,2973537,371306971,0,21500,105565,371412536
2018-08-22,2071013,371967232,0,21500,104060,372071292
2018-08-23,2846898,371932336,0,21500,104060,372036396
2018-08-24,1625013,370301810,0,21500,103415,370405225
2018-08-27,4206783,371837821,0,21500,104920,371942741
2018-08-28,1573555,371055929,0,21500,104705,371160634
2018-08-29,2714139,372141733,0,21500,104705,372246438
2018-08-30,3257098,372982216,0,21500,103200,373085416
2018-08-31,2552689,372682762,0,21500,102125,372784887
2018-09-03,2302419,373169019,14800,36300,172788,373341807
2018-09-04,3655668,373193598,4900,41200,197348,373390946
2018-09-05,2920930,369720441,1100,42300,202194,369922635
2018-09-06,1698182,369628498,0,42300,200079,369828577
2018-09-07,2573954,369756577,0,42300,200502,369957079
2018-09-10,3936993,370916437,0,42300,198387,371114824
2018-09-11,4215978,371855725,0,42300,195849,372051574
2018-09-12,1887685,369351448,0,42300,197118,369548566
2018-09-13,2707033,368757291,1100,43400,204848,368962139
2018-09-14,1404464,367409214,15000,58400,272728,367681942
2018-09-17,1949694,367375110,4000,62400,289536,367664646
2018-09-18,2842924,365761984,4000,64500,303150,366065134
2018-09-19,4790274,365607045,4100,68600,325164,365932209
2018-09-20,2368185,364970986,100,68700,328386,365299372
2018-09-21,4549500,364779895,3700,64800,312336,365092231
2018-09-25,4463820,364349453,0,64800,316224,364665677
2018-09-26,1555975,361649860,4700,69500,339160,361989020
2018-09-27,2727567,358629553,0,65700,322587,358952140
2018-09-28,1852576,354020787,8100,72900,357210,354377997
2018-10-08,2590564,353351493,2100,67600,323128,353674621
2018-10-09,3445235,355563415,2900,68400,326268,355889683
2018-10-10,2688680,356497042,9100,73900,350286,356847328
2018-10-11,5791354,349280798,14200,79000,343650,349624448
2018-10-12,4782991,344698557,15100,79900,336379,345034936
2018-10-15,3686384,344132909,0,75400,309894,344442803
2018-10-16,5311098,332061869,9000,74800,303688,332365557
2018-10-17,4262096,332652924,2900,68100,279891,332932815
2018-10-18,3498922,329110300,14200,79000,316000,329426300
2018-10-19,3378932,326886097,6700,71500,294580,327180677
2018-10-22,5419813,325793149,22900,89700,386607,326179756
2018-10-23,3471163,324697418,3900,68700,291288,324988706
2018-10-24,2739909,324323807,8200,73000,314630,324638437
2018-10-25,6095421,325410551,50600,115400,497374,325907925
2018-10-26,1521860,322565328,7700,79100,344085,322909413
2018-10-29,2015531,323344449,39300,104100,448671,323793120
2018-10-30,3368898,321898053,14000,115200,503424,322401477
2018-10-31,4705805,322790044,0,107800,476476,323266520
2018-11-01,2868616,321637514,4700,112500,498375,322135889
2018-11-02,3984245,320632846,0,107300,488215,321121061
2018-11-05,5623231,321808613,4700,111900,511383,322319996
2018-11-06,2120086,321361219,0,101242,465713,321826932
2018-11-07,2856267,320570337,3021,104263,476482,321046819
2018-11-08,2018468,318852007,10500,111763,507404,319359411
2018-11-09,2186381,318056398,12700,114863,532964,318589362
2018-11-12,8327010,320992175,6300,114963,549523,321541698
2018-11-13,8476359,319725491,8500,119263,584389,320309880
2018-11-14,4735124,319166637,0,119263,583196,319749833
2018-11-15,4156906,317567382,7000,125263,617547,318184929
2018-11-16,9267978,313907894,3600,128863,644315,314552209
2018-11-19,7006546,311398689,300,100563,505832,311904521
2018-11-20,5051176,311514724,7100,107663,531855,312046579
2018-11-21,4845173,310382713,700,108263,540232,310922945
2018-11-22,6184016,312395936,0,108263,533737,312929673
2018-11-23,7491380,311948224,4300,108263,507753,312455977
2018-11-26,1646873,307473475,10000,115363,552589,308026064
2018-11-27,5267721,309053913,38300,151963,721824,309775737
2018-11-28,4821361,306823231,0,99263,489367,307312598
2018-11-29,6812293,308357344,3900,98063,466780,308824124
2018-11-30,4905658,308707423,1000,97363,467342,309174765
2018-12-03,5927889,307894942,12700,108863,534517,308429459
2018-12-04,3248257,307322839,0,108863,538872,307861711
2018-12-05,5818029,310125939,0,108863,530163,310656102
2018-12-06,5806715,313887262,0,108863,513833,314401095
2018-12-07,1889009,311694109,0,108863,518188,312212297
2018-12-10,3163846,311787470,0,108863,512745,312300215
2018-12-11,1112877,310392444,0,107863,510192,310902636
2018-12-12,1729479,309746396,0,107863,510192,310256588
2018-12-13,4042744,309830301,0,62063,297282,310127583
2018-12-14,4376297,310191947,0,56363,261524,310453471
2018-12-17,1715624,310350010,1000,57363,265591,310615601
2018-12-18,3450356,311775054,10900,56663,258950,312034004
2018-12-19,1325183,310271207,1000,57663,261213,310532420
2018-12-20,3731144,311896597,0,56663,255550,312152147
2018-12-21,1341690,310693400,71600,121463,557515,311250915
2018-12-24,1001357,310358887,0,71463,328730,310687617
2018-12-25,2626916,311508325,50300,121563,548249,312056574
2018-12-26,3107081,311248966,0,106663,485317,311734283
2018-12-27,1818596,310007793,13000,119663,545663,310553456
2018-12-28,1122261,308581929,0,99563,453012,309034941
2019-01-02,2147261,309256376,0,99563,446042,309702418
2019-01-03,2252620,304867316,0,99363,450114,305317430
2019-01-04,4840713,306141904,21720,113383,535168,306677072
2019-01-07,2902326,304277187,26100,135283,650711,304927898
2019-01-08,3814256,300840250,0,113283,540360,301380610
2019-01-09,4480126,300703423,7300,114583,543123,301246546
2019-01-10,2399670,297571825,2600,117183,565994,298137819
2019-01-11,3256363,298722402,1600,118483,574643,299297045
2019-01-14,2150416,291660924,0,118483,574643,292235567
2019-01-15,8152595,290458764,300,117083,572536,291031300
2019-01-16,3742647,291252811,0,117083,563169,291815980
2019-01-17,3243200,289545590,1700,118783,577285,290122875
2019-01-18,2763400,289278061,3100,117083,571365,289849426
2019-01-21,4818134,290221596,0,111883,541514,290763110
2019-01-22,3562611,289781238,2200,114083,549880,290331118
2019-01-23,24781173,308580981,7800,108583,494053,309075034
2019-01-24,5790660,307611376,2000,106083,482678,308094054
2019-01-25,10220838,309328320,0,106083,477374,309805694
2019-01-28,3153185,306446930,17500,116683,525074,306972004
2019-01-29,5701155,306617200,7900,88441,386487,307003687
2019-01-30,3538134,308150794,6000,86500,374545,308525339
2019-01-31,6551493,309954717,0,76800,328704,310283421
2019-02-01,5006298,309538076,0,26800,117116,309655192
2019-02-11,6913119,311003649,0,26800,119260,311122909
2019-02-12,6291794,309443217,50000,50000,226500,309669717
2019-02-13,8507236,311765254,11000,61000,279990,312045244
2019-02-14,5885902,309712911,4800,65800,303338,310016249
2019-02-15,7539845,312074880,7600,73400,338374,312413254
2019-02-18,7448244,310077715,0,73400,348650,310426365
2019-02-19,15546116,315367600,7100,74900,355026,315722626
2019-02-20,11186362,317248335,2900,74900,355026,317603361
2019-02-21,15367274,316729558,8500,34100,160270,316889828
2019-02-22,9105216,313011288,41000,75100,362733,313374021
2019-02-25,38829096,328793242,23000,45900,234090,329027332
2019-02-26,30937798,326939208,52200,86900,439714,327378922
2019-02-27,21855375,326045227,13200,47900,243811,326289038
2019-02-28,24168949,328208958,32600,57300,294522,328503480
2019-03-01,17540177,323210222,20200,55900,291239,323501461
2019-03-04,22200197,314827702,27200,63500,334010,315161712
2019-03-05,18236950,312427302,31300,73000,395660,312822962
2019-03-06,31994866,321099812,19300,70700,388850,321488662
2019-03-07,38031625,331423471,16600,70200,396630,331820101
2019-03-08,22472838,327611630,13700,70900,382860,327994490
2019-03-11,23012395,336248664,37700,96900,542640,336791304
2019-03-12,35292100,338951816,22700,95800,540312,339492128
2019-03-13,18326477,338770054,25800,96500,530750,339300804
2019-03-14,13645033,330638657,16700,77900,419881,331058538
2019-03-15,10844244,329933035,29300,102900,565950,330498985
2019-03-18,14946687,329951931,11200,107700,605274,330557205
2019-03-19,16991939,332149809,11700,107742,602278,332752087
2019-03-20,16790374,328267920,11800,102842,572830,328840750
2019-03-21,14950513,317162273,41600,132742,752647,317914920
2019-03-22,18133098,317877811,11700,129742,743422,318621233
2019-03-25,17611456,322364082,0,128742,722243,323086325
2019-03-26,16547138,326064775,11700,117742,636984,326701759
2019-03-27,6619215,326019330,11700,113542,611991,326631321
2019-03-28,10719909,327529245,14700,113742,608520,328137765
2019-03-29,14142748,325636999,21700,123742,688006,326325005
2019-04-01,24913910,322640906,8900,124142,711334,323352240
2019-04-02,17597536,324403224,14200,131842,754136,325157360
2019-04-03,20583767,323062550,13500,117942,687602,323750152
2019-04-04,21551807,324293835,26600,132842,774469,325068304
2019-04-08,18563999,325257162,18160,133302,779817,326036979
2019-04-09,11986507,322156251,11300,128002,743692,322899943
2019-04-10,19057261,320538914,14500,115502,673377,321212291
2019-04-11,17055006,320591926,29900,124002,704331,321296257
2019-04-12,5461020,318151325,16100,129902,740441,318891766
2019-04-15,16816593,317864316,6300,119802,682871,318547187
2019-04-16,21638531,321772710,13000,115102,658383,322431093
2019-04-17,18030690,322996845,12300,115702,666444,323663289
2019-04-18,10885758,319492854,10000,125702,716501,320209355
2019-04-19,16087998,319360227,11700,125202,719912,320080139
2019-04-22,22694361,324529478,12200,115702,658344,325187822
2019-04-23,20742817,333091105,21100,110802,610519,333701624
2019-04-24,12877297,332276663,11600,103602,571883,332848546
2019-04-25,15160594,331240268,26800,114602,608537,331848805
2019-04-26,11197827,332413316,11700,85702,445650,332858966
2019-04-29,16628769,339394235,22700,89102,451747,339845982
2019-04-30,8211859,337916733,11700,73402,375818,338292551
2019-05-06,9632876,331418624,29400,82102,395732,331814356
2019-05-07,5302986,331387070,23300,93702,460077,331847147
2019-05-08,4557912,332834492,11700,93702,455392,333289884
2019-05-09,4846295,334053146,11700,90702,435370,334488516
2019-05-10,10076243,336576117,11700,90702,445347,337021464
2019-05-13,5732416,339090555,11754,83756,407892,339498447
2019-05-14,1732868,338226150,18700,54556,265688,338491838
2019-05-15,6170699,338333559,15900,46700,230231,338563790
2019-05-16,8467525,338564211,6600,31900,157905,338722116
2019-05-17,9065991,339797995,60400,91600,434184,340232179
2019-05-20,5384491,339640152,16200,87500,411250,340051402
2019-05-21,4814408,339461597,18000,100200,476952,339938549
2019-05-22,4036500,339841085,7600,103500,487485,340328570
2019-05-23,5382916,337605428,5000,87500,406000,338011428
2019-05-24,4220216,338035318,3500,87500,406000,338441318
2019-05-27,5450322,339099003,5700,86500,410010,339509013
2019-05-28,5880717,339802423,1700,88200,418950,340221373
2019-05-29,10305938,343359945,8800,88200,414540,343774485
2019-05-30,9591097,347786139,9500,86500,403090,348189229
2019-05-31,2751422,347974560,800,86500,401360,348375920
2019-06-03,4337295,348060274,5700,86500,397900,348458174
2019-06-04,3243221,346039552,2300,86500,392710,346432262
2019-06-05,2599536,346561530,10000,96500,438110,346999640
2019-06-06,6391226,346053129,14100,98000,437080,346490209
2019-06-10,4925662,347713258,44200,141300,637263,348350521
2019-06-11,5297334,344444082,5700,141300,655632,345099714
2019-06-12,6376846,345615122,0,129800,598378,346213500
2019-06-13,2793454,343747200,1200,44900,208336,343955536
2019-06-14,4062005,340342994,11200,56100,259182,340602176
2019-06-17,2543025,339747622,0,44900,206989,339954611
2019-06-18,1868491,338601847,0,44900,209234,338811081
2019-06-19,4241690,337363716,900,44900,210132,337573848
2019-06-20,4744009,336661747,3900,44900,213724,336875471
2019-06-21,7902029,338300403,1600,31800,152004,338452407
2019-06-24,5133252,340292873,47300,76800,364032,340656905
2019-06-25,7002540,341827453,7200,76800,362496,342189949
2019-06-26,3679782,343137047,10000,86800,408828,343545875
2019-06-27,2455506,342261188,900,86800,410564,342671752
2019-06-28,4186164,341050135,0,86800,404488,341454623
2019-07-01,6415527,336845667,0,86800,412300,337257967
2019-07-02,3902375,338521946,4800,91600,433268,338955214
2019-07-03,5878624,339327930,0,91600,429604,339757534
2019-07-04,5757347,337288128,13500,104000,490880,337779008
2019-07-05,2554284,337282812,800,104800,495704,337778516
2019-07-08,9274595,338100295,21400,102200,461944,338562239
2019-07-09,3393992,340375403,200,102200,460922,340836325
2019-07-10,5269974,340938992,0,102200,457856,341396848
2019-07-11,2122653,340701646,0,102200,458878,341160524
2019-07-12,1833467,340891716,32400,125000,563750,341455466
2019-07-15,3515826,338661613,31300,124200,572562,339234175
2019-07-16,2215325,335037760,0,115200,531072,335568832
2019-07-17,2415528,336306692,0,115200,527616,336834308
2019-07-18,2235966,335629268,12000,127200,580032,336209300
2019-07-19,2785630,335113207,2000,129200,590444,335703651
2019-07-22,2675896,335748772,11600,127200,571128,336319900
2019-07-23,2889801,335986631,0,95400,429300,336415931
2019-07-24,4863235,336237708,43500,136200,621072,336858780
2019-07-25,2952203,335421056,0,136200,618348,336039404
2019-07-26,1555011,334427648,3700,99100,447932,334875580
2019-07-29,6498915,337814103,3600,102700,463177,338277280
2019-07-30,10016007,333913910,1200,102700,468312,334382222
2019-07-31,1360489,332794547,0,102700,466258,333260805
2019-08-01,4175074,333585917,40000,142700,640723,334226640
2019-08-02,5429877,332591297,0,142700,626453,333217750
2019-08-05,3273959,332522098,0,142700,617891,333139989
2019-08-06,5181644,331314410,8500,142700,596486,331910896
2019-08-07,3482752,332560079,0,142700,593632,333153711
2019-08-08,1824927,332485951,900,143600,600248,333086199
2019-08-09,1973293,327042998,300,143600,594504,327637502
2019-08-12,3643592,329137994,0,135600,568164,329706158
2019-08-13,2186084,326366135,0,123600,515412,326881547
2019-08-14,2097337,326970422,0,123600,517884,327488306
2019-08-15,1383132,324827696,200,82700,345686,325173382
2019-08-16,1596418,323076183,0,82700,346513,323422696
2019-08-19,4393414,321869029,26600,103900,448848,322317877
2019-08-20,1826784,320692990,0,102700,443664,321136654
2019-08-21,1935295,320016664,5000,107700,466341,320483005
2019-08-22,1873390,319763112,0,107700,465264,320228376
2019-08-23,1486926,318966890,10000,117700,507287,319474177
2019-08-26,2614133,318586196,2000,102700,436475,319022671
2019-08-27,5120954,318759851,20800,123500,537225,319297076
2019-08-28,2291173,319037377,0,123500,538460,319575837
2019-08-29,4111688,321996746,0,123500,538460,322535206
2019-08-30,1875411,319490340,0,102700,444691,319935031
2019-09-02,2994186,318460038,0,102700,451880,318911918
2019-09-03,2234349,318201154,0,102700,450853,318652007
2019-09-04,3915491,316821295,1800,102700,453934,317275229
2019-09-05,6392995,316946869,0,102700,454961,317401830
2019-09-06,4728497,318626166,25700,128400,568812,319194978
2019-09-09,4218127,316422229,3200,123500,555750,316977979
2019-09-10,5465795,316989267,0,123500,555750,317545017
2019-09-11,3771609,318091238,0,123500,554515,318645753
2019-09-12,4318583,316996039,0,123500,556985,317553024
2019-09-16,1374773,314838293,2000,123500,555750,315394043
2019-09-17,5564382,315353701,0,123500,542165,315895866
2019-09-18,2251231,313370541,0,123500,540930,313911471
2019-09-19,2630297,313815357,0,123500,542165,314357522
2019-09-20,1662164,312580621,0,103500,456435,313037056
2019-09-23,3229860,313283816,0,103500,448155,313731971
2019-09-24,3214378,313223083,900,103500,449190,313672273
2019-09-25,4711247,314509935,0,103500,440910,314950845
2019-09-26,3297609,315041003,5900,103500,433665,315474668
2019-09-27,1275118,313931899,0,103500,437805,314369704
2019-09-30,2393320,311951143,3100,106600,444522,312395665
2019-10-08,1180634,310441882,0,106600,449852,310891734
2019-10-09,2156997,310955951,0,106600,453050,311409001
2019-10-10,1366063,308663452,0,85800,366366,309029818
2019-10-11,1907994,307504183,0,84100,361630,307865813
2019-10-14,2158266,304398853,45100,129200,565896,304964749
2019-10-15,2245845,301951580,1000,130200,572880,302524460
2019-10-16,2062626,302340133,0,129900,567663,302907796
2019-10-17,3784589,303558591,2500,132400,573292,304131883
2019-10-18,3785181,302831878,0,132400,562700,303394578
2019-10-21,3032161,300920499,0,124700,527481,301447980
2019-10-22,1634052,299502750,4100,122900,526012,300028762
2019-10-23,9367946,305772567,1000,113400,489888,306262455
2019-10-24,4212818,306153814,1600,114000,491340,306645154
2019-10-25,3368134,307268735,0,114000,491340,307760075
2019-10-28,2129136,306132715,2900,116100,507357,306640072
2019-10-29,2523320,305531290,0,116100,502713,306034003
2019-10-30,4930292,308079114,7600,122700,525156,308604270
2019-10-31,6289842,310278599,2500,125200,528344,310806943
2019-11-01,4489878,310898456,900,125000,533750,311432206
2019-11-04,3494141,311754658,46500,171500,728875,312483533
2019-11-05,3998129,311056792,2900,171300,728025,311784817
2019-11-06,4823585,312284731,0,168900,706002,312990733
2019-11-07,1765088,311814559,2400,171300,716034,312530593
2019-11-08,2459783,312002165,0,167400,698058,312700223
2019-11-11,4720367,313377096,3000,161100,658899,314035995
2019-11-12,5073125,317096351,0,120300,492027,317588378
2019-11-13,2064523,318291608,0,120300,488418,318780026
2019-11-14,1829504,318823820,1200,118500,478740,319302560
2019-11-15,3017498,319678698,2700,120600,482400,320161098
2019-11-18,2723743,319878259,7100,127700,512077,320390336
2019-11-19,1757365,319045198,0,123800,502628,319547826
2019-11-20,4719078,320716546,4100,127900,512879,321229425
2019-11-21,1110584,320003116,0,127900,515437,320518553
2019-11-22,3355372,319776778,39916,164616,661756,320438534
2019-11-25,5908279,320555854,2600,167216,685586,321241440
2019-11-26,3839191,322157600,0,166416,678977,322836577
2019-11-27,1636755,321078514,0,166116,681076,321759590
2019-11-28,2177204,320503976,3300,122916,500268,321004244
2019-11-29,1929100,320084259,0,120316,493296,320577555
2019-12-02,1529006,320173629,0,120316,492092,320665721
2019-12-03,1305846,319993739,3000,123316,504362,320498101
2019-12-04,2604950,320983009,0,123216,501489,321484498
2019-12-05,2705416,321690822,100,123316,506829,322197651
2019-12-06,2100957,319750137,0,120316,498108,320248245
2019-12-09,1318153,320067659,3400,122716,508044,320575703
2019-12-10,3483596,319377099,800,120516,498936,319876035
2019-12-11,2378558,319914221,2800,122916,506414,320420635
2019-12-12,1599694,319617455,500,123416,504771,320122226
2019-12-13,5937985,321566597,2100,116116,481881,322048478
2019-12-16,8707925,327693416,0,109516,456682,328150098
2019-12-17,10654849,329414437,0,68100,287382,329701819
2019-12-18,10188460,333161411,1100,69200,291332,333452743
2019-12-19,3940496,333455328,0,69200,292716,333748044
2019-12-20,5725988,334169806,2200,71400,300594,334470400
2019-12-23,7069298,334567528,5200,76600,316358,334883886
2019-12-24,3065926,335085076,0,76600,318656,335403732
2019-12-25,4657269,336087316,0,75900,314226,336401542
2019-12-26,4379112,334812550,0,75900,318021,335130571
2019-12-27,15054922,332747813,35300,108200,460932,333208745
2019-12-30,15661117,334692655,3200,76100,334840,335027495
2019-12-31,12257096,339309837,0,76100,331796,339641633
2020-01-02,26896456,344289308,2000,78100,353793,344643101
2020-01-03,16883508,336827289,1000,73900,331811,337159100
2020-01-06,17214365,335456662,700,73600,326784,335783446
2020-01-07,19954258,340718302,0,73600,329728,341048030
2020-01-08,15150325,343879271,0,73600,322368,344201639
2020-01-09,11183347,347179052,0,28600,127270,347306322
2020-01-10,14184607,343127323,0,28600,128414,343255737
2020-01-13,12588160,343725156,12600,38900,175828,343900984
2020-01-14,11630785,342097093,12000,43000,192640,342289733
2020-01-15,15480817,343431447,0,28800,127008,343558455
2020-01-16,6591537,343263997,0,25500,112200,343376197
2020-01-17,7827634,343047309,0,14700,64680,343111989
2020-01-20,8262607,346762791,300,15000,66150,346828941
2020-01-21,9840637,342983457,1200,16200,69822,343053279
2020-01-22,6914852,342752495,0,16200,69660,342822155
2020-01-23,10413368,342800070,500,16700,69806,342869876
2020-02-03,6439807,334181119,0,15300,57528,334238647
2020-02-04,7750041,330170014,0,15300,56916,330226930
2020-02-05,3855157,326475924,0,15300,57528,326533452
2020-02-06,4991543,320902863,0,15300,58599,320961462
2020-02-07,6394023,319312142,0,15300,58599,319370741
2020-02-10,6924454,317079786,8300,23600,92040,317171826
2020-02-11,5081572,317112240,4800,23600,91096,317203336
2020-02-12,4681249,317140647,0,23400,91494,317232141
2020-02-13,4983682,318430459,1100,24500,94325,318524784
2020-02-14,5652599,318469186,0,24500,94080,318563266
2020-02-17,7157561,316716558,600,25100,98392,316814950
2020-02-18,8378531,316956115,4400,29500,116820,317072935
2020-02-19,8188689,318448470,400,29900,117507,318565977
2020-02-20,8136195,315677117,600,30500,122305,315799422
2020-02-21,10288511,314143808,600,31100,124711,314268519
2020-02-24,10235893,314485087,10200,41300,165613,314650700
2020-02-25,11737414,319567565,21400,52700,209219,319776784
2020-02-26,16909547,321921467,0,46000,184920,322106387
2020-02-27,8866425,325065162,1000,47000,188940,325254102
2020-02-28,9357349,328066382,0,24600,94218,328160600
2020-03-02,6422500,327882492,0,24600,97416,327979908
2020-03-03,7350913,326899971,0,24600,97416,326997387
2020-03-04,15299193,323881966,0,24600,102336,323984302
2020-03-05,14052267,320816580,0,24600,102090,320918670
2020-03-06,38039065,332241977,37400,62000,265980,332507957
2020-03-09,17747438,325539311,5600,26000,105820,325645131
2020-03-10,10962150,322056706,0,25000,103750,322160456
2020-03-11,13449510,321441408,0,25000,102500,321543908
2020-03-12,11293942,314978478,0,25000,100250,315078728
2020-03-13,7375390,310436117,0,25000,98750,310534867
2020-03-16,11133320,314481648,0,25000,96750,314578398
2020-03-17,6312751,315470881,20000,45000,174150,315645031
2020-03-18,5605109,312882242,1000,26000,98540,312980782
2020-03-19,12266625,317445313,24400,50400,196056,317641369
2020-03-20,5756765,312499931,0,26000,101660,312601591
2020-03-23,2233888,307385680,0,26000,98800,307484480
2020-03-24,6184994,309972700,0,26000,100360,310073060
2020-03-25,7562975,310179804,0,26000,102180,310281984
2020-03-26,6999935,310095937,0,26000,101140,310197077
2020-03-27,3089072,305756313,0,26000,101140,305857453
2020-03-30,5603061,307090174,0,25000,95750,307185924
2020-03-31,3333478,306624684,0,25000,95250,306719934
2020-04-01,1074588,305120196,41600,66600,252414,305372610
2020-04-02,2875406,305660828,0,66600,255744,305916572
2020-04-03,2018970,303674515,0,66600,254412,303928927
2020-04-07,5231682,303877230,0,66600,257742,304134972
2020-04-08,6908725,308022245,0,66600,259740,308281985
2020-04-09,3371848,307390053,0,66600,258408,307648461
2020-04-10,5971064,309261612,0,66600,254412,309516024
2020-04-13,3413764,308178553,0,66600,253746,308432299
2020-04-14,3156952,307893633,0,66600,255744,308149377
2020-04-15,5217016,307596543,0,66600,253080,307849623
2020-04-16,3339053,305780370,0,66600,253080,306033450
2020-04-17,3869459,304586020,0,66600,252414,304838434
2020-04-20,3737204,299502076,0,66600,257742,299759818
2020-04-21,3938330,299922978,0,61700,237545,300160523
2020-04-22,10627953,304038281,0,61700,243715,304281996
2020-04-23,8538922,303428756,4900,66600,265068,303693824
2020-04-24,2256657,302584098,0,66600,262404,302846502
2020-04-27,6720129,301117183,0,66600,265068,301382251
2020-04-28,6469676,300799933,0,25000,96500,300896433
2020-04-29,2212402,300715475,40300,65300,252711,300968186
2020-04-30,3730840,299388090,0,65300,255976,299644066
2020-05-06,4442230,300936736,0,65300,258588,301195324
2020-05-07,2237114,298519054,0,65300,257282,298776336
2020-05-08,3936348,298590987,11000,76300,302148,298893135
2020-05-11,2421437,298709724,1300,70600,278870,298988594
2020-05-12,1943844,298090819,0,62000,243040,298333859
2020-05-13,4039281,297355572,0,62000,244900,297600472
2020-05-14,4296947,296618490,0,21700,84630,296703120
2020-05-15,3777145,297304866,10000,30400,118560,297423426
2020-05-18,5306880,297881104,0,20400,78948,297960052
2020-05-19,2930239,297751976,24400,41500,161850,297913826
2020-05-20,4345421,299333216,17200,58700,226582,299559798
2020-05-21,3118558,298416046,0,58700,226582,298642628
2020-05-22,3866939,296440607,0,41500,157285,296597892
2020-05-25,1551125,296114049,0,41500,157700,296271749
2020-05-26,1494187,294875223,5000,46500,179025,295054248
2020-05-27,3370797,295023036,17200,53800,207668,295230704
2020-05-28,4950310,294903606,4900,41500,160190,295063796
2020-05-29,11237644,299048063,11100,52600,206718,299254781
2020-06-01,9321630,294816968,130000,182600,745008,295561976
2020-06-02,15277639,292293946,20100,181600,815384,293109330
2020-06-03,49342394,292218901,21100,202700,1001338,293220239
2020-06-04,148402387,345230534,21300,224000,1216320,346446854
2020-06-05,101987164,303513405,0,202700,1001338,304514743
2020-06-08,77866482,326796521,0,202700,914177,327710698
2020-06-09,52600007,336782667,0,196800,877728,337660395
2020-06-10,34170849,325970556,0,196800,877728,326848284
2020-06-11,40531010,327284015,3900,192700,844026,328128041
2020-06-12,34719596,324716715,12500,180800,790096,325506811
2020-06-15,30943963,328951987,15100,179800,767746,329719733
2020-06-16,20960820,320686420,41800,206500,898275,321584695
2020-06-17,29192073,327114317,1300,191000,809840,327924157
2020-06-18,15492680,325819084,1000,192000,812160,326631244
2020-06-19,46553223,318934867,62500,252200,1122290,320057157
2020-06-22,33036749,319915046,20000,242200,1031772,320946818
2020-06-23,25851258,329487490,0,222200,922130,330409620
2020-06-24,10523415,326002616,0,221200,915768,326918384
2020-06-29,10391193,326250787,41600,262800,1085364,327336151
2020-06-30,15314500,325599787,0,221200,926828,326526615
2020-07-01,22610693,330013375,93700,194900,824427,330837802
2020-07-02,25750518,334005758,0,101200,432124,334437882
2020-07-03,17069441,326829858,80000,181200,780972,327610830
2020-07-06,38450972,323390753,76600,177800,803656,324194409
2020-07-07,38593046,321068025,30000,150800,681616,321749641
2020-07-08,34528431,318124674,85600,206400,961824,319086498
2020-07-09,30619292,306968097,6400,92600,442628,307410725
2020-07-10,24508072,288123406,0,72600,341946,288465352
2020-07-13,23620428,286926723,0,72600,349206,287275929
2020-07-14,34472280,291478578,0,72600,356466,291835044
2020-07-15,32110397,276717630,0,72600,335412,277053042
2020-07-16,14732283,275269165,0,72600,325248,275594413
2020-07-17,11049816,276516416,0,41600,184704,276701120
2020-07-20,14102483,268502693,42000,83600,387068,268889761
2020-07-21,11788800,270397155,0,52600,242486,270639641
2020-07-22,9764958,266152498,5000,57600,263808,266416306
2020-07-23,10420667,263929545,26000,78600,354486,264284031
2020-07-24,19842389,265695195,0,52600,228284,265923479
2020-07-27,8993867,267597491,0,52600,226706,267824197
2020-07-28,6632781,267457829,0,42000,182700,267640529
2020-07-29,11232999,266306263,3000,45000,200250,266506513
2020-07-30,7756243,268022950,0,40100,179247,268202197
2020-07-31,7350847,266426493,0,40100,180450,266606943
2020-08-03,13280967,269807567,38600,78700,364381,270171948
2020-08-04,10422149,271228243,0,73700,336072,271564315
2020-08-05,9443046,272805365,5000,78700,358872,273164237
2020-08-06,9217582,271199571,0,78700,356511,271556082
2020-08-07,11550790,273867331,0,78700,350215,274217546
2020-08-10,7196009,271066170,0,78700,358085,271424255
2020-08-11,13461767,276561808,0,78700,350215,276912023
2020-08-12,9138141,278037625,0,37100,164353,278201978
2020-08-13,19163812,281778866,0,37100,169918,281948784
2020-08-14,17234842,289462156,5000,31100,143993,289606149
2020-08-17,16468672,296524938,0,31100,144615,296669553
2020-08-18,16669634,293205187,0,31100,143682,293348869
2020-08-19,16682369,294687172,36600,67700,307358,294994530
2020-08-20,10345853,297732265,4400,30500,137250,297869515
2020-08-21,10010214,302479963,41600,72100,327334,302807297
2020-08-24,17928416,300830633,0,30500,140910,300971543
2020-08-25,14566541,304491098,0,30500,139080,304630178
2020-08-26,17666966,301989420,22800,53300,240916,302230336
2020-08-27,8329791,297216742,0,33300,149850,297366592
2020-08-28,11636294,297852367,0,33300,150849,298003216
2020-08-31,16339727,300652399,10000,38900,176995,300829394
2020-09-01,31350989,306191907,137000,165900,791343,306983250
2020-09-02,16674992,312741861,0,40500,192780,312934641
2020-09-03,15387475,309026574,1000,31500,149625,309176199
2020-09-04,17490739,299048493,0,30500,141520,299190013
2020-09-07,13947296,297629596,0,30500,139080,297768676
2020-09-08,8807653,296778066,0,30500,141520,296919586
2020-09-09,18051385,299145650,0,30500,141520,299287170
2020-09-10,18875674,286593401,0,16600,74202,286667603
2020-09-11,11619174,289137643,10000,26600,119434,289257077
2020-09-14,6328821,291211610,0,9900,44055,291255665
2020-09-15,4820837,293611967,0,9900,43857,293655824
2020-09-16,5401988,291899386,0,9900,43956,291943342
2020-09-17,9315736,288860819,0,9900,44055,288904874
2020-09-18,6929513,288427114,0,9900,44550,288471664
2020-09-21,4969103,284407418,10100,20000,90000,284497418
2020-09-22,3835051,282686033,10000,19900,88356,282774389
2020-09-23,3270225,283843142,0,9900,43857,283886999
2020-09-24,6519559,282234141,0,9900,42570,282276711
2020-09-25,2428248,277738160,0,9900,42075,277780235
2020-09-28,3347725,279800952,0,9900,41679,279842631
2020-09-29,4386797,279236398,6000,15900,67734,279304132
2020-09-30,2971855,279150026,0,12900,54309,279204335
2020-10-09,4649042,275738272,2000,14900,64070,275802342
2020-10-12,4648081,274875931,10000,24900,109062,274984993
2020-10-13,3431414,274846204,0,19000,82840,274929044
2020-10-14,2104436,274655679,0,7000,30310,274685989
2020-10-15,5830285,275899256,4400,11400,49818,275949074
2020-10-16,8437040,280594037,0,11400,49476,280643513
2020-10-19,6732035,281254130,0,11400,49590,281303720
2020-10-20,7035546,282584995,55400,66800,293252,282878247
2020-10-21,5799035,281571836,0,10700,46117,281617953
2020-10-22,4429492,283558617,0,10700,45796,283604413
2020-10-23,2933695,284375221,0,10700,45582,284420803
2020-10-26,2821965,283425781,0,10700,45261,283471042
2020-10-27,2057612,279912796,0,10700,45154,279957950
2020-10-28,7777524,280645159,10000,20700,85905,280731064
2020-10-29,4040933,279143286,0,10700,43977,279187263
2020-10-30,6017078,280580113,1800,12500,49750,280629863
2020-11-02,2352608,280039061,11800,24300,96714,280135775
2020-11-03,2311874,280009713,0,24300,98658,280108371
2020-11-04,4376291,282631266,0,24300,98172,282729438
2020-11-05,5698265,283103921,0,24300,99144,283203065
2020-11-06,4407669,283616016,0,24300,98901,283714917
2020-11-09,10674753,284128241,0,24300,100602,284228843
2020-11-10,5065959,280347470,400,18100,74572,280422042
2020-11-11,3266057,280437450,4400,22500,92250,280529700
2020-11-12,4108884,281863865,0,22500,92475,281956340
2020-11-13,3326822,281854593,29000,41500,168905,282023498
2020-11-16,6733642,278928671,0,41500,172225,279100896
2020-11-17,3373059,277817205,0,40400,167660,277984865
2020-11-18,2192992,276127623,0,10500,43785,276171408
2020-11-19,4114359,276952355,10000,19900,82983,277035338
2020-11-20,2093771,275902994,0,9900,41184,275944178
2020-11-23,7354417,275914064,0,5500,23155,275937219
2020-11-24,3509611,275925132,0,5500,23045,275948177
2020-11-25,4401264,275511260,4400,9900,41382,275552642
2020-11-26,4274244,276972630,10000,19900,82784,277055414
2020-11-27,3807043,274921811,0,9900,41481,274963292
2020-11-30,6799531,273731217,20000,29900,125281,273856498
2020-12-01,4002363,272607967,0,9900,41877,272649844
2020-12-02,5592455,271785204,10000,19900,84575,271869779
2020-12-03,3675471,272297816,0,19900,84376,272382192
2020-12-04,4326296,272519691,0,9900,41382,272561073
2020-12-07,1393718,268643956,0,9900,41382,268685338
2020-12-08,1806830,268469380,0,9900,41184,268510564
2020-12-09,3964068,267638506,20800,30700,124642,267763148
2020-12-10,3166894,268417813,13000,43700,177422,268595235
2020-12-11,3705824,265728002,0,12900,51729,265779731
2020-12-14,4903674,268054190,10000,19900,80595,268134785
2020-12-15,4675414,268419801,10000,19900,80595,268500396
2020-12-16,3257175,269459919,10000,19900,80993,269540912
2020-12-17,4980735,270470590,0,9900,40194,270510784
2020-12-18,3522832,270864671,0,9900,39996,270904667
2020-12-21,2936956,270480205,0,9900,40293,270520498
2020-12-22,2893341,267393962,0,9900,39501,267433463
2020-12-23,1707027,266128370,24200,34100,136400,266264770
2020-12-24,5709508,265729939,1800,25900,100751,265830690
2020-12-25,2528555,264063247,11100,35000,138250,264201497
2020-12-28,8690107,266287449,120000,129900,529992,266817441
2020-12-29,3478393,264002103,6600,136500,551460,264553563
2020-12-30,3954646,263899498,0,87500,352625,264252123
2020-12-31,8186558,267582804,0,87500,357875,267940679
2021-01-04,4289057,263419109,0,80900,330072,263749181
2021-01-05,4050283,260345581,101600,182500,739125,261084706
2021-01-06,6661610,263974556,0,69900,278901,264253457
2021-01-07,5650942,265568379,2000,71900,278972,265847351
2021-01-08,5218497,267424794,0,9900,38610,267463404
2021-01-11,3700263,266815600,20800,30700,116660,266932260
2021-01-12,2682410,266981895,0,30700,116967,267098862
2021-01-13,5603329,262820307,4700,28600,106678,262926985
2021-01-14,2699192,263291146,6800,19300,72568,263363714
2021-01-15,1442389,261888439,0,19300,73726,261962165
2021-01-18,2413962,262263986,0,12300,46986,262310972
2021-01-19,3176515,261586280,100,5600,21560,261607840
2021-01-20,2304592,262144321,6700,12200,46482,262190803
2021-01-21,3651899,262476946,1100,6600,25278,262502224
2021-01-22,1071964,259149840,4800,10300,38831,259188671
2021-01-25,2813044,258104976,0,5500,20350,258125326
2021-01-26,1661132,257791010,10000,15500,56885,257847895
2021-01-27,2245098,258011265,0,15500,57350,258068615
2021-01-28,1860013,258655490,1000,16500,60720,258716210
2021-01-29,1845071,256721372,0,6500,23595,256744967
2021-02-01,3947237,256581091,16000,22500,82125,256663216
2021-02-02,1105379,256022601,0,21500,78690,256101291
2021-02-03,1757199,255463300,0,21500,77400,255540700
2021-02-04,2778493,251670345,600,16100,56511,251726856
2021-02-05,1034753,249518892,10800,26300,91787,249610679
2021-02-08,2370390,250052906,0,26300,92050,250144956
2021-02-09,2707316,250242285,0,26300,92839,250335124
2021-02-10,489140,246887993,0,26300,93365,246981358
2021-02-18,1877225,246546167,0,26300,95206,246641373
2021-02-19,3207323,246711422,0,15500,57660,246769082
2021-02-22,5750383,247469519,14800,30300,113928,247583447
2021-02-23,1559032,245712453,0,30300,113625,245826078
2021-02-24,1826448,245971960,0,30300,113625,246085585
2021-02-25,3570380,247109275,0,30300,113625,247222900
2021-02-26,3228961,246301093,0,25500,95625,246396718
2021-03-01,3074922,246911289,0,25500,96135,247007424
2021-03-02,2434658,246988503,10800,27300,102375,247090878
2021-03-03,4642139,246086686,0,16500,62535,246149221
2021-03-04,4032986,246417389,0,16500,62370,246479759
2021-03-05,3097880,244995801,0,16500,63030,245058831
2021-03-08,3991973,243611764,15500,32000,121280,243733044
2021-03-09,4392852,241865609,1400,33400,124916,241990525
2021-03-10,2798711,243081017,0,33400,123914,243204931
2021-03-11,1742228,242153544,0,33400,124916,242278460
2021-03-12,2812837,241737863,600,23800,90202,241828065
2021-03-15,3095779,241783504,10000,33200,126824,241910328
2021-03-16,3022753,240998419,0,27700,106368,241104787
2021-03-17,3081219,241488525,0,27700,106368,241594893
2021-03-18,3052695,233220781,0,27700,105814,233326595
2021-03-19,5138315,235075334,0,26700,101727,235177061
2021-03-22,2621346,229995108,0,26700,102795,230097903
2021-03-23,3594335,228284687,0,26700,102795,228387482
2021-03-24,2308808,227614109,0,26700,103062,227717171
2021-03-25,8384617,231715045,0,26700,102261,231817306
2021-03-26,1350100,230382579,0,26700,102528,230485107
2021-03-29,2409142,231627132,0,26700,102528,231729660
2021-03-30,5009920,233851544,100,26800,100768,233952312
2021-03-31,1797868,233540219,0,26700,101193,233641412
2021-04-01,4459264,233360815,120100,146800,568116,233928931
2021-04-02,3838147,234009619,0,26700,102528,234112147
2021-04-06,1089794,232915390,0,26700,103329,233018719
2021-04-07,3486481,232697111,0,26700,104130,232801241
2021-04-08,2333494,231360836,0,26700,102528,231463364
2021-04-09,1709071,228909874,0,26700,104397,229014271
2021-04-12,6363046,227608245,800,27500,108625,227716870
2021-04-13,4393391,228983460,0,26700,104397,229087857
2021-04-14,4971763,226054175,10900,27600,112332,226166507
2021-04-15,2442859,225876883,0,26700,107334,225984217
2021-04-16,2571393,223038141,0,26700,107601,223145742
2021-04-19,6239329,224358916,0,26700,106800,224465716
2021-04-20,6447486,224994991,0,26700,106800,225101791
2021-04-21,3884736,225924372,0,26700,105465,226029837
2021-04-22,2097771,224960703,1300,28000,110040,225070743
2021-04-23,2808946,226940804,2900,29600,115144,227055948
2021-04-26,2049622,227454010,0,28600,110110,227564120
2021-04-27,2629535,227771686,0,17600,67584,227839270
2021-04-28,3229825,227395858,0,10700,41302,227437160
2021-04-29,4658208,225936818,16800,27500,109175,226045993
2021-04-30,4047270,225942340,1300,12000,47160,225989500
2021-05-06,2025471,225434497,26900,37600,148896,225583393
2021-05-07,4019123,224660967,0,20800,83200,224744167
2021-05-10,8729876,228191523,70000,90800,375004,228566527
2021-05-11,17152874,229089223,68300,159100,692085,229781308
2021-05-12,19341339,233276620,2000,116800,504576,233781196
2021-05-13,9348379,230979585,0,69800,295254,231274839
2021-05-14,4875307,230074628,1000,26800,112560,230187188
2021-05-17,5815767,231001232,0,21800,90470,231091702
2021-05-18,2325269,229004730,0,21800,90688,229095418
2021-05-19,2109416,227710020,0,21800,90252,227800272
2021-05-20,4564285,227916429,0,21800,89816,228006245
2021-05-21,2098487,226068766,0,21800,90470,226159236
2021-05-24,3339737,226407667,2700,24500,102165,226509832
2021-05-25,5952030,228695607,0,21800,90470,228786077
2021-05-26,14515887,236436168,20000,41800,178068,236614236
2021-05-27,6104686,229885543,0,21800,91778,229977321
2021-05-28,3484541,229050642,0,21800,90252,229140894
2021-05-31,3128451,229563350,22000,43800,183960,229747310
2021-06-01,2735535,230453453,0,43000,180600,230634053
2021-06-02,2286357,226374063,0,21000,87990,226462053
2021-06-03,3299165,225219844,0,21000,87570,225307414
2021-06-04,8004120,225845630,0,21000,86520,225932150
2021-06-07,2230434,223844305,0,21000,88200,223932505
2021-06-08,4039730,224512090,0,21000,87990,224600080
2021-06-09,2317496,224809237,1500,22500,94275,224903512
2021-06-10,2255561,222012632,0,21000,88200,222100832
2021-06-11,8217825,225521700,0,21000,87780,225609480
2021-06-15,3312156,225549405,0,21000,86520,225635925
2021-06-16,2031969,224877291,0,21000,86520,224963811
2021-06-17,2791875,223385897,0,20000,81200,223467097
2021-06-18,1643099,224100679,9300,28300,115181,224215860
2021-06-21,2249379,224299682,0,26100,105966,224405648
2021-06-22,2084990,224729125,0,26100,107010,224836135
2021-06-23,812518,224211838,0,26100,106749,224318587
2021-06-24,1806103,225113474,2000,28100,114086,225227560
2021-06-25,1500952,225179708,0,26100,107271,225286979
2021-06-28,3371942,225135378,600,26700,109470,225244848
2021-06-29,1133592,224884138,0,26100,106749,224990887
2021-06-30,1840813,223092819,0,16800,68376,223161195
2021-07-01,1966942,222800030,0,16800,67536,222867566
2021-07-02,2957311,223274009,0,16800,67368,223341377
2021-07-05,2452036,222754752,5200,22000,88220,222842972
2021-07-06,1031675,221316479,0,16800,67536,221384015
2021-07-07,2671702,222493873,0,16800,67536,222561409
2021-07-08,4370758,224385516,20800,37600,148144,224533660
2021-07-09,1139850,222751179,0,37600,147768,222898947
2021-07-12,3204413,222319745,0,37600,147768,222467513
2021-07-13,5061665,224764547,0,37600,147016,224911563
2021-07-14,2586722,222462289,0,37600,146264,222608553
2021-07-15,1926946,222993868,0,37600,147392,223141260
2021-07-16,830228,222136426,0,30900,120819,222257245
2021-07-19,2293995,220357063,7300,38200,150890,220507953
2021-07-20,935041,220826190,1300,38900,153655,220979845
2021-07-21,2541588,220916487,0,37600,149272,221065759
2021-07-22,2732366,221633642,17100,54700,217159,221850801
2021-07-23,2142831,221553623,0,52800,207504,221761127
2021-07-26,6003420,223354146,0,52800,202224,223556370
2021-07-27,2710867,223781388,1000,53800,203364,223984752
2021-07-28,2199637,222563270,0,53800,200136,222763406
2021-07-29,2666784,223991904,4400,58200,218250,224210154
2021-07-30,1576010,223633457,600,58800,217560,223851017
2021-08-02,1374486,222226440,0,58800,222852,222449292
2021-08-03,1261371,222339014,0,58800,222264,222561278
2021-08-04,526727,221252796,0,58800,224028,221476824
2021-08-05,1564474,220654824,0,58800,223440,220878264
2021-08-06,2552667,221586741,0,38000,144020,221730761
2021-08-09,1714784,221272481,10000,48000,183840,221456321
2021-08-10,5832467,221670182,0,48000,186240,221856422
2021-08-11,3912894,219858796,14500,62500,246250,220105046
2021-08-12,1794610,220250221,0,50800,200660,220450881
2021-08-13,1589015,218828009,0,49800,197208,219025217
2021-08-16,2610346,220018505,3000,52800,209088,220227593
2021-08-17,2555141,218001445,0,38600,149382,218150827
2021-08-18,2165566,217680706,0,38600,151698,217832404
2021-08-19,1571362,217875518,20200,58200,229890,218105408
2021-08-20,6087019,221569988,0,38000,148580,221718568
2021-08-23,3620684,221812033,0,38000,148960,221960993
2021-08-24,3146343,223190641,0,38000,149340,223339981
2021-08-25,9704645,228037097,600,38600,155172,228192269
2021-08-26,5723400,229713671,0,38600,155172,229868843
2021-08-27,4313598,228833611,0,38600,154014,228987625
2021-08-30,4991147,231964663,3000,41600,165984,232130647
2021-08-31,1688840,226209261,0,41600,168064,226377325
2021-09-01,4431735,225407478,0,41000,165230,225572708
2021-09-02,5679957,223397765,12000,53000,216770,223614535
2021-09-03,3373756,215046762,3000,46000,187680,215234442
2021-09-06,2408255,213730402,15800,51700,213521,213943923
2021-09-07,4661519,215521039,0,51700,214555,215735594
2021-09-08,8219118,218865614,19900,68600,288806,219154420
2021-09-09,4983265,219022526,0,68600,289492,219312018
2021-09-10,7171302,220181138,0,68600,288806,220469944
2021-09-13,3503928,218107540,0,67800,287472,218395012
2021-09-14,4428830,217515091,21400,89200,371072,217886163
2021-09-15,3301924,216195171,2900,82100,346462,216541633
2021-09-16,4827939,214704890,4700,86800,362824,215067714
2021-09-17,3550247,214554289,0,77800,322092,214876381
2021-09-22,5142273,208042449,0,77800,322870,208365319
2021-09-23,7014696,203026539,0,57900,247812,203274351
2021-09-24,7330185,207153035,0,47900,200701,207353736
2021-09-27,5141904,209681256,100,32200,131376,209812632
2021-09-28,2750416,208169816,8200,40400,166044,208335860
2021-09-29,4136901,210915226,0,38400,153600,211068826
2021-09-30,3645621,211801405,0,38400,155520,211956925
2021-10-08,3518361,209856611,3000,40100,168019,210024630
2021-10-11,6060501,209920749,5800,45900,194616,210115365
2021-10-12,1237024,208602124,0,41100,173031,208775155
2021-10-13,5191150,210414025,144600,184700,766505,211180530
2021-10-14,13449472,197659098,368100,552800,2526296,200185394
2021-10-15,19004422,203893526,114900,611100,2719395,206612921
2021-10-18,13381411,209757918,336500,944600,4231808,213989726
2021-10-19,12067429,213684727,253000,1197600,5341296,219026023
2021-10-20,7179543,211867338,22600,1180200,5358108,217225446
2021-10-21,8606562,213759086,300,550600,2499724,216258810
2021-10-22,26515797,219476349,52300,602900,2851717,222328066
2021-10-25,20983755,226856753,5700,566200,2644154,229500907
2021-10-26,16088140,226094871,4300,560600,2517094,228611965
2021-10-27,9631188,226194308,0,560600,2472246,228666554
2021-10-28,9573212,227772188,3000,61900,277312,228049500
2021-10-29,11631438,226983526,36100,93000,425010,227408536
2021-11-01,13380101,227084532,11000,103000,481010,227565542
2021-11-02,16970242,233704849,19600,112600,501070,234205919
2021-11-03,7578999,232781417,90900,193500,878490,233659907
2021-11-04,8350405,232306632,0,47900,214592,232521224
2021-11-05,4547674,228850070,0,47900,211718,229061788
2021-11-08,3760141,228555968,2900,50800,225552,228781520
2021-11-09,10809109,221764060,5000,55000,236500,222000560
2021-11-10,4198912,220253749,249300,289100,1240239,221493988
2021-11-11,6932456,220274051,9500,295300,1290461,221564512
2021-11-12,2893917,218572165,2500,297800,1298408,219870573
2021-11-15,4519558,217106161,0,274700,1216921,218323082
2021-11-16,3207068,209733262,246500,521200,2538244,212271506
2021-11-17,29614391,224643698,30700,540900,2617956,227261654
2021-11-18,25878932,229903111,1000,537700,2629353,232532464
2021-11-19,11416150,231687264,0,470900,2241484,233928748
2021-11-22,8901373,233158199,17800,477900,2274804,235433003
2021-11-23,10957808,236417314,0,464100,2204475,238621789
2021-11-24,18486498,244560442,330500,730900,3457157,248017599
2021-11-25,11888978,239444302,2800,684300,3161466,242605768
2021-11-26,14581975,244980094,34100,660900,3046749,248026843
2021-11-29,13454309,245086022,98500,758600,3375770,248461792
2021-11-30,7452705,243388426,0,747200,3369872,246758298
2021-12-01,8046599,244675985,0,625100,2844205,247520190
2021-12-02,9835599,242956332,126267,750367,3346637,246302969
2021-12-03,6493670,243126494,11600,761967,3436471,246562965
2021-12-06,9394198,245975109,49400,501067,2264823,248239932
2021-12-07,8976292,245773276,100,428567,1949980,247723256
2021-12-08,8424216,247393577,14200,390267,1775715,249169292
2021-12-09,6959633,245341600,23500,413767,1924017,247265617
2021-12-10,11896449,247415155,0,413767,1932292,249347447
2021-12-13,10906803,247720615,0,413667,1907005,249627620
2021-12-14,8684813,249326243,200,393067,1788455,251114698
2021-12-15,3286344,248142925,0,381567,1736130,249879055
2021-12-16,6670286,250547419,1300,382867,1753531,252300950
2021-12-17,10907858,252113716,28300,411167,1895480,254009196
2021-12-20,15831167,253772613,5400,276400,1293552,255066165
2021-12-21,16030614,251524431,152000,428400,2056320,253580751
2021-12-22,9535923,246132019,29900,437900,2080025,248212044
2021-12-23,13728982,252744590,19500,427500,2034900,254779490
2021-12-24,14466117,250558021,10000,417900,2026815,252584836
2021-12-27,11908852,250357597,0,412900,2006694,252364291
2021-12-28,5979001,247493366,61300,459400,2200526,249693892
2021-12-29,5270790,247370978,15300,469700,2254560,249625538
2021-12-30,6179434,246070401,10500,359600,1718888,247789289
2021-12-31,12144059,239690767,20600,351800,1723820,241414587
2022-01-04,17285026,243785109,82200,418200,2099364,245884473
2022-01-05,12449249,246271575,6300,424500,2101275,248372850
2022-01-06,9351659,245653953,10800,330500,1626060,247280013
2022-01-07,11428994,242510294,500,267000,1292280,243802574
2022-01-10,5993663,237504247,0,253300,1233571,238737818
2022-01-11,7992712,232722455,400,253700,1235519,233957974
2022-01-12,8476264,233364003,0,250900,1214356,234578359
2022-01-13,7272293,235673145,0,244200,1174602,236847747
2022-01-14,10494872,238254794,0,234600,1107312,239362106
2022-01-17,4442483,223189207,22000,256600,1236812,224426019
2022-01-18,5841696,221383399,8400,252200,1205516,222588915
2022-01-19,5840940,216616269,10000,262200,1290024,217906293
2022-01-20,12017529,217585190,0,245500,1173490,218758680
2022-01-21,5863008,218976601,8000,253200,1187508,220164109
2022-01-24,2555878,215747476,6400,39400,187150,215934626
2022-01-25,15652963,224391317,4800,37900,169034,224560351
2022-01-26,4231035,222766461,12600,46300,208813,222975274
2022-01-27,8936956,224326170,7000,25500,112200,224438370
2022-01-28,4036970,218089638,4900,20500,91020,218180658
2022-02-07,2282539,214585836,14500,35000,158550,214744386
2022-02-08,4287849,210505178,400,35300,163439,210668617
2022-02-09,2052898,208292200,10000,43200,200880,208493080
2022-02-10,3510699,209126737,28000,71200,331792,209458529
2022-02-11,8657761,212953306,1000,61100,289003,213242309
2022-02-14,7262872,213407721,10000,62900,289969,213697690
2022-02-15,3311097,214142298,31000,93900,431001,214573299
2022-02-16,4023668,213637138,500,94400,446512,214083650
2022-02-17,5327040,213762152,0,94400,443680,214205832
