日期,融资买入额(元),融资余额(元),融券卖出量,融券余量,融券余额(元),融资融券余额(元)
2017-07-12,32923257,1223371880,34200,140980,1426717,1224798597
2017-07-13,18182500,1222694078,29000,159880,1625979,1224320057
2017-07-14,16587297,1212689336,81100,206580,2102985,1214792321
2017-07-17,32786771,1202935732,127318,195178,1922503,1204858235
2017-07-18,14674899,1202759588,26700,88360,871230,1203630818
2017-07-19,27558013,1195683074,126400,192780,1927800,1197610874
2017-07-20,27344681,1193802614,19520,118880,1194744,1194997358
2017-07-21,24719128,1192433185,77700,179660,1819956,1194253141
2017-07-24,24895158,1195422618,55000,158760,1605064,1197027682
2017-07-25,11707287,1190424028,9300,112060,1131806,1191555834
2017-07-26,15021869,1186383168,579359,687819,6953850,1193337018
2017-07-27,24379892,1193898253,41000,268839,2723339,1196621592
2017-07-28,57395956,1187975214,557500,724380,7562527,1195537741
2017-07-31,34075759,1191376229,4100,234200,2445048,1193821277
2017-08-01,75895646,1203163301,460900,574100,6108424,1209271725
2017-08-02,33734796,1196120623,41520,160220,1696730,1197817353
2017-08-03,43216267,1202546320,27800,175220,1874854,1204421174
2017-08-04,31097951,1173104064,51100,168720,1766498,1174870562
2017-08-07,35158202,1174716864,124900,251920,2675390,1177392254
2017-08-08,34008046,1180608693,111620,259540,2732956,1183341649
2017-08-09,25669462,1184858927,74600,211420,2211453,1187070380
2017-08-10,32855288,1194113522,22900,148620,1539703,1195653225
2017-08-11,25927234,1198794141,265620,381220,3957064,1202751205
2017-08-14,23778794,1199224273,2400,208320,2185277,1201409550
2017-08-15,25803365,1192285169,159700,257000,2731910,1195017079
2017-08-16,25727737,1190473943,15000,114300,1219581,1191693524
2017-08-17,69557544,1207413804,419740,527940,5728149,1213141953
2017-08-18,28128932,1204875690,6100,149300,1597510,1206473200
2017-08-21,32352182,1213329595,191300,334300,3546923,1216876518
2017-08-22,84245691,1222290625,636601,771501,8486511,1230777136
2017-08-23,52099053,1231054803,4500,220800,2386848,1233441651
2017-08-24,32737867,1228153117,129480,335180,3613240,1231766357
2017-08-25,26682045,1217762036,20900,275500,3000195,1220762231
2017-08-28,64134038,1209256069,72400,327570,3531205,1212787274
2017-08-29,37821261,1218890659,9600,242600,2578838,1221469497
2017-08-30,26345348,1220541713,40800,196200,2116998,1222658711
2017-08-31,32262509,1225103268,1000,146300,1547854,1226651122
2017-09-01,23440874,1219509279,37880,141880,1506766,1221016045
2017-09-04,30913735,1217878764,69100,173300,1843912,1219722676
2017-09-05,47953347,1223726287,179600,290400,3136320,1226862607
2017-09-06,65542355,1241266884,220200,351300,3801066,1245067950
2017-09-07,45075994,1232285384,46900,248700,2641194,1234926578
2017-09-08,21513464,1217004598,188600,383400,4044870,1221049468
2017-09-11,225027224,1308487203,770742,1000542,11206070,1319693273
2017-09-12,231641988,1320310574,266300,630470,7118006,1327428580
2017-09-13,85664392,1323371743,236600,726270,8221376,1331593119
2017-09-14,81032408,1330445019,22700,556270,6235787,1336680806
2017-09-15,96875308,1345522393,217400,605100,6867885,1352390278
2017-09-18,184229368,1372017516,796900,1145300,13503087,1385520603
2017-09-19,82891405,1363458820,70600,694000,8071220,1371530040
2017-09-20,125372493,1379515255,546240,1020040,11852865,1391368120
2017-09-21,91451770,1322238285,25100,444800,5039584,1327277869
2017-09-22,43141364,1315228938,265900,602500,6886575,1322115513
2017-09-25,35745360,1290288355,55100,335000,3819000,1294107355
2017-09-26,73725839,1297460459,183460,465110,5418532,1302878991
2017-09-27,90946365,1314252140,216500,520140,5997214,1320249354
2017-09-28,212456634,1387575208,699826,1052366,12775723,1400350931
2017-09-29,135433629,1355489026,114000,508480,6152608,1361641634
2017-10-09,209928684,1425422500,587868,875598,10778612,1436201112
2017-10-10,137109561,1424445183,184800,732570,9047240,1433492423
2017-10-11,103440081,1412780221,111100,628250,7476175,1420256396
2017-10-12,62154897,1398152208,76900,643850,7674692,1405826900
2017-10-13,43270988,1378690418,10000,561100,6710756,1385401174
2017-10-16,67066491,1374701844,32000,422000,4844560,1379546404
2017-10-17,38065522,1368475179,84800,355700,4094107,1372569286
2017-10-18,48193450,1362803671,102100,370000,4310500,1367114171
2017-10-19,44916591,1345710694,21400,280700,3149454,1348860148
2017-10-20,29585836,1334166665,70500,303700,3465217,1337631882
2017-10-23,68761637,1364778483,265300,415500,4832265,1369610748
2017-10-24,61277631,1367769322,245700,303300,3609270,1371378592
2017-10-25,55260434,1363616190,81300,183300,2162940,1365779130
2017-10-26,95810528,1375814450,131900,232100,2692360,1378506810
2017-10-27,89646065,1367545582,677340,772740,9195606,1376741188
2017-10-30,83633277,1379416699,40400,200020,2242224,1381658923
2017-10-31,40625536,1374993442,9100,159700,1818983,1376812425
2017-11-01,27269428,1371060380,18800,133800,1525320,1372585700
2017-11-02,22755563,1352427976,210900,326000,3735960,1356163936
2017-11-03,31713056,1350283905,92600,213100,2427209,1352711114
2017-11-06,27281543,1350052793,16100,202800,2332200,1352384993
2017-11-07,38261173,1347814441,45980,183580,2109334,1349923775
2017-11-08,59487390,1346981787,202300,323200,3781440,1350763227
2017-11-09,40056097,1349790018,5400,167300,1957410,1351747428
2017-11-10,72200968,1349858842,58400,195100,2302180,1352161022
2017-11-13,84506239,1377320387,179283,313783,3677536,1380997923
2017-11-14,58475901,1347061228,66120,343003,3910234,1350971462
2017-11-15,43348521,1314145584,52000,145883,1632430,1315778014
2017-11-16,28727556,1316304042,1200,119100,1310100,1317614142
2017-11-17,90673442,1323268107,583280,682380,7622185,1330890292
2017-11-20,53413962,1329123427,23415,214215,2345654,1331469081
2017-11-21,37368454,1313315333,23700,166400,1805440,1315120773
2017-11-22,60056126,1309408562,30600,127700,1328080,1310736642
2017-11-23,37075613,1288699883,88900,146800,1468000,1290167883
2017-11-24,12311529,1277685089,52800,147500,1489750,1279174839
2017-11-27,9062371,1268210130,48000,165000,1666500,1269876630
2017-11-28,12957912,1269417876,13900,141600,1428744,1270846620
2017-11-29,26454889,1269025468,19600,122700,1213503,1270238971
2017-11-30,13147346,1262363232,12000,99000,980100,1263343332
2017-12-01,15059124,1260529790,1000,99000,980100,1261509890
2017-12-04,22534795,1254136919,29500,125900,1208640,1255345559
2017-12-05,24378167,1241138233,113900,191500,1863295,1243001528
2017-12-06,12869220,1238802873,6800,107400,1043928,1239846801
2017-12-07,9299516,1238100653,1800,108200,1034392,1239135045
2017-12-08,12823409,1233681520,15700,106900,1024102,1234705622
2017-12-11,12524798,1232669240,163900,270800,2634884,1235304124
2017-12-12,10138086,1234177353,28000,180700,1745562,1235922915
2017-12-13,18791975,1240751810,104500,249600,2441088,1243192898
2017-12-14,17148483,1238280990,29400,194300,1913855,1240194845
2017-12-15,25898193,1240001186,71200,217900,2080945,1242082131
2017-12-18,15994961,1233912462,47600,218800,2058908,1235971370
2017-12-19,9637100,1228837636,2000,213600,2009976,1230847612
2017-12-20,12801981,1227419060,22400,224400,2048772,1229467832
2017-12-21,8945391,1224052749,12800,114900,1055931,1225108680
2017-12-22,5939850,1221617919,0,114900,1055931,1222673850
2017-12-25,12676184,1220749291,54600,169500,1518720,1222268011
2017-12-26,8647988,1218660828,6500,115700,1051713,1219712541
2017-12-27,31281785,1228458793,299300,414100,3863553,1232322346
2017-12-28,15930363,1229873693,0,184800,1707552,1231581245
2017-12-29,222499012,1385620259,806060,925160,9390374,1395010633
2018-01-02,53401634,1389337418,99900,370204,3746464,1393083882
2018-01-03,33560761,1383597378,207000,423404,4267912,1387865290
2018-01-04,29341422,1386524136,75200,252300,2540661,1389064797
2018-01-05,24883530,1392297618,18400,215500,2144225,1394441843
2018-01-08,32664876,1396579885,86320,222720,2236109,1398815994
2018-01-09,58129718,1410826975,605600,744000,7618560,1418445535
2018-01-10,30744410,1406882771,44500,324000,3272400,1410155171
2018-01-11,32891808,1412071811,181400,452700,4536054,1416607865
2018-01-12,26368393,1413173795,263700,415320,4173966,1417347761
2018-01-15,28344564,1413217385,73200,221320,2135738,1415353123
2018-01-16,9814195,1414588011,65500,213820,2074054,1416662065
2018-01-17,39076700,1428934553,118700,312520,3122075,1432056628
2018-01-18,26385856,1439748111,29200,230520,2286758,1442034869
2018-01-19,22757126,1442044494,45200,234520,2317058,1444361552
2018-01-22,14849807,1437592052,331548,480868,4794254,1442386306
2018-01-23,12588946,1434749643,0,99320,989227,1435738870
2018-01-24,28596171,1443842823,29900,129220,1272817,1445115640
2018-01-25,26685340,1436010271,14976,85096,833941,1436844212
2018-01-26,18131349,1425749594,9600,75520,724237,1426473831
2018-01-29,14143589,1412795757,28700,94620,879966,1413675723
2018-01-30,8643494,1411868763,46100,140720,1317139,1413185902
2018-01-31,9090403,1386739207,19000,135320,1235472,1387974679
2018-02-01,12869683,1380423835,49280,158600,1449604,1381873439
2018-02-02,8697883,1380358749,23000,113520,1037573,1381396322
2018-02-05,5860708,1375696077,3300,106020,961601,1376657678
2018-02-06,12255981,1357303952,81820,162540,1461235,1358765187
2018-02-07,8547949,1352844141,28200,128620,1153721,1353997862
2018-02-08,6476173,1351164658,90700,178320,1613796,1352778454
2018-02-09,13497049,1334226248,188499,325019,2762662,1336988910
2018-02-12,7651351,1333280516,135500,237220,2035348,1335315864
2018-02-13,7532399,1321097664,15700,236920,2001974,1323099638
2018-02-14,5397956,1312894333,3600,139300,1185443,1314079776
2018-02-22,9554285,1313984059,93000,197100,1718712,1315702771
2018-02-23,5428325,1311264101,57000,161100,1409625,1312673726
2018-02-26,8905317,1307829224,800,61556,547848,1308377072
2018-02-27,11975661,1307384282,66200,127656,1136138,1308520420
2018-02-28,11118176,1306013257,30900,103256,918978,1306932235
2018-03-01,13166196,1308338680,37200,128656,1138606,1309477286
2018-03-02,23470556,1309146562,305100,358556,3244932,1312391494
2018-03-05,15650518,1307820391,114900,196756,1784577,1309604968
2018-03-06,10666377,1303632359,0,101656,923036,1304555395
2018-03-07,14127509,1308200984,40000,141656,1267821,1309468805
2018-03-08,7710900,1305683048,6300,147956,1322727,1307005775
2018-03-09,12669165,1301384924,128100,192956,1740463,1303125387
2018-03-12,25199269,1310539599,194080,294036,2690429,1313230028
2018-03-13,27537814,1312446363,311960,423616,3905739,1316352102
2018-03-14,13449909,1315500121,89100,201356,1834353,1317334474
2018-03-15,12840743,1310919815,247300,324256,2931274,1313851089
2018-03-16,11198820,1301347285,93600,222356,1987863,1303335148
2018-03-19,8187519,1299967264,57000,165756,1488489,1301455753
2018-03-20,12112356,1298356223,1600,96156,848096,1299204319
2018-03-21,10673229,1289217522,108400,204556,1783728,1291001250
2018-03-22,7401858,1286402797,11200,132256,1141369,1287544166
2018-03-23,16065996,1272443587,208407,320363,2719882,1275163469
2018-03-26,9356407,1273512831,195706,314769,2644059,1276156890
2018-03-27,10712574,1270867879,1000,237563,2021661,1272889540
2018-03-28,6827935,1266248904,67600,305163,2554214,1268803118
2018-03-29,8364448,1270091537,2000,257263,2155864,1272247401
2018-03-30,24693193,1270590270,541400,710663,6189875,1276780145
2018-04-02,32154806,1280289306,170900,460363,4097231,1284386537
2018-04-03,12988263,1277594895,20200,230863,2020051,1279614946
2018-04-04,12255743,1275918802,73180,228343,1982017,1277900819
2018-04-09,9694289,1273121044,43000,198163,1706183,1274827227
2018-04-10,9706315,1273031142,192688,363751,3142809,1276173951
2018-04-11,7914003,1269712850,11018,160081,1392704,1271105554
2018-04-12,7105063,1270915599,12400,159563,1373837,1272289436
2018-04-13,6619411,1271467765,53100,202063,1727639,1273195404
2018-04-16,7756521,1269544397,21700,185463,1557889,1271102286
2018-04-17,6283272,1266309126,1100,173563,1438837,1267747963
2018-04-18,11019402,1256859305,38000,200863,1677206,1258536511
2018-04-19,8434859,1256303089,2000,164863,1363417,1257666506
2018-04-20,6445065,1256220306,22200,186863,1528539,1257748845
2018-04-23,5975288,1252627965,85200,260863,2131251,1254759216
2018-04-24,9200079,1255937333,17800,212963,1773982,1257711315
2018-04-25,3872530,1254052832,0,195163,1619853,1255672685
2018-04-26,3132638,1250095533,16500,211607,1735177,1251830710
2018-04-27,4023418,1246439321,0,107707,879966,1247319287
2018-05-02,4744019,1247091864,0,77207,640046,1247731910
2018-05-03,7974683,1245387574,0,74607,622968,1246010542
2018-05-04,6109961,1243662929,1800,76407,637234,1244300163
2018-05-07,8897237,1241492879,0,74607,630429,1242123308
2018-05-08,10386466,1242359568,0,73407,622491,1242982059
2018-05-09,6560930,1238582292,86800,160207,1321708,1239904000
2018-05-10,13824807,1241366538,320100,395307,3308720,1244675258
2018-05-11,10970965,1239996560,46760,122467,1022599,1241019159
2018-05-14,7263295,1233919262,0,75507,622178,1234541440
2018-05-15,33002416,1239214269,856800,892307,7700608,1246914877
2018-05-16,12439858,1234960679,1300,212607,1819916,1236780595
2018-05-17,11517463,1238162044,54400,238907,2030710,1240192754
2018-05-18,11006326,1236350565,0,93707,797447,1237148012
2018-05-21,16225850,1233329289,57400,151107,1294987,1234624276
2018-05-22,17838852,1238571933,0,151107,1287432,1239859365
2018-05-23,17922424,1240775990,204600,317707,2716395,1243492385
2018-05-24,11118957,1236615914,30000,203307,1689481,1238305395
2018-05-25,8993991,1231869003,70000,173707,1438294,1233307297
2018-05-28,8352590,1231417781,12200,115907,948119,1232365900
2018-05-29,6712143,1234117150,17200,92507,751157,1234868307
2018-05-30,17364411,1242644442,81000,172007,1377776,1244022218
2018-05-31,5609451,1239942604,31600,124607,1004332,1240946936
2018-06-01,5045133,1234842327,12400,90507,724961,1235567288
2018-06-04,8776754,1232212971,0,90107,712746,1232925717
2018-06-05,4444219,1229848734,17300,107407,856034,1230704768
2018-06-06,8616276,1228309896,392200,487107,3935825,1232245721
2018-06-07,8254744,1211009459,0,135807,1086456,1212095915
2018-06-08,4232275,1210387888,0,76507,601345,1210989233
2018-06-11,1155138,1207881203,18400,92007,725935,1208607138
2018-06-12,4674365,1208454480,108900,199807,1574479,1210028959
2018-06-13,5994693,1198032551,143200,257107,1977153,1200009704
2018-06-14,6446652,1193950902,17300,137007,1031663,1194982565
2018-06-15,7250632,1181480137,50600,155207,1119042,1182599179
2018-06-19,9196876,1157019586,155400,222407,1494575,1158514161
2018-06-20,5985892,1151573292,109127,186634,1267245,1152840537
2018-06-21,4569899,1139743332,93094,216028,1399861,1141143193
2018-06-22,8909764,1137822518,107900,322428,2140921,1139963439
2018-06-25,4281730,1136475470,43680,333908,2207131,1138682601
2018-06-26,5645486,1136917350,100300,277734,1858041,1138775391
2018-06-27,3920278,1133970881,9900,195584,1306501,1135277382
2018-06-28,4321511,1132043378,0,179384,1185728,1133229106
2018-06-29,9651227,1132300910,249300,420184,2857252,1135158162
2018-07-02,9864404,1130925982,15700,254684,1696196,1132622178
2018-07-03,7451421,1131268399,41800,223184,1513187,1132781586
2018-07-04,3295322,1121037552,0,184984,1220894,1122258446
2018-07-05,5148363,1111487162,37500,210684,1365232,1112852394
2018-07-06,5188418,1106732541,38800,145484,944191,1107676732
2018-07-09,4074634,1105208332,157000,302484,2014544,1107222876
2018-07-10,6959838,1106686232,0,142269,948934,1107635166
2018-07-11,4702296,1103910014,239520,347489,2248253,1106158267
2018-07-12,15022386,1111641350,112000,227069,1528175,1113169525
2018-07-13,18757748,1112485494,431100,561169,3860843,1116346337
2018-07-16,9088043,1115150001,21200,226269,1538630,1116688631
2018-07-17,6493044,1114399548,150800,275669,1869035,1116268583
2018-07-18,9076683,1113627996,105260,230929,1537987,1115165983
2018-07-19,9135927,1113489981,54500,225429,1490084,1114980065
2018-07-20,6141440,1110433177,33600,159529,1070439,1111503616
2018-07-23,8298193,1109370905,20500,153029,1031415,1110402320
2018-07-24,16296850,1113557425,120120,244949,1692597,1115250022
2018-07-25,8725038,1111776771,71100,194929,1337212,1113113983
2018-07-26,12989514,1115364847,224900,296702,2044276,1117409123
2018-07-27,4055861,1114853483,200,67302,459672,1115313155
2018-07-30,4392408,1115077702,49091,107393,721681,1115799383
2018-07-31,2299348,1113281897,6600,83093,559215,1113841112
2018-08-01,4421040,1110420032,12800,95893,632894,1111052926
2018-08-02,6945945,1105015380,123992,185794,1174217,1106189597
2018-08-03,3389530,1100993925,80200,172067,1085742,1102079667
2018-08-06,5047691,1089924436,7700,128267,781146,1090705582
2018-08-07,6124734,1089240571,39400,123942,778356,1090018927
2018-08-08,3024464,1082688203,61800,166042,1032782,1083720985
2018-08-09,5206266,1080142737,12500,138842,880258,1081022995
2018-08-10,5127686,1079814387,32600,159442,1020429,1080834816
2018-08-13,4010818,1080058057,6300,125642,796570,1080854627
2018-08-14,1763429,1076815615,0,93242,594884,1077410499
2018-08-15,3506727,1075865515,820,88562,549084,1076414599
2018-08-16,1942045,1073875614,54800,141127,869342,1074744956
2018-08-17,1668095,1071720663,62902,189529,1150440,1072871103
2018-08-20,4165397,1067175135,26000,148827,907845,1068082980
2018-08-21,3723712,1066283804,46600,170507,1053733,1067337537
2018-08-22,2189158,1063836797,37200,161107,979531,1064816328
2018-08-23,1678545,1063013722,24000,175107,1071655,1064085377
2018-08-24,1325991,1061812032,10800,163107,994953,1062806985
2018-08-27,5981545,1063108883,1100,129807,802207,1063911090
2018-08-28,3157865,1061283855,40200,170007,1055743,1062339598
2018-08-29,1867072,1061786230,20000,99407,614335,1062400565
2018-08-30,2123428,1060523573,9100,104307,632100,1061155673
2018-08-31,3855887,1059226351,19632,116839,712718,1059939069
2018-09-03,3313003,1059207209,75300,188039,1137636,1060344845
2018-09-04,1335307,1057821125,14720,158427,960067,1058781192
2018-09-05,3185734,1052164862,43400,159707,947063,1053111925
2018-09-06,4791289,1051512174,41300,158307,938761,1052450935
2018-09-07,2289913,1048964025,45283,144190,855047,1049819072
2018-09-10,2379938,1040326921,400,139290,799524,1041126445
2018-09-11,2276364,1037793985,8900,124190,706641,1038500626
2018-09-12,1788406,1036864808,64140,135147,773041,1037637849
2018-09-13,1829164,1035667166,24900,95907,553383,1036220549
2018-09-14,6445681,1036104121,192100,262707,1542090,1037646211
2018-09-17,3690357,1032650641,68640,154947,873901,1033524542
2018-09-18,1636958,1029395263,101700,202197,1174765,1030570028
2018-09-19,3684971,1030387007,82200,248497,1458678,1031845685
2018-09-20,2467094,1028792440,3300,194457,1131740,1029924180
2018-09-21,3709637,1026816411,137400,257737,1528381,1028344792
2018-09-25,1781872,1023104714,900,148337,882606,1023987320
2018-09-26,3348954,1022973506,18580,153017,915042,1023888548
2018-09-27,3551070,1022547441,0,126837,749606,1023297047
2018-09-28,2329422,1017672097,15900,133537,795881,1018467978
2018-10-08,2940202,1017896832,75297,192434,1112268,1019009100
2018-10-09,3040099,1015163957,1900,180369,1029907,1016193864
2018-10-10,1591886,1014432298,5600,168469,972066,1015404364
2018-10-11,10988325,994835545,185021,293990,1525807,996361352
2018-10-12,5609603,971622099,106100,258670,1272656,972894755
2018-10-15,1733264,964884106,203720,368390,1768272,966652378
2018-10-16,2649978,957287183,99000,443890,2019700,959306883
2018-10-17,637657,946694723,29200,346350,1620918,948315641
2018-10-18,2880009,941291193,84600,236250,1096200,942387393
2018-10-19,2394305,919025391,175900,397250,1890910,920916301
2018-10-22,4689898,879099840,79800,389450,1939461,881039301
2018-10-23,1479529,876416568,87900,430850,2128399,878544967
2018-10-24,1899695,875334850,15460,359843,1777625,877112475
2018-10-25,2816271,872870534,46800,390743,1914640,874785174
2018-10-26,3956807,868941142,58600,360743,1800108,870741250
2018-10-29,1082896,864669561,45900,348043,1712371,866381932
2018-10-30,1581017,864373760,53500,239543,1192924,865566684
2018-10-31,2615705,863290573,48000,205063,1025315,864315888
2018-11-01,8504302,868150604,85800,287863,1450829,869601433
2018-11-02,18255949,866105983,688304,893767,4951469,871057452
2018-11-05,32977035,882159424,101800,623463,3460220,885619644
2018-11-06,12080848,880858304,124800,621463,3380759,884239063
2018-11-07,8705134,875823374,48500,553863,2974245,878797619
2018-11-08,11540777,878881631,226500,736763,4015358,882896989
2018-11-09,6781129,878852635,28979,542342,2874413,881727048
2018-11-12,11820613,884568521,107300,633642,3428003,887996524
2018-11-13,19480118,888473788,41900,554842,3034985,891508773
2018-11-14,11554366,887935933,91900,553142,3020155,890956088
2018-11-15,13793478,889983764,51780,503087,2782071,892765835
2018-11-16,13054233,884058918,93300,451187,2526647,886585565
2018-11-19,31474693,879017945,574400,919082,5523683,884541628
2018-11-20,22922923,884594608,59700,468582,2699032,887293640
2018-11-21,9384888,885115176,44600,435482,2521441,887636617
2018-11-22,6197352,883482970,253300,686482,3961001,887443971
2018-11-23,9314736,877959543,32200,443582,2439702,880399245
2018-11-26,4538117,875155742,45900,457682,2476060,877631802
2018-11-27,3334156,875574045,57700,434182,2374975,877949020
2018-11-28,6245268,876118235,134200,491582,2752859,878871094
2018-11-29,4098617,872124653,49860,482222,2613643,874738296
2018-11-30,4639580,869893422,15200,409552,2248440,872141862
2018-12-03,19176523,878976722,206200,595111,3392133,882368855
2018-12-04,10948370,872655132,129000,579011,3352474,876007606
2018-12-05,5338411,871366175,43600,475211,2708703,874074878
2018-12-06,4338983,870032163,32800,446611,2492089,872524252
2018-12-07,4878491,868620791,36000,396511,2200636,870821427
2018-12-10,3980899,864828225,46900,386611,2145691,866973916
2018-12-11,2602645,863495765,19400,321011,1791241,865287006
2018-12-12,7671958,863242533,21700,331211,1881279,865123812
2018-12-13,8882443,863294449,23800,340911,1943193,865237642
2018-12-14,5212504,860276635,25000,334511,1839811,862116446
2018-12-17,6310417,851773098,11400,320911,1800310,853573408
2018-12-18,3008165,848296509,20500,328511,1856088,850152597
2018-12-19,3504540,848831615,9800,325411,1793015,850624630
2018-12-20,3108896,850107599,14500,330111,1799105,851906704
2018-12-21,6709602,851059413,37600,318711,1705103,852764516
2018-12-24,1568260,842134345,0,287111,1544658,843679003
2018-12-25,5964690,840288412,20000,271411,1411337,841699749
2018-12-26,3562347,840119530,53600,317611,1645225,841764755
2018-12-27,3196936,841396047,3200,199911,1025544,842421591
2018-12-28,2167102,840160760,8400,185851,951557,841112317
2019-01-02,3548628,842016676,4600,159051,815932,842832608
2019-01-03,2016847,841759579,84500,237951,1211171,842970750
2019-01-04,2687488,840743032,20000,206851,1081831,841824863
2019-01-07,6706327,843117798,36000,207451,1099490,844217288
2019-01-08,3414464,842566669,0,164151,865076,843431745
2019-01-09,8733546,843122479,145224,305975,1661444,844783923
2019-01-10,4041654,839394512,73460,238935,1302196,840696708
2019-01-11,2713542,834039344,109042,310277,1734448,835773792
2019-01-14,5071276,835928936,16700,227611,1260965,837189901
2019-01-15,3815894,831854421,95700,314911,1760352,833614773
2019-01-16,1490382,830267191,7000,316711,1764080,832031271
2019-01-17,2568982,828655320,23300,326911,1804549,830459869
2019-01-18,3390031,826923741,25000,334711,1867687,828791428
2019-01-21,2490670,825893432,0,309311,1713583,827607015
2019-01-22,4916309,826423911,24500,238211,1310161,827734072
2019-01-23,5040082,828292531,59900,282511,1545335,829837866
2019-01-24,2754153,823868199,88600,346311,1922026,825790225
2019-01-25,6935654,823840220,8200,309411,1711043,825551263
2019-01-28,3421188,821300211,39300,316611,1741361,823041572
2019-01-29,7247532,818678325,50600,301281,1644994,820323319
2019-01-30,3929531,816477968,16200,215507,1146497,817624465
2019-01-31,5085756,813229713,177275,348582,1843999,815073712
2019-02-01,2681165,803594442,600,302075,1658392,805252834
2019-02-11,2858299,802281374,127940,350315,1968770,804250144
2019-02-12,7725764,803978426,49000,370115,2105954,806084380
2019-02-13,9208682,801588502,24400,338975,1959276,803547778
2019-02-14,6750346,799866045,31000,349075,2010672,801876717
2019-02-15,7712603,802696090,22200,346275,1980693,804676783
2019-02-18,15359918,805957692,6200,274500,1611315,807569007
2019-02-19,9217734,804913416,106780,317880,1843704,806757120
2019-02-20,8353808,806289662,44360,253580,1468228,807757890
2019-02-21,12611789,808689926,114600,315760,1828250,810518176
2019-02-22,10627191,806949329,41800,273560,1616740,808566069
2019-02-25,31294715,812561528,151000,405160,2516044,815077572
2019-02-26,20875585,806056078,41400,328860,2032355,808088433
2019-02-27,27814601,818310096,85100,360480,2213347,820523443
2019-02-28,12970504,816667252,30500,304040,1854644,818521896
2019-03-01,11193776,812978107,82500,346440,2140999,815119106
2019-03-04,28859305,808012194,84000,356940,2234444,810246638
2019-03-05,28796790,808785981,126280,446820,2886457,811672438
2019-03-06,35935357,805392595,62700,389020,2602544,807995139
2019-03-07,79426391,835071432,152900,491020,3613907,838685339
2019-03-08,75203450,848574293,31000,413520,2935992,851510285
2019-03-11,32284274,842932282,87700,416587,3032753,845965035
2019-03-12,49376455,854945659,71700,432887,3203364,858149023
2019-03-13,30697712,855155096,61040,373127,2641739,857796835
2019-03-14,27455159,854289426,43300,278707,1928652,856218078
2019-03-15,17984728,858859017,102100,309707,2127687,860986704
2019-03-18,13995366,861210426,24400,242007,1696469,862906895
2019-03-19,15192852,859647917,77000,297207,2065589,861713506
2019-03-20,17601714,858397098,25200,239551,1645715,860042813
2019-03-21,32770052,869212141,107071,310442,2191721,871403862
2019-03-22,18082163,860624179,116485,353936,2481091,863105270
2019-03-25,20683884,864807056,40600,245736,1729981,866537037
2019-03-26,19332861,859451407,159134,365470,2452304,861903711
2019-03-27,10243667,858778456,50180,306096,2053904,860832360
2019-03-28,13529821,853829713,77200,337592,2211227,856040940
2019-03-29,10419679,850101976,76600,235658,1588335,851690311
2019-04-01,19955257,849812472,77900,249754,1748278,851560750
2019-04-02,13751975,842998249,41500,242254,1693355,844691604
2019-04-03,19653992,843576715,66301,256855,1810828,845387543
2019-04-04,25623938,846740661,75860,268915,1901229,848641890
2019-04-08,23057276,851744369,86000,289115,2015132,853759501
2019-04-09,12981775,849831333,53300,285015,2006506,851837839
2019-04-10,33107719,857097592,245660,467075,3362940,860460532
2019-04-11,42199671,853531344,89580,325255,2322321,855853665
2019-04-12,18072787,853927064,77700,313075,2194656,856121720
2019-04-15,19593301,853317958,87300,326175,2237561,855555519
2019-04-16,9684039,848910378,23407,251782,1759956,850670334
2019-04-17,32369238,857226766,248730,441612,3184022,860410788
2019-04-18,29382897,867890897,31000,237456,1693061,869583958
2019-04-19,84325015,902927363,280740,493676,3761810,906689173
2019-04-22,52739044,904630651,19500,278136,2010923,906641574
2019-04-23,23960570,896386805,78900,316136,2212952,898599757
2019-04-24,13782619,897862200,15120,273896,1922750,899784950
2019-04-25,17144826,894513011,30100,270056,1795872,896308883
2019-04-26,11145980,892572799,93380,305936,2028355,894601154
2019-04-29,14750846,889558213,43900,315736,1995452,891553665
2019-04-30,3527536,883804963,41730,301166,1924451,885729414
2019-05-06,10648718,877378987,53700,206186,1208250,878587237
2019-05-07,3988789,874387862,248100,421890,2527121,876914983
2019-05-08,13661139,876813841,146800,457390,2794653,879608494
2019-05-09,25535569,890285805,95418,245808,1536300,891822105
2019-05-10,48215060,923134374,212900,360908,2363947,925498321
2019-05-13,19387568,931886618,160800,367708,2445258,934331876
2019-05-14,15544801,935060940,69600,264468,1705819,936766759
2019-05-15,5843692,932865748,92200,218311,1423388,934289136
2019-05-16,6580939,935349341,147300,308600,2024416,937373757
2019-05-17,7480435,928371454,53600,262400,1600640,929972094
2019-05-20,7424422,929601831,51060,228392,1397759,930999590
2019-05-21,3209357,930166351,62749,227609,1399795,931566146
2019-05-22,2623845,929745122,48360,236401,1439682,931184804
2019-05-23,2934434,929391673,60000,261041,1553194,930944867
2019-05-24,2723204,929562791,47800,243741,1457571,931020362
2019-05-27,5780749,919955908,12400,154841,944530,920900438
2019-05-28,4994059,911900110,40931,177172,1078977,912979087
2019-05-29,3427846,912454664,25000,157672,955492,913410156
2019-05-30,3613386,909496262,45000,163592,975008,910471270
2019-05-31,1332356,905423000,9300,102572,610303,906033303
2019-06-03,3147316,904929040,41700,127572,750123,905679163
2019-06-04,2504666,904632106,68500,176672,1024698,905656804
2019-06-05,1742300,904473758,10100,163772,951515,905425273
2019-06-06,2542550,902978259,37200,128972,739010,903717269
2019-06-10,3414961,902774989,42500,157272,907459,903682448
2019-06-11,5630845,904117159,84400,192172,1147267,905264426
2019-06-12,3415453,903908421,19500,175972,1041754,904950175
2019-06-13,3049002,903884615,120000,234972,1379286,905263901
2019-06-14,1995753,902353528,21700,185072,1069716,903423244
2019-06-17,3067045,902102650,15400,187472,1083588,903186238
2019-06-18,4442626,904229870,39100,177572,1017488,905247358
2019-06-19,3340521,902534682,108900,271172,1597203,904131885
2019-06-20,4733784,900231233,11400,179772,1073239,901304472
2019-06-21,6150193,898927191,110100,277572,1668208,900595399
2019-06-24,23372281,915408952,42200,308872,1887208,917296160
2019-06-25,3077573,914160612,8700,236872,1428338,915588950
2019-06-26,2299519,914575856,13800,244672,1475372,916051228
2019-06-27,19051050,924444000,95800,335772,2075071,926519071
2019-06-28,7318561,926432489,300,232372,1389585,927822074
2019-07-01,11893412,932006067,26700,257972,1578789,933584856
2019-07-02,18290508,937090066,500,250472,1537898,938627964
2019-07-03,1578018,936130962,30800,281272,1732636,937863598
2019-07-04,2812947,926559736,4500,282972,1734618,928294354
2019-07-05,1934710,926777871,62400,316572,1937421,928715292
2019-07-08,3242370,925432470,40400,146872,854795,926287265
2019-07-09,3713137,926585864,65200,209572,1230188,927816052
2019-07-10,1967123,926950583,142800,305572,1778429,928729012
2019-07-11,3988161,909053713,53900,329472,1894464,910948177
2019-07-12,602261,907055495,34600,276272,1610666,908666161
2019-07-15,4521553,907714179,84800,300272,1798629,909512808
2019-07-16,1621461,905466022,103000,344372,2066232,907532254
2019-07-17,486226,895864282,29700,341572,2052848,897917130
2019-07-18,1797399,889545639,79600,323672,1909665,891455304
2019-07-19,2681140,890171993,76873,364045,2166067,892338060
2019-07-22,1666986,883156806,50400,351872,2061970,885218776
2019-07-23,902546,881214109,31000,339872,2005245,883219354
2019-07-24,3935303,883453419,27100,345872,2037186,885490605
2019-07-25,1324645,881842414,36100,370572,2171552,884013966
2019-07-26,1778749,881741752,19900,323472,1892311,883634063
2019-07-29,1564329,879730541,70700,379572,2209109,881939650
2019-07-30,2076238,878691552,11100,284572,1661900,880353452
2019-07-31,1585429,876662594,63200,335772,1960908,878623502
2019-08-01,4693135,879042772,72200,327272,1881814,880924586
2019-08-02,2135555,877673216,130700,338772,1893735,879566951
2019-08-05,1565053,876273183,73000,375472,2046322,878319505
2019-08-06,6099522,878143317,119100,251772,1339427,879482744
2019-08-07,1783829,876225792,153900,397572,2095204,878320996
2019-08-08,1497270,876828366,8000,379472,2018791,878847157
2019-08-09,1837416,872223801,26100,389572,2021879,874245680
2019-08-12,1095740,872227318,9500,380772,2002861,874230179
2019-08-13,1705932,871912004,0,307672,1624508,873536512
2019-08-14,4550224,874193679,7000,300372,1588968,875782647
2019-08-15,1894582,873937787,49200,191372,1010444,874948231
2019-08-16,3286612,874211477,39700,225072,1188380,875399857
2019-08-19,4831894,874071349,3000,223372,1212910,875284259
2019-08-20,2586317,873131913,13900,236572,1275123,874407036
2019-08-21,1747326,871491027,3000,235872,1259556,872750583
2019-08-22,1833485,870462588,15600,244172,1298995,871761583
2019-08-23,1287462,868118007,2000,224872,1187324,869305331
2019-08-26,2820249,867364127,55600,271572,1444763,868808890
2019-08-27,4576344,864140507,53200,256272,1386432,865526939
2019-08-28,6390008,866046573,11600,207472,1141096,867187669
2019-08-29,4098220,866786179,22400,188472,1027172,867813351
2019-08-30,2798753,866654480,18000,172472,927899,867582379
2019-09-02,3321167,867790670,37800,201272,1090894,868881564
2019-09-03,2874401,866731113,10500,182872,983851,867714964
2019-09-04,4929096,858197341,24000,188072,1019350,859216691
2019-09-05,4577317,854528287,26100,198472,1085642,855613929
2019-09-06,10901275,855512370,14500,197472,1093995,856606365
2019-09-09,8947817,858141160,11200,188872,1061461,859202621
2019-09-10,5739406,858352607,3800,191672,1073363,859425970
2019-09-11,6278805,861904168,42700,223072,1242511,863146679
2019-09-12,4455644,861221226,4500,213772,1199261,862420487
2019-09-16,6564531,864168977,35300,241072,1337950,865506927
2019-09-17,4571058,862659495,81400,321372,1741836,864401331
2019-09-18,2473094,862830487,2000,274172,1466820,864297307
2019-09-19,911998,861030072,12800,207472,1118274,862148346
2019-09-20,1364719,860286417,21000,217972,1183588,861470005
2019-09-23,2463586,857661259,2000,166372,888426,858549685
2019-09-24,3205746,855605006,5300,160372,857990,856462996
2019-09-25,1994803,855346587,15300,170372,896157,856242744
2019-09-26,2705387,853952419,33900,193672,1014841,854967260
2019-09-27,2385028,853532417,1200,157272,824105,854356522
2019-09-30,814275,851455872,2000,158072,818813,852274685
2019-10-08,1990083,851604868,8200,78072,405194,852010062
2019-10-09,1236513,850395959,102300,175372,908427,851304386
2019-10-10,2505143,849700131,800,156772,818350,850518481
2019-10-11,1381938,847221783,0,119172,623270,847845053
2019-10-14,4390740,847165252,24000,99872,529322,847694574
2019-10-15,1459264,845938669,20300,104772,551101,846489770
2019-10-16,2301571,845457310,52400,149672,782785,846240095
2019-10-17,1592378,844119645,64051,163523,851955,844971600
2019-10-18,2106666,841222629,66300,229723,1201452,842424081
2019-10-21,4406876,843262833,127400,312011,1603736,844866569
2019-10-22,1080347,841894123,9000,318511,1643517,843537640
2019-10-23,1102858,836410543,50600,358911,1848392,838258935
2019-10-24,1368613,835020207,9400,321111,1650510,836670717
2019-10-25,2712987,834797983,0,85360,445579,835243562
2019-10-28,12691095,839260106,148000,217460,1167760,840427866
2019-10-29,6579120,837504922,9800,134680,698989,838203911
2019-10-30,3890287,837680427,93800,180860,924195,838604622
2019-10-31,1902654,837508845,51000,193560,979414,838488259
2019-11-01,3397574,837668755,67500,209160,1077174,838745929
2019-11-04,1451121,834685259,5000,202460,1038620,835723879
2019-11-05,4958222,837233862,18200,215560,1116601,838350463
2019-11-06,1842861,836200064,7500,205660,1061206,837261270
2019-11-07,1489766,834980345,200,200660,1039419,836019764
2019-11-08,29304671,859362722,79100,235960,1250588,860613310
2019-11-11,2831854,856431819,31500,185160,959129,857390948
2019-11-12,2356798,857353134,12300,165760,850349,858203483
2019-11-13,1379877,856313131,0,112960,573837,856886968
2019-11-14,526849,855762924,45600,158560,808656,856571580
2019-11-15,2133653,851568896,33400,154360,779518,852348414
2019-11-18,1462774,850170666,57700,177660,906066,851076732
2019-11-19,3046610,851658105,14700,186660,961299,852619404
2019-11-20,2203423,851030990,24700,164860,834192,851865182
2019-11-21,837511,843688654,0,154860,786689,844475343
2019-11-22,2724195,842223422,19700,134760,687276,842910698
2019-11-25,1049974,841947585,17700,139760,715571,842663156
2019-11-26,1638202,841961625,12900,114860,575449,842537074
2019-11-27,2292310,842728246,16900,118460,599408,843327654
2019-11-28,558637,841992233,45600,136180,686347,842678580
2019-11-29,439943,838424205,7600,135380,687731,839111936
2019-12-02,891702,836380135,2000,128960,656406,837036541
2019-12-03,3663707,836158155,53100,142260,735484,836893639
2019-12-04,2370081,834311259,51100,150260,775342,835086601
2019-12-05,2492432,832799685,7000,123160,636737,833436422
2019-12-06,2255851,833320934,4100,108760,563377,833884311
2019-12-09,3581065,834192894,8000,114360,588954,834781848
2019-12-10,1104750,830543942,2300,111360,571277,831115219
2019-12-11,2495109,827146835,6800,116660,598466,827745301
2019-12-12,1255661,826289637,18800,127260,649026,826938663
2019-12-13,2150445,826153718,32200,135360,699811,826853529
2019-12-16,3651152,825763847,2800,112560,587563,826351410
2019-12-17,8561203,827609899,69600,181560,965899,828575798
2019-12-18,4750920,824062279,7700,176760,942131,825004410
2019-12-19,6006877,823373572,7100,136760,735769,824109341
2019-12-20,3877684,823080411,32900,162160,864313,823944724
2019-12-23,3512338,823737156,10700,168360,872105,824609261
2019-12-24,1089504,821750928,7500,169260,892000,822642928
2019-12-25,4551058,821559806,9000,173260,909615,822469421
2019-12-26,2661189,822611039,34400,198160,1046285,823657324
2019-12-27,14661583,828714715,12700,202060,1079000,829793715
2019-12-30,10037722,828584593,20500,211460,1141884,829726477
2019-12-31,4827749,829429110,14600,207660,1115134,830544244
2020-01-02,8593750,830248751,11900,219360,1193318,831442069
2020-01-03,4954390,824202930,0,212160,1147786,825350716
2020-01-06,14529707,820077622,63200,270060,1515037,821592659
2020-01-07,26410642,816845028,116380,344740,1999492,818844520
2020-01-08,111687842,874673287,230700,464660,2964531,877637818
2020-01-09,63781280,861116263,678192,1090952,6687536,867803799
2020-01-10,36788740,875164255,205600,987012,5833241,880997496
2020-01-13,41615958,861753014,1157300,2077112,13085806,874838820
2020-01-14,44484632,848464795,341700,1720712,11098592,859563387
2020-01-15,23183559,842063948,40900,1376512,8589434,850653382
2020-01-16,22764510,842895949,247900,1349812,8463321,851359270
2020-01-17,17993001,837345263,220000,1295412,8122233,845467496
2020-01-20,24342848,841247868,11600,1279312,7982906,849230774
2020-01-21,12272025,839127801,1100,583560,3524702,842652503
2020-01-22,12535191,836816220,74800,450960,2764385,839580605
2020-01-23,13585527,834759864,32800,222960,1315464,836075328
2020-02-03,2498886,828270540,0,217060,1152589,829423129
2020-02-04,12551097,824265931,47000,229060,1232343,825498274
2020-02-05,11745213,825424007,0,213060,1163308,826587315
2020-02-06,10960558,820410073,100,213160,1170248,821580321
2020-02-07,14107992,821662012,0,213160,1157459,822819471
2020-02-10,21441811,830252932,2800,213860,1216863,831469795
2020-02-11,9984963,828876832,31400,236460,1319447,830196279
2020-02-12,12165519,824292428,56300,290560,1653286,825945714
2020-02-13,11111024,824729224,20000,292960,1628858,826358082
2020-02-14,11113624,824309291,300,229360,1279829,825589120
2020-02-17,11535478,819314674,108000,335360,1951795,821266469
2020-02-18,17818675,820028364,71760,362520,2153368,822181732
2020-02-19,17669834,815930948,58000,401820,2378774,818309722
2020-02-20,31430380,810143485,70272,452292,2813256,812956741
2020-02-21,20787934,772606122,17100,452592,2792492,775398614
2020-02-24,33620481,786786509,16000,414492,2507677,789294186
2020-02-25,29114920,789387775,6200,308292,1855918,791243693
2020-02-26,92409668,832650797,195300,401292,2540179,835190976
2020-02-27,34448970,836472189,40900,332292,2020336,838492525
2020-02-28,22908095,824957524,600,232292,1300835,826258359
2020-03-02,14899617,820556844,28700,235492,1377628,821934472
2020-03-03,17219576,821973276,39600,244792,1441824,823415100
2020-03-04,11921210,820043614,0,125992,734534,820778148
2020-03-05,13948308,817967351,57300,182692,1090671,819058022
2020-03-06,14045374,813677173,93400,260092,1542346,815219519
2020-03-09,13425645,813879905,59540,216232,1217386,815097291
2020-03-10,13211458,813447054,38000,241692,1384895,814831949
2020-03-11,18302259,811239593,83700,298392,1694867,812934460
2020-03-12,7078215,810193444,107500,381792,2134217,812327661
2020-03-13,15485933,796099851,51700,297892,1629469,797729320
2020-03-16,13027863,794292701,96500,339792,1766918,796059619
2020-03-17,7157472,794637192,61700,323992,1694478,796331670
2020-03-18,8740486,795634242,61600,352392,1797199,797431441
2020-03-19,5341778,794419630,74100,336692,1717129,796136759
2020-03-20,5391410,795804547,110434,414126,2128607,797933154
2020-03-23,4227059,786052148,45100,455326,2240203,788292351
2020-03-24,5604924,779729799,84299,481225,2420561,782150360
2020-03-25,7979663,779300782,62700,493165,2579252,781880034
2020-03-26,3721365,777796984,80300,518765,2661264,780458248
2020-03-27,4728638,777163368,110120,551885,2836689,780000057
2020-03-30,5568336,778023159,68000,518685,2640107,780663266
2020-03-31,3734282,777193321,79600,569085,2902333,780095654
2020-04-01,6481234,776000554,91300,644385,3318583,779319137
2020-04-02,5698980,771110785,28800,656285,3438934,774549719
2020-04-03,3578100,769718556,34100,621085,3186166,772904722
2020-04-07,5791409,769693420,24400,629785,3293775,772987195
2020-04-08,18808205,776137718,171600,779085,4160314,780298032
2020-04-09,8584317,777488986,66700,817085,4330551,781819537
2020-04-10,3710140,773472363,35880,816365,4212444,777684807
2020-04-13,4284061,773867343,34900,783965,4006062,777873405
2020-04-14,4213432,768390963,69828,853693,4405056,772796019
2020-04-15,4214975,767139518,11900,828593,4234111,771373629
2020-04-16,3391134,768422223,8700,724093,3721837,772144060
2020-04-17,5073883,768679609,59200,744893,3821301,772500910
2020-04-20,3487480,764407102,69800,811693,4155869,768562971
2020-04-21,7067584,764459576,89000,898493,4510436,768970012
2020-04-22,4183130,764495867,100700,901313,4551631,769047498
2020-04-23,2751454,762372173,20300,891513,4502141,766874314
2020-04-24,3350255,760589680,34700,911613,4603646,765193326
2020-04-27,1793809,761458081,42180,923193,4615965,766074046
2020-04-28,3821730,759126252,184200,994393,4852637,763978889
2020-04-29,1959286,755414781,141080,1122273,5487914,760902695
2020-04-30,1790760,750892830,14900,1078833,5361801,756254631
2020-05-06,3032736,751237289,121200,1127633,5683269,756920558
2020-05-07,4632224,753482338,44800,1156833,5784165,759266503
2020-05-08,1502110,741257057,4100,1151833,5816757,747073814
2020-05-11,8167306,744793690,237120,1378173,7001118,751794808
2020-05-12,2350637,743793924,56520,1356441,6822897,750616821
2020-05-13,1321333,741474457,170500,1437041,7199576,748674033
2020-05-14,2338598,739998991,96900,1522041,7503660,747502651
2020-05-15,709608,738274245,150640,1630581,8071376,746345621
2020-05-18,6494869,741357659,113090,1733971,8531138,749888797
2020-05-19,2687895,741894715,141560,1862651,9201497,751096212
2020-05-20,4561286,741028024,147100,2007651,9857566,750885590
2020-05-21,2293419,741978362,38300,2004751,9723043,751701405
2020-05-22,807154,740773365,137400,2140651,10424970,751198335
2020-05-25,2156253,741225534,97220,2168571,10734427,751959961
2020-05-26,4623483,743826082,33100,2084671,10381663,754207745
2020-05-27,1789476,744191541,110800,2161971,10658516,754850057
2020-05-28,1797333,741117826,29500,2161471,10569595,751687421
2020-05-29,3377324,743138956,12100,2166671,10291688,753430644
2020-06-01,6572685,744911078,85400,1879871,9117375,754028453
2020-06-02,5162222,744610834,2600,1788450,8763405,753374239
2020-06-03,6680014,745675993,10600,1799050,8833335,754509328
2020-06-04,18305912,750581459,48400,1839750,9382725,759964184
2020-06-05,10045641,751990720,32300,1717550,8656453,760647173
2020-06-08,4869798,751336041,80600,1754650,8738158,760074199
2020-06-09,11151873,751381945,126459,1809735,9193454,760575399
2020-06-10,4900308,753495283,186627,1956762,9783810,763279093
2020-06-11,11154334,756227209,34100,1952162,9819375,766046584
2020-06-12,7805422,758712342,8300,1930062,9573107,768285449
2020-06-15,7848543,759546868,35400,1906162,9302071,768848939
2020-06-16,7294553,761709286,4100,1888182,9252091,770961377
2020-06-17,3439295,759331042,78000,1950432,9557116,768888158
2020-06-18,4930822,760393063,100243,1795109,8849888,769242951
2020-06-19,6781726,760791125,168900,1820409,8992821,769783946
2020-06-22,4454366,758860969,11900,1639609,8099669,766960638
2020-06-23,6201320,757826784,221800,1751661,8530589,766357373
2020-06-24,3160626,751168905,113713,1692114,8172911,759341816
2020-06-29,2130542,750121888,49500,1673514,8049603,758171491
2020-06-30,2108771,746489120,121300,1758214,8509755,754998875
2020-07-01,8936848,742975524,274400,2021414,9844286,752819810
2020-07-02,10450681,739623018,166700,2110014,10381269,750004287
2020-07-03,11605277,737080204,58100,2005614,10048126,747128330
2020-07-06,24610541,735490088,67100,1962101,10320651,745810739
2020-07-07,30250614,746416726,143700,1937501,10133130,756549856
2020-07-08,21201068,747007580,118500,1963401,10425660,757433240
2020-07-09,20003481,745633380,235900,2062701,11117958,756751338
2020-07-10,44454360,767115475,187680,2172981,11668908,778784383
2020-07-13,21956882,768252659,95900,1956901,10802093,779054752
2020-07-14,28239465,774376575,248377,1928118,10546805,784923380
2020-07-15,13919034,771937297,145600,1819318,9660579,781597876
2020-07-16,14324321,774249833,140400,1820041,9300410,783550243
2020-07-17,7411554,772378001,103200,1862541,9498959,781876960
2020-07-20,2398836,767315713,53300,1915841,10747869,778063582
2020-07-21,100706862,793328105,545217,2423558,14589819,807917924
2020-07-22,46896765,790869033,718288,2952166,17033999,807903032
2020-07-23,52549984,796596148,291820,3079896,18448577,815044725
2020-07-24,53184902,814798653,358639,3305395,19733209,834531862
2020-07-27,35833045,825320960,330100,3458895,21099260,846420220
2020-07-28,63468186,840527869,282800,3526695,22359245,862887114
2020-07-29,67676702,831959382,194200,3470395,22522862,854482244
2020-07-30,70987372,831240947,150400,3474915,21683468,852924415
2020-07-31,48631995,833500513,260500,3462131,21222863,854723376
2020-08-03,41853159,838251334,471200,3679331,23106199,861357533
2020-08-04,43486840,835148534,91700,3365531,20294151,855442685
2020-08-05,26439529,830273309,343900,3477431,21038459,851311768
2020-08-06,22811760,835301151,105600,3424631,20719019,856020170
2020-08-07,12405942,826092639,96000,3385231,20175977,846268616
2020-08-10,17067155,829385733,73000,3334821,20008926,849394659
2020-08-11,18309924,829258091,130900,3368411,19738889,848996980
2020-08-12,19049983,831910443,53100,3217411,18435765,850346208
2020-08-13,8186368,827167513,117000,3303311,18994039,846161552
2020-08-14,9557106,822957955,68500,3178291,18720134,841678089
2020-08-17,12671592,814498405,52200,2878771,17157475,831655880
2020-08-18,20157601,815026867,107700,2750415,16227448,831254315
2020-08-19,12177126,810701217,117400,2659283,15264284,825965501
2020-08-20,7241053,809892520,105100,2512383,14220088,824112608
2020-08-21,11605257,816737734,266700,2720383,15533387,832271121
2020-08-24,18271791,821691632,618300,3236283,19061707,840753339
2020-08-25,10843955,823670983,7800,3047383,17644347,841315330
2020-08-26,6281080,821787442,32600,3019983,17002505,838789947
2020-08-27,11162584,827948798,36200,2964483,16867908,844816706
2020-08-28,5780644,825882109,7800,2857083,16313944,842196053
2020-08-31,11959932,829808690,133000,2934883,16699484,846508174
2020-09-01,7297516,825008360,41500,2945783,16908794,841917154
2020-09-02,10701471,826942001,170700,3108883,17782811,844724812
2020-09-03,7988704,826669253,48200,3153383,17753547,844422800
2020-09-04,8838350,826375784,38100,3144483,17388990,843764774
2020-09-07,8451837,828376809,24600,3146663,17243714,845620523
2020-09-08,5483334,824453087,35600,3058563,17036196,841489283
2020-09-09,5577324,825068832,49800,3079763,17031088,842099920
2020-09-10,5675423,823651246,29980,3003843,16130637,839781883
2020-09-11,2027323,822318768,63000,3042463,16611848,838930616
2020-09-14,2838659,822474162,34800,3024363,16483798,838957960
2020-09-15,4399013,822231438,120000,3115163,17071094,839302532
2020-09-16,5064163,822604386,22500,3137063,17253847,839858233
2020-09-17,13047391,827056938,106400,3028563,17383951,844440889
2020-09-18,3616020,820930741,25400,2985963,17199148,838129889
2020-09-21,4696381,817844928,125000,3103363,17534000,835378928
2020-09-22,3432411,815646725,35100,3106363,17116060,832762785
2020-09-23,25714403,822259669,228100,3262263,18758013,841017682
2020-09-24,5819300,813796725,48200,3182863,17664889,831461614
2020-09-25,16137076,816529948,111600,3255263,19075842,835605790
2020-09-28,10245517,816958414,9100,3196263,18538325,835496739
2020-09-29,15776358,814728591,72740,3135803,18563955,833292546
2020-09-30,20173353,809028185,208307,3243310,18973364,828001549
2020-10-09,22066336,818283601,56500,3139510,18523108,836806709
2020-10-12,39782537,827139265,27800,3143310,18891294,846030559
2020-10-13,17430607,828729700,82800,3180710,19275103,848004803
2020-10-14,14190220,830980262,95900,3267510,19278308,850258570
2020-10-15,10267755,831546363,152400,3419410,20071937,851618300
2020-10-16,11348639,836904464,35100,3434810,19921898,856826362
2020-10-19,7486274,836969903,62000,3493857,19984863,856954766
2020-10-20,7522562,834997087,34500,3493457,20506593,855503680
2020-10-21,5933310,833264077,131100,3569957,20705751,853969828
2020-10-22,7834876,834452738,43200,3603557,20360097,854812835
2020-10-23,3888892,829212989,27600,3546057,19999761,849212750
2020-10-26,2747638,827539769,87200,3554857,20084942,847624711
2020-10-27,3407036,828098896,10300,3497557,19726221,847825117
2020-10-28,5920324,827698829,76200,3564057,20243843,847942672
2020-10-29,21988264,835875431,114300,3658657,21659250,857534681
2020-10-30,14622991,830380050,83100,3659357,21443832,851823882
2020-11-02,29396433,836160940,124100,3697557,22739975,858900915
2020-11-03,28774624,847073486,5400,3684557,22696873,869770359
2020-11-04,13279032,843571542,88200,3770357,23074585,866646127
2020-11-05,32059985,850669783,103800,3762957,23631369,874301152
2020-11-06,28901717,856563196,75300,3659577,22872357,879435553
2020-11-09,33161135,871268271,139100,3696777,23067888,894336159
2020-11-10,20920651,860412598,40900,3550677,22120719,882533317
2020-11-11,10121647,851272673,45500,3450977,20843901,872116574
2020-11-12,6248278,847989360,98500,3450557,20875869,868865229
2020-11-13,7494409,847476114,8200,3404457,20733142,868209256
2020-11-16,21509341,848332953,206600,3579057,22548059,870881012
2020-11-17,21998658,855366140,4300,3405017,20940854,876306994
2020-11-18,17169579,860597456,74100,3222617,20076905,880674361
2020-11-19,15134045,860545363,166568,3170478,19403325,879948688
2020-11-20,87059572,879952006,249500,3211238,21611632,901563638
2020-11-23,79229392,866151202,305100,3190338,22236656,888387858
2020-11-24,48213299,863458876,97300,2991198,20968297,884427173
2020-11-25,61062966,877879193,210100,3011198,20717042,898596235
2020-11-26,61937894,895882185,44100,2721498,17961888,913844073
2020-11-27,34503468,898002114,248600,2913198,19081446,917083560
2020-11-30,33947542,903115963,12500,2612598,16720626,919836589
2020-12-01,35715602,907250100,57500,2238425,14348304,921598404
2020-12-02,32290717,915993235,1000,1850111,11692703,927685938
2020-12-03,19780881,915053324,10600,1111348,6957038,922010362
2020-12-04,13506308,911503857,49800,920280,5751750,917255607
2020-12-07,22867018,914867097,48800,808980,5072305,919939402
2020-12-08,17839770,916247890,24300,642420,4066518,920314408
2020-12-09,30544264,919127646,10400,619620,3754897,922882543
2020-12-10,23061059,924487158,300,610420,3613687,928100845
2020-12-11,15583605,919193844,27400,592420,3406415,922600259
2020-12-14,7273963,920964268,11200,599120,3480887,924445155
2020-12-15,13267665,924585019,102280,665500,3873211,928458230
2020-12-16,5921201,922937221,29600,666400,3811809,926749030
2020-12-17,19383004,930215735,248800,872100,4988413,935204148
2020-12-18,10513912,930023948,223500,1093200,6231240,936255188
2020-12-21,11279611,928537407,40700,1116300,6485703,935023110
2020-12-22,25288840,929909874,239100,1181720,6452191,936362065
2020-12-23,15973973,923557354,180400,1326660,7522163,931079517
2020-12-24,14123542,921315208,123100,1389660,7643130,928958338
2020-12-25,11030298,921352574,167300,1556960,8578850,929931424
2020-12-28,8693974,919171652,702900,2241660,12239464,931411116
2020-12-29,9754182,917934388,205976,2326336,12515687,930450075
2020-12-30,6784263,916466314,180900,2499636,13423046,929889360
2020-12-31,30409786,925890788,264471,2651107,14183423,940074211
2021-01-04,13569006,922422606,252100,2887207,15417685,937840291
2021-01-05,11314220,922915061,140900,2998307,15891027,938806088
2021-01-06,20619118,927912642,44100,2982607,15449904,943362546
2021-01-07,11602212,911241195,56400,2887407,14523656,925764851
2021-01-08,12796249,904739889,64920,2877767,14906833,919646722
2021-01-11,10820402,903202065,34700,2609207,13176496,916378561
2021-01-12,10746797,903660650,126500,2264807,11414627,915075277
2021-01-13,14973209,907957326,56400,2041807,10311126,918268452
2021-01-14,17968459,912803076,111300,2149007,11088876,923891952
2021-01-15,11348045,914603299,157600,2211007,11342466,925945765
2021-01-18,10820056,917633883,161400,2257907,11583063,929216946
2021-01-19,9802004,915699935,76200,2305007,11939937,927639872
2021-01-20,11066773,916429145,70600,2361287,12255079,928684224
2021-01-21,14824161,920703151,40100,2392587,12393601,933096752
2021-01-22,10921324,910480914,29200,2403087,12327836,922808750
2021-01-25,10079491,906897052,1100,2379587,11802752,918699804
2021-01-26,6129073,902893605,225700,2605087,12973333,915866938
2021-01-27,4638480,892711551,64300,2659987,13007337,905718888
2021-01-28,4193134,890764629,66060,2704947,13037844,903802473
2021-01-29,8330843,891245625,39700,2724747,12670073,903915698
2021-02-01,3131915,886710372,49100,2753647,12859531,899569903
2021-02-02,5625138,885994553,77200,2552647,12099546,898094099
2021-02-03,6884267,883013855,48100,2598347,12056330,895070185
2021-02-04,5806248,878445440,22100,2577447,11624287,890069727
2021-02-05,4336777,873408769,76879,2601326,11601914,885010683
2021-02-08,5248699,871975018,2500,2460126,10898359,882873377
2021-02-09,3406929,869586600,7700,2438326,10923700,880510300
2021-02-10,7985808,864023251,36200,2444926,11124413,875147664
2021-02-18,21022700,868994232,65000,2473326,11377300,880371532
2021-02-19,11802193,866159507,4700,2438426,11509371,877668878
2021-02-22,28233109,871339974,67400,2448926,12024227,883364201
2021-02-23,12749168,873491128,346380,2728406,13287338,886778466
2021-02-24,10757868,873575210,84700,2811206,13690574,887265784
2021-02-25,9599188,874205438,21100,2660706,12824603,887030041
2021-02-26,14801695,881690285,269900,2909406,14110619,895800904
2021-03-01,12655279,888715714,200300,3109706,15113170,903828884
2021-03-02,11415528,888960724,18900,3086106,14751587,903712311
2021-03-03,6357171,889194437,30700,3008995,14413086,903607523
2021-03-04,3518329,888199056,0,2672655,12775290,900974346
2021-03-05,8801129,886843284,19000,2423595,11802908,898646192
2021-03-08,7184035,887118103,129800,2534295,12392703,899510806
2021-03-09,23697860,893538510,602514,3080509,15217715,908756225
2021-03-10,17821686,898985249,137300,3203609,15665648,914650897
2021-03-11,8035925,897991203,85500,3270809,15994256,913985459
2021-03-12,29948064,902247420,71100,3312009,16526924,918774344
2021-03-15,17563295,901151718,3400,3292429,16593842,917745560
2021-03-16,4784225,898883386,23400,3289229,16511930,915395316
2021-03-17,7518592,900938593,10500,3262329,16409515,917348108
2021-03-18,7383386,900702515,59000,3302129,16279495,916982010
2021-03-19,8666748,901240995,24000,3252929,16199586,917440581
2021-03-22,5170299,902508719,72400,3306429,16399888,918908607
2021-03-23,3672270,903228147,56500,3335329,16409820,919637967
2021-03-24,3385684,899435456,1500,3301850,16113028,915548484
2021-03-25,5416666,901142981,1500,3230250,15892831,917035812
2021-03-26,5712198,901071133,149800,3260184,16040106,917111239
2021-03-29,7412076,898118889,62100,3131284,15218040,913336929
2021-03-30,6827599,896145281,104800,3231684,15350500,911495781
2021-03-31,5904110,895646013,58000,3220184,15070460,910716473
2021-04-01,3073647,894629821,216700,3417584,16199347,910829168
2021-04-02,33264331,904717686,200740,3567624,18587321,923305007
2021-04-06,71417780,930242882,355000,3864524,20559269,950802151
2021-04-07,44321569,921188242,144200,3786124,20293625,941481867
2021-04-08,25283243,911697138,168100,3918124,20256702,931953840
2021-04-09,12077128,892126402,69100,3842224,19825875,911952277
2021-04-12,11446790,890105292,32700,3843424,19908935,910014227
2021-04-13,18177801,893765314,39700,3794524,19655633,913420947
2021-04-14,9714311,887420151,70500,3833250,19779569,907199720
2021-04-15,18260678,886240762,132400,3891426,20313244,906554006
2021-04-16,20649706,891296533,74560,3877688,20319085,911615618
2021-04-19,38495545,890098979,234900,4079886,22112983,912211962
2021-04-20,38206499,907464780,95300,4108486,21733891,929198671
2021-04-21,12658090,899092465,17300,3918886,20221451,919313916
2021-04-22,8479944,881747068,105500,3995986,20579327,902326395
2021-04-23,10017987,884838330,10900,3974086,20387061,905225391
2021-04-26,7619982,880257766,33000,3975186,19995185,900252951
2021-04-27,4139830,875094560,68800,4027886,20381103,895475663
2021-04-28,6406003,874877824,7600,3837186,19301045,894178869
2021-04-29,6428078,875374958,33500,3777086,18960973,894335931
2021-04-30,10507996,876208413,3800,3765686,18602489,894810902
2021-05-06,7924942,877858395,95500,3790786,19219286,897077681
2021-05-07,3066612,874605972,66600,3824886,19277425,893883397
2021-05-10,5769989,868909016,54300,3847086,19312373,888221389
2021-05-11,9674165,868173322,40200,3827386,19328300,887501622
2021-05-12,9444327,869681537,21100,3811086,19284095,888965632
2021-05-13,9531526,870468641,60200,3799386,19072919,889541560
2021-05-14,4229922,862449864,69400,3840486,19471265,881921129
2021-05-17,13429859,868581569,52500,3749286,19121359,887702928
2021-05-18,6133771,869613335,58176,3754862,19187345,888800680
2021-05-19,10079403,869316948,12100,3729962,18799008,888115956
2021-05-20,9380829,866954823,19500,3707162,18572882,885527705
2021-05-21,7772347,866189792,13400,3699962,18388812,884578604
2021-05-24,6671147,866570950,23900,3597362,17770968,884341918
2021-05-25,8121151,862966712,65920,3524882,17518665,880485377
2021-05-26,3600639,859966846,12600,3385882,16963269,876930115
2021-05-27,8029201,856177661,14500,3332282,16794701,872972362
2021-05-28,14458460,859939470,7800,3317682,16754295,876693765
2021-05-31,15688880,869494900,132200,3396882,17120285,886615185
2021-06-01,9258969,872091051,20200,3194902,16070356,888161407
2021-06-02,24412917,876741432,30500,2701102,13883664,890625096
2021-06-03,15485739,877352545,84100,2587642,13015838,890368383
2021-06-04,11648415,877742092,16700,2222542,11290513,889032605
2021-06-07,12214842,881288329,62100,2023442,10218383,891506712
2021-06-08,14721562,881344253,1000,1601542,7991694,889335947
2021-06-09,11516538,879644979,12600,1296626,6418298,886063277
2021-06-10,10537687,872497736,28500,1316026,6527489,879025225
2021-06-11,13294649,873458782,9000,1255326,6251523,879710305
2021-06-15,14537867,873294723,19600,1264226,6371699,879666422
2021-06-16,8843217,875047119,309260,1531586,7596667,882643786
2021-06-17,2296166,871574105,177600,1657866,8189857,879763962
2021-06-18,7193353,871622759,218780,1861946,9216632,880839391
2021-06-21,9521318,869764941,143400,1978746,9794792,879559733
2021-06-22,15457614,870531116,187820,2139466,10804304,881335420
2021-06-23,17464759,864358737,217000,2310266,11828561,876187298
2021-06-24,65149019,865232943,522000,2799466,15760994,880993937
2021-06-25,79898914,889873002,239531,2862597,15429398,905302400
2021-06-28,33120765,892999403,315100,3165866,16937384,909936787
2021-06-29,18128762,886155091,206300,3250166,17063372,903218463
2021-06-30,16976345,891801182,149900,3318566,17621587,909422769
2021-07-01,20406969,887739690,169400,3397066,17970479,905710169
2021-07-02,11831370,877824357,45500,3369666,17960321,895784678
2021-07-05,29947704,884926468,265400,3593966,19515237,904441705
2021-07-06,18129715,882577680,63200,3619866,19149091,901726771
2021-07-07,15849519,882208169,256300,3636966,19603247,901811416
2021-07-08,23014831,877817787,33100,3434866,17586513,895404300
2021-07-09,41113314,873849486,564000,3962886,21359956,895209442
2021-07-12,59314398,896018281,112700,3127272,17450178,913468459
2021-07-13,40255081,899840350,108400,3152572,17244569,917084919
2021-07-14,34087469,910456356,117300,3153572,17344646,927801002
2021-07-15,20844769,900056929,648507,3772579,20258748,920315677
2021-07-16,34411468,900464024,152700,3829879,21064335,921528359
2021-07-19,50388869,897326295,327500,4136279,23659515,920985810
2021-07-20,25903155,885320054,46300,4019979,22672682,907992736
2021-07-21,35909257,891148912,154700,4068979,23355939,914504851
2021-07-22,28423692,890095918,59400,3929979,22400880,912496798
2021-07-23,60079875,892985764,320500,4125479,24257818,917243582
2021-07-26,41781708,898476143,101000,3895479,22087365,920563508
2021-07-27,34640091,894655654,164900,3899279,22225890,916881544
2021-07-28,24313984,892125600,44100,3735079,20542935,912668535
2021-07-29,23400030,874941478,117200,3826379,21542515,896483993
2021-07-30,39242772,889888604,98900,3850879,21102817,910991421
2021-08-02,31078299,877438226,191174,4010653,22900829,900339055
2021-08-03,41166117,898718791,53900,3943653,22005585,920724376
2021-08-04,25785301,894697490,47800,3879353,21840759,916538249
2021-08-05,24557214,900252460,65300,3898553,21364071,921616531
2021-08-06,19102745,892891964,75420,3956973,21367654,914259618
2021-08-09,16073482,895114109,7400,3869973,21168752,916282861
2021-08-10,14193962,887290375,19600,3848973,21246331,908536706
2021-08-11,16511778,872173888,36000,3734373,20651083,892824971
2021-08-12,29535889,872400953,185700,3910073,21818208,894219161
2021-08-13,42474423,873268376,129200,4032373,23307117,896575493
2021-08-16,41009054,887820394,109500,4057773,23494505,911314899
2021-08-17,29945286,880705941,126000,4135873,22705942,903411883
2021-08-18,19023597,879043858,20500,4102773,22770391,901814249
2021-08-19,11396470,875088963,27900,4067573,22127597,897216560
2021-08-20,9541429,865714211,36200,4068373,22376052,888090263
2021-08-23,36978407,863110685,176400,4017473,23261168,886371853
2021-08-24,28481550,864680581,10600,3317712,19242730,883923311
2021-08-25,47257700,881825160,99000,3395101,19861342,901686502
2021-08-26,45781272,880176682,101100,3422366,19883947,900060629
2021-08-27,38413932,882390992,13600,3266866,19176503,901567495
2021-08-30,35673244,888722040,126200,3382866,19992737,908714777
2021-08-31,29446222,878393094,2700,3316266,19632295,898025389
2021-09-01,61847074,877035057,150200,3433666,20189956,897225013
2021-09-02,31576414,860490112,54800,3417166,20571340,881061452
2021-09-03,38507387,850065427,26800,3333266,19599604,869665031
2021-09-06,31387297,839494871,119100,3404766,20735026,860229897
2021-09-07,43038136,842893797,651300,4037766,25316794,868210591
2021-09-08,60512685,842094846,107200,3723066,24795619,866890465
2021-09-09,77558789,842512456,98500,3497186,24620190,867132646
2021-09-10,50144640,816344989,24900,3418586,24374518,840719507
2021-09-13,49708053,817455163,74000,3307486,23185477,840640640
2021-09-14,37028821,812573733,345560,3476206,23638201,836211934
2021-09-15,47406191,842359868,103800,3524606,23826337,866186205
2021-09-16,31319079,837848237,64800,3562806,23585775,861434012
2021-09-17,37169740,834709359,49700,3595506,23047193,857756552
2021-09-22,24217943,842365268,95280,3654386,23314983,865680251
2021-09-23,37081152,851577871,54800,3697786,23591875,875169746
2021-09-24,24035663,842835244,5400,3531006,21715686,864550930
2021-09-27,19834744,829349635,128200,3542846,20902791,850252426
2021-09-28,16717591,830077193,325400,3814346,22199493,852276686
2021-09-29,23329322,836415577,9300,3693446,20461691,856877268
2021-09-30,8690298,830517011,5800,3671446,20670241,851187252
2021-10-08,18960053,836400891,112700,3770946,21607520,858008411
2021-10-11,9522037,840131511,119900,3890146,22018226,862149737
2021-10-12,12718496,842771647,65000,3947446,21789903,864561550
2021-10-13,10228088,846250388,20000,3916546,22050154,868300542
2021-10-14,9731094,844161992,0,3910046,22130860,866292852
2021-10-15,7618260,845337612,4900,3909946,21934796,867272408
2021-10-18,16474071,849189956,32800,3937846,22406343,871596299
2021-10-19,11033580,844356920,18200,3941746,22546788,866903708
2021-10-20,10653768,843373584,8800,3869646,21979590,865353174
2021-10-21,12989146,842516678,12600,3877946,22104292,864620970
2021-10-22,13677635,846475306,8300,3865346,21723244,868198550
2021-10-25,7022391,842125955,11000,3863446,22098912,864224867
2021-10-26,17133188,830343833,96200,3896646,23457810,853801643
2021-10-27,20551263,832895328,39400,3906746,23088869,855984197
2021-10-28,17200964,831345991,126300,4030346,23899952,855245943
2021-10-29,15545175,823909006,115000,4025966,24075276,847984282
2021-11-01,24329747,822237874,29500,3996666,24699397,846937271
2021-11-02,33461102,829594111,78200,4049166,24699913,854294024
2021-11-03,14364275,821585007,70800,4077990,25120419,846705426
2021-11-04,22479286,830187665,20900,4081190,25303378,855491043
2021-11-05,17815362,821298195,11400,3496590,21783756,843081951
2021-11-08,16857381,821928634,39900,3412490,21157438,843086072
2021-11-09,14328574,816999634,38000,3177694,19892365,836891999
2021-11-10,14920797,812024497,70700,3191954,20109310,832133807
2021-11-11,20558654,821600471,47300,3139654,19528648,841129119
2021-11-12,27698220,814426652,86800,3185754,20420684,834847336
2021-11-15,40757249,831693564,234960,3377234,21783159,853476723
2021-11-16,45314704,842459219,156200,3472974,21358790,863818009
2021-11-17,23650507,834070100,83500,3240954,20418010,854488110
2021-11-18,17820908,829035865,19700,3120094,19157376,848193241
2021-11-19,14162371,826179663,33700,3098394,19179058,845358721
2021-11-22,26040771,819482754,29700,3087054,19602793,839085547
2021-11-23,29853196,820797598,59200,3079054,19767526,840565124
2021-11-24,22942754,828299319,233700,3202054,20140919,848440238
2021-11-25,26042589,834703740,30400,3172454,19447143,854150883
2021-11-26,14666440,831604698,76800,3064954,18788168,850392866
2021-11-29,26770418,840718907,196100,3008654,18021837,858740744
2021-11-30,45492182,840511062,71600,2816974,17859615,858370677
2021-12-01,47913493,833037874,24600,2126192,14181700,847219574
2021-12-02,24504123,826665935,76203,1663781,11097419,837763354
2021-12-03,26096370,827514430,9000,1364281,8990613,836505043
2021-12-06,27648276,827505808,150020,1325598,8642898,836148706
2021-12-07,29662757,838778701,49000,1191778,7651215,846429916
2021-12-08,33264795,836413900,194500,1381778,9244094,845657994
2021-12-09,32479697,842774544,3100,1287978,8410497,851185041
2021-12-10,54901370,853609901,145500,1347778,9070546,862680447
2021-12-13,52138150,867532881,47200,1318778,8598432,876131313
2021-12-14,36830097,886357928,36900,1259078,7982554,894340482
2021-12-15,18298359,888225487,275800,1477978,9385160,897610647
2021-12-16,34703041,901728087,238300,1709078,11040644,912768731
2021-12-17,23842798,889602309,192200,1874678,11979192,901581501
2021-12-20,23326207,901770094,136700,1930078,12062988,913833082
2021-12-21,20089854,896091725,122000,2029178,12946156,909037881
2021-12-22,13739295,892745813,325200,2286478,14724918,907470731
2021-12-23,50621373,883063027,250300,2434958,16606413,899669440
2021-12-24,28691506,877739234,125300,2224234,14679945,892419179
2021-12-27,28667409,887030186,278800,2461434,16023936,903054122
2021-12-28,19044318,886485604,74100,2497534,16308897,902794501
2021-12-29,13664523,889480859,67000,2518934,16297503,905778362
2021-12-30,26452958,872120765,131500,2585934,16420681,888541446
2021-12-31,19426103,875629237,108100,2678534,17062261,892691498
2022-01-04,24422161,876466588,954300,3615934,23141977,899608565
2022-01-05,24629849,886116464,12800,3349534,20968083,907084547
2022-01-06,13687965,883627240,121100,3449234,21764667,905391907
2022-01-07,17464084,883378431,77500,3513834,21504664,904883095
2022-01-10,7884038,876715787,2300,3257634,20034449,896750236
2022-01-11,7511008,871145725,195900,3088434,19148291,890294016
2022-01-12,6995664,871583056,323000,3341934,20820249,892403305
2022-01-13,8090134,866823851,210200,3496434,21572998,888396849
2022-01-14,14204392,866434195,193480,3638314,22230099,888664294
2022-01-17,11248833,858938961,26900,3648614,22913295,881852256
2022-01-18,9152512,856760224,16700,3538814,22294528,879054752
2022-01-19,9239324,858307823,14800,3485514,21645043,879952866
2022-01-20,9076155,856575906,47300,3513314,21501482,878077388
2022-01-21,14583952,856827432,131100,3610914,21340502,878167934
2022-01-24,4122387,850272853,106600,3540314,20781643,871054496
2022-01-25,8554905,844767929,41900,3231514,18484261,863252190
2022-01-26,8607485,844905281,155800,3275714,18606056,863511337
2022-01-27,5161476,840860571,243500,3410914,19135228,859995799
2022-01-28,6698638,835674343,214600,3284714,18460093,854134436
2022-02-07,9602078,836162487,170000,3445814,19778972,855941459
2022-02-08,4137515,832979599,73200,3494214,20301384,853280983
2022-02-09,3687467,826554380,29200,3440814,20266394,846820774
2022-02-10,3471453,822329041,22500,3432414,20251242,842580283
2022-02-11,3504342,818931697,13100,3444714,20151577,839083274
2022-02-14,3517476,817573045,18600,3397314,19908260,837481305
2022-02-15,19602215,823494739,244160,3605474,21849173,845343912
2022-02-16,11200475,822363513,22600,3457174,20881330,843244843
2022-02-17,5780574,818741804,8300,3308574,19686015,838427819
2022-02-18,7170214,818891615,112900,3348794,20126253,839017868
2022-02-21,8237532,818895859,10800,3120094,18876569,837772428
2022-02-22,8875052,819054701,179000,3219294,19186993,838241694
2022-02-23,8915571,792431111,47100,3254794,19561313,811992424
2022-02-24,17970865,793612266,117000,3308194,19022116,812634382
2022-02-25,5793457,792230384,12100,3289194,19176001,811406385
2022-02-28,8796971,792738224,18700,3138970,18143246,810881470
2022-03-01,4965327,789570719,6500,3122570,18204583,807775302
2022-03-02,3344714,784583469,36400,2858670,16780392,801363861
2022-03-03,6962995,784786948,4200,2833570,16491377,801278325
2022-03-04,8021267,786887059,65000,2774194,16007100,802894159
2022-03-07,5194062,787892264,64500,2682294,15208607,803100871
2022-03-08,14681441,791136388,256700,2802994,14996018,806132406
2022-03-09,10228482,794541434,328480,2993974,15658483,810199917
2022-03-10,3854052,791721515,13000,2936074,15531831,807253346
2022-03-11,7988945,793610649,41900,2963074,15882077,809492726
2022-03-14,3244869,792374093,30600,2980774,15887525,808261618
2022-03-15,5330364,787115116,218700,2883874,14563564,801678680
2022-03-16,6172206,786721833,226468,2987442,15504823,802226656
2022-03-17,5076431,784909690,46600,3017042,15779129,800688819
2022-03-18,4478964,784923867,106700,3061842,16227762,801151629
2022-03-21,6678762,786008414,69600,3075042,16236221,802244635
2022-03-22,3825269,783307618,74300,3082042,16334822,799642440
2022-03-23,8872746,786348744,73300,3151242,16827632,803176376
2022-03-24,6348669,787940168,43400,3117942,16400376,804340544
2022-03-25,1828340,786239579,6600,3103342,16323580,802563159
2022-03-28,6641804,786665127,138200,3127342,16793826,803458953
2022-03-29,24629443,793822407,718120,3814262,20520730,814343137
2022-03-30,15105002,792779611,123100,3863962,21251791,814031402
2022-03-31,13034760,793768797,97693,3863055,20976389,814745186
2022-04-01,8139832,793777452,61600,3744555,20482716,814260168
2022-04-06,7031333,793167975,44900,3680762,19986538,813154513
2022-04-07,5363416,791035586,241691,3799153,20173503,811209089
2022-04-08,8074440,785814673,114881,3782743,20880741,806695414
2022-04-11,9716694,790725864,129231,3825174,20808946,811534810
2022-04-12,6566997,787213280,102301,3513975,19537701,806750981
2022-04-13,6239322,780017189,97842,3540020,19647111,799664300
2022-04-14,10874674,772557736,129439,3605001,20007755,792565491
2022-04-15,9502119,768821407,89900,3579301,19435605,788257012
2022-04-18,8867328,764058504,150680,3627737,20387882,784446386
2022-04-19,7663963,766013309,44000,3342837,18586174,784599483
2022-04-20,8868407,769212969,108440,3400002,18666010,787878979
2022-04-21,5020814,768374854,150039,3480045,18374637,786749491
