日期,融资买入额(元),融资余额(元),融券卖出量,融券余量,融券余额(元),融资融券余额(元)
2017-07-12,73852591,1139428678,7200,49531,648361,1140077039
2017-07-13,123721940,1129211655,65000,97531,1302039,1130513694
2017-07-14,71612829,1127025254,17000,77631,1040255,1128065509
2017-07-17,85643150,1116723211,6100,63831,822143,1117545354
2017-07-18,107552357,1089168914,38500,98031,1340084,1090508998
2017-07-19,220282358,1146530416,16500,84731,1200638,1147731054
2017-07-20,287193965,1202965957,41800,126531,1832169,1204798126
2017-07-21,312630434,1248738248,0,98131,1523974,1250262222
2017-07-24,338670558,1266562285,28400,114531,1814171,1268376456
2017-07-25,270287082,1308226874,50113,136644,2219098,1310445972
2017-07-26,329570355,1319240890,44000,101981,1672488,1320913378
2017-07-27,327090673,1361083061,89000,184431,2866058,1363949119
2017-07-28,192847239,1364689130,63600,135031,2138891,1366828021
2017-07-31,331775021,1384136928,99400,189731,3210249,1387347177
2017-08-01,275163544,1426349060,0,90331,1466072,1427815132
2017-08-02,306017294,1444052514,191700,281031,4614529,1448667043
2017-08-03,314477836,1398826614,100,210931,3670199,1402496813
2017-08-04,553868135,1455391812,72200,176531,3214630,1458606442
2017-08-07,391531809,1515429387,77000,183531,3389818,1518819205
2017-08-08,500805296,1558088760,90000,216331,3595421,1561684181
2017-08-09,308487255,1568804795,8000,131831,2165983,1570970778
2017-08-10,185536317,1451898520,70100,193931,3186286,1455084806
2017-08-11,250968328,1395857952,47895,193026,2908902,1398766854
2017-08-14,165607990,1379900675,30100,149131,2233982,1382134657
2017-08-15,224901700,1365720401,63600,158931,2469788,1368190189
2017-08-16,225893236,1383295002,103300,232931,3691956,1386986958
2017-08-17,120485459,1398332309,25000,138131,2181088,1400513397
2017-08-18,125584372,1396974675,42000,135131,2135070,1399109745
2017-08-21,84659021,1368613512,54984,170215,2733653,1371347165
2017-08-22,88064911,1352992644,25300,136431,2162431,1355155075
2017-08-23,81846738,1312306722,43100,137231,2091400,1314398122
2017-08-24,62011628,1310834829,8400,118831,1803855,1312638684
2017-08-25,79400762,1287575581,18200,121831,1888381,1289463962
2017-08-28,134380421,1303407503,53900,146331,2317883,1305725386
2017-08-29,154508322,1319556447,46200,137231,2195696,1321752143
2017-08-30,202639322,1304266246,73500,188531,3142812,1307409058
2017-08-31,173855797,1356834575,11900,134931,2260094,1359094669
2017-09-01,193255095,1368653569,56400,159231,2714889,1371368458
2017-09-04,190207798,1367419673,46500,165731,2838972,1370258645
2017-09-05,128823625,1390324241,23900,138531,2327321,1392651562
2017-09-06,119449201,1377732360,10900,125131,2115965,1379848325
2017-09-07,136266519,1386255294,50000,134331,2196312,1388451606
2017-09-08,94356576,1384969520,41500,155631,2563243,1387532763
2017-09-11,115287085,1422052782,10600,125631,2062861,1424115643
2017-09-12,295485048,1483363545,127700,222631,3844837,1487208382
2017-09-13,183623028,1530160288,40300,153531,2620774,1532781062
2017-09-14,191527966,1563747689,28200,112131,1923047,1565670736
2017-09-15,208290525,1573094975,71200,157531,2536249,1575631224
2017-09-18,110401624,1603739113,21400,147731,2365173,1606104286
2017-09-19,110249767,1617075920,31500,159031,2499967,1619575887
2017-09-20,82292466,1606453323,16800,116131,1848806,1608302129
2017-09-21,57022184,1586141309,300,105931,1657820,1587799129
2017-09-22,77235562,1572399153,6200,109531,1686777,1574085930
2017-09-25,42705024,1571140712,19600,115031,1755373,1572896085
2017-09-26,55287357,1580323703,42700,138231,2153639,1582477342
2017-09-27,99837015,1578089039,56800,133131,2110126,1580199165
2017-09-28,87474155,1577335587,14100,138631,2144622,1579480209
2017-09-29,90156099,1565110092,10700,85331,1318364,1566428456
2017-10-09,84473624,1600102908,0,69631,1071621,1601174529
2017-10-10,58603629,1608655148,2800,71431,1102180,1609757328
2017-10-11,102769455,1623471380,14500,76931,1138579,1624609959
2017-10-12,81181716,1635752106,500,60131,872501,1636624607
2017-10-13,86551369,1663425553,38000,95131,1408890,1664834443
2017-10-16,68264022,1644874546,1500,33631,485968,1645360514
2017-10-17,39887552,1648463163,0,32231,467672,1648930835
2017-10-18,66899405,1635148606,18200,49931,700033,1635848639
2017-10-19,45807520,1636333563,65000,98231,1384075,1637717638
2017-10-20,52119198,1620235862,28000,121231,1737240,1621973102
2017-10-23,42857974,1621131470,0,33231,478859,1621610329
2017-10-24,44783111,1598120612,24100,57231,817831,1598938443
2017-10-25,66601541,1604704433,8500,55731,807542,1605511975
2017-10-26,110636745,1592406785,65000,93631,1404465,1593811250
2017-10-27,67165031,1601444693,0,41431,612350,1602057043
2017-10-30,72161836,1608228165,37200,75931,1078220,1609306385
2017-10-31,46150744,1612013568,3900,77631,1110900,1613124468
2017-11-01,55518841,1621514475,12000,64331,907710,1622422185
2017-11-02,75449041,1622665344,34600,94331,1280072,1623945416
2017-11-03,38222059,1617615406,400,49731,666893,1618282299
2017-11-06,59903884,1624109621,51400,95931,1280679,1625390300
2017-11-07,46157125,1615555386,1200,67531,918422,1616473808
2017-11-08,71503434,1628459869,46000,106931,1474578,1629934447
2017-11-09,35210475,1615327914,16300,92631,1291276,1616619190
2017-11-10,41500173,1608323936,0,76331,1051078,1609375014
2017-11-13,62332246,1603261384,74700,117731,1672958,1604934342
2017-11-14,71938456,1617601391,34900,136331,1905907,1619507298
2017-11-15,54718426,1625030931,1500,72331,984425,1626015356
2017-11-16,25702569,1617994185,15900,86331,1187915,1619182100
2017-11-17,59593487,1600363440,0,74331,967790,1601331230
2017-11-20,32458124,1593525538,9700,84031,1121814,1594647352
2017-11-21,30073136,1582738258,44400,128131,1736175,1584474433
2017-11-22,37645773,1572063219,13000,97431,1331882,1573395101
2017-11-23,57207372,1568779892,0,74231,994695,1569774587
2017-11-24,38203459,1572147343,44900,114131,1551040,1573698383
2017-11-27,33382995,1573047850,29200,118831,1605407,1574653257
2017-11-28,53884250,1576472227,0,81831,1141542,1577613769
2017-11-29,119944955,1587006812,18000,93431,1344472,1588351284
2017-11-30,46845416,1580630758,9600,87131,1239003,1581869761
2017-12-01,50839824,1582952301,22400,103531,1473246,1584425547
2017-12-04,68287766,1587327363,24900,116731,1642405,1588969768
2017-12-05,91521232,1596775587,21300,111131,1493601,1598269188
2017-12-06,43713599,1593952468,14700,103331,1409435,1595361903
2017-12-07,46076032,1592077305,14900,84831,1156247,1593233552
2017-12-08,87798253,1614452762,62800,131731,1863994,1616316756
2017-12-11,64190106,1619948821,6000,68731,980791,1620929612
2017-12-12,84251653,1597766401,27000,91731,1275061,1599041462
2017-12-13,55195830,1589941854,8100,82531,1163687,1591105541
2017-12-14,52332381,1592938257,31800,107531,1480702,1594418959
2017-12-15,44919164,1592607766,5000,87431,1186439,1593794205
2017-12-18,34014095,1588509542,26900,108831,1469219,1589978761
2017-12-19,44041498,1593247923,8700,75631,1026313,1594274236
2017-12-20,75950809,1608424444,19200,83731,1096039,1609520483
2017-12-21,49417867,1621476935,13000,80931,1065861,1622542796
2017-12-22,42495053,1626845259,13400,61731,812380,1627657639
2017-12-25,29133357,1617516088,12700,67531,877903,1618393991
2017-12-26,31414475,1625017006,0,59831,781991,1625798997
2017-12-27,72542483,1642225421,20800,65631,871580,1643097001
2017-12-28,48407392,1646308120,34600,79431,1058815,1647366935
2017-12-29,42127914,1632815065,0,75131,999994,1633815059
2018-01-02,136848944,1642263613,34500,109631,1549086,1643812699
2018-01-03,117838308,1639804206,7200,100831,1421717,1641225923
2018-01-04,202664236,1658648420,42400,131231,1929096,1660577516
2018-01-05,141606235,1648920521,7300,104431,1533047,1650453568
2018-01-08,187590406,1659875272,6600,95531,1449205,1661324477
2018-01-09,143551489,1661555115,12900,87931,1320724,1662875839
2018-01-10,129497178,1670679955,6200,83631,1242757,1671922712
2018-01-11,95090599,1676979274,33500,87331,1297739,1678277013
2018-01-12,109807081,1704973519,15000,95731,1393843,1706367362
2018-01-15,118451373,1710034250,5600,55831,790009,1710824259
2018-01-16,122884920,1713117606,28800,77631,1121768,1714239374
2018-01-17,82296469,1692340111,17800,65731,937324,1693277435
2018-01-18,142012531,1688935838,61600,105031,1560761,1690496599
2018-01-19,110095300,1700037044,14200,77531,1136604,1701173648
2018-01-22,115084738,1713604591,27400,75731,1135965,1714740556
2018-01-23,110533202,1740469910,1300,43531,648612,1741118522
2018-01-24,113663520,1749706634,0,43531,641212,1750347846
2018-01-25,242552615,1786606371,69400,112931,1702999,1788309370
2018-01-26,152462425,1752907980,27900,91431,1379694,1754287674
2018-01-29,180074040,1782419239,14000,65431,978848,1783398087
2018-01-30,246460859,1811223857,73600,127131,1961631,1813185488
2018-01-31,258866911,1830793394,28000,93431,1402399,1832195793
2018-02-01,229084967,1897480777,40400,80531,1158036,1898638813
2018-02-02,108440310,1883859737,29100,81331,1180113,1885039850
2018-02-05,112763612,1880511994,29800,96531,1418040,1881930034
2018-02-06,199787875,1896820889,32500,81831,1081806,1897902695
2018-02-07,96933544,1887504509,63956,93387,1241113,1888745622
2018-02-08,66325115,1868222270,18400,45531,602830,1868825100
2018-02-09,89318347,1798895914,102499,122630,1469107,1800365021
2018-02-12,92231163,1833287082,3500,30031,367279,1833654361
2018-02-13,69754612,1837034235,20800,47831,591191,1837625426
2018-02-14,26399229,1804217860,0,46831,581173,1804799033
2018-02-22,67550417,1794128916,13200,60031,766596,1794895512
2018-02-23,91236890,1825526882,12500,63831,831080,1826357962
2018-02-26,99837548,1830657555,42500,76331,1006043,1831663598
2018-02-27,78182348,1819171848,37000,75031,967900,1820139748
2018-02-28,71418089,1807059678,37000,79031,1031355,1808091033
2018-03-01,70719779,1825969483,0,39231,512749,1826482232
2018-03-02,46475741,1795057706,20000,57831,749490,1795807196
2018-03-05,41258205,1790280191,40300,95531,1239037,1791519228
2018-03-06,107922866,1747502180,27800,88331,1106787,1748608967
2018-03-07,45029323,1739415525,41700,102231,1282999,1740698524
2018-03-08,26203237,1719846132,5000,67631,842006,1720688138
2018-03-09,43085770,1705263337,3300,32031,405192,1705668529
2018-03-12,56491663,1684808375,51800,83831,1091480,1685899855
2018-03-13,50931246,1686723428,5000,60531,777823,1687501251
2018-03-14,50439987,1674343852,20000,74531,965922,1675309774
2018-03-15,50366080,1672381972,19800,68431,869758,1673251730
2018-03-16,29782444,1633990931,25000,57131,714138,1634705069
2018-03-19,20659774,1619172730,36300,65431,817888,1619990618
2018-03-20,20786975,1607943450,6200,48931,616531,1608559981
2018-03-21,27298509,1587256485,33300,65231,817344,1588073829
2018-03-22,18069664,1565157952,5000,42731,530292,1565688244
2018-03-23,39442898,1533070277,78900,116431,1432101,1534502378
2018-03-26,28808801,1505049688,0,39331,476692,1505526380
2018-03-27,51299387,1508548174,26800,66131,806798,1509354972
2018-03-28,23198878,1496737981,15000,67431,809172,1497547153
2018-03-29,31321831,1500822908,0,62631,757835,1501580743
2018-03-30,29832367,1498142331,0,38931,464836,1498607167
2018-04-02,46694548,1500230674,300,39231,462533,1500693207
2018-04-03,63029570,1510246704,0,28731,331843,1510578547
2018-04-04,21748745,1495242052,0,26131,304949,1495547001
2018-04-09,25880743,1487433109,7000,26431,311886,1487744995
2018-04-10,24930038,1476229108,16800,36231,427888,1476656996
2018-04-11,35815809,1470664846,61400,88831,1055312,1471720158
2018-04-12,23512030,1467946173,0,56231,654529,1468600702
2018-04-13,19181987,1463044191,0,27431,317102,1463361293
2018-04-16,22115782,1461952463,3600,31031,353443,1462305906
2018-04-17,46593488,1466947801,16900,47931,531555,1467479356
2018-04-18,22848967,1453583508,5100,24531,271558,1453855066
2018-04-19,15974211,1437350274,25600,50131,566480,1437916754
2018-04-20,12328137,1425346413,58500,93031,1044738,1426391151
2018-04-23,15844484,1413702429,5500,50131,546929,1414249358
2018-04-24,28814402,1422564939,16600,66731,737378,1423302317
2018-04-25,18725466,1415372707,9700,74431,811298,1416184005
2018-04-26,28384533,1415645865,8600,66731,706014,1416351879
2018-04-27,13221783,1392833935,3000,61031,645098,1393479033
2018-05-02,21018445,1393059936,15000,73031,773398,1393833334
2018-05-03,29390551,1386970058,2000,66731,722697,1387692755
2018-05-04,24361307,1375303933,15700,82431,897674,1376201607
2018-05-07,27993163,1379553654,8100,79031,872502,1380426156
2018-05-08,24024627,1383510356,8000,72740,798685,1384309041
2018-05-09,13664161,1379766917,15700,80440,883231,1380650148
2018-05-10,22574104,1378641216,12900,92340,1024051,1379665267
2018-05-11,11488623,1357998835,1000,80431,887154,1358885989
2018-05-14,23620886,1359820360,1000,80431,887154,1360707514
2018-05-15,22097257,1365047632,23100,81831,907506,1365955138
2018-05-16,78454601,1355801327,60900,126731,1495426,1357296753
2018-05-17,109944173,1352134699,6000,100531,1220446,1353355145
2018-05-18,76489132,1269206188,21600,77931,960889,1270167077
2018-05-21,103868440,1276236258,62800,130731,1674664,1277910922
2018-05-22,107392951,1293894293,12900,80431,1006192,1294900485
2018-05-23,110308579,1343270679,62500,138431,1687474,1344958153
2018-05-24,69474923,1359748109,7500,144931,1749317,1361497426
2018-05-25,61013461,1363997865,3800,89131,1045507,1365043372
2018-05-28,55765764,1377283199,10000,75331,876100,1378159299
2018-05-29,46741649,1358179982,0,65331,753266,1358933248
2018-05-30,52523543,1344497009,37700,89631,988630,1345485639
2018-05-31,40863045,1356782157,0,64331,711501,1357493658
2018-06-01,35312284,1352643702,0,50431,550707,1353194409
2018-06-04,25699293,1356434216,0,50431,541125,1356975341
2018-06-05,34940733,1366103568,28300,78231,857412,1366960980
2018-06-06,31532255,1365741551,21700,71631,777196,1366518747
2018-06-07,47768724,1355667994,87100,148731,1665787,1357333781
2018-06-08,36146463,1342619261,5900,56331,623021,1343242282
2018-06-11,28947635,1352953871,0,51431,565741,1353519612
2018-06-12,35576503,1342913172,900,50831,558124,1343471296
2018-06-13,29345470,1351904699,18100,68031,734735,1352639434
2018-06-14,16194055,1349847063,0,54531,589480,1350436543
2018-06-15,36182422,1340430820,35800,90031,940824,1341371644
2018-06-19,36349463,1309311506,54300,104531,1045310,1310356816
2018-06-20,17891130,1307486426,2100,57931,586841,1308073267
2018-06-21,13087409,1295237787,0,57931,589158,1295826945
2018-06-22,7949930,1288532503,30800,81731,839377,1289371880
2018-06-25,16313524,1293137979,0,81731,814858,1293952837
2018-06-26,17532795,1293885258,0,45931,452880,1294338138
2018-06-27,30713062,1299462828,44600,81531,790851,1300253679
2018-06-28,24332251,1295343880,19400,60731,567228,1295911108
2018-06-29,20885465,1291182542,0,36931,356015,1291538557
2018-07-02,13164648,1290639230,5000,41931,393313,1291032543
2018-07-03,15768815,1288051191,38400,75331,708865,1288760056
2018-07-04,21682310,1285488374,13200,73931,673511,1286161885
2018-07-05,17758398,1257959673,4900,38131,321826,1258281499
2018-07-06,14151173,1240820807,28000,58331,502230,1241323037
2018-07-09,11671866,1219010299,20800,23331,206479,1219216778
2018-07-10,18626302,1218864699,61500,84831,771114,1219635813
2018-07-11,13215972,1212733570,22500,59331,545252,1213278822
2018-07-12,24453775,1212032148,24500,44231,410906,1212443054
2018-07-13,12579264,1210118763,0,37731,351276,1210470039
2018-07-16,11667605,1206862996,53200,90931,851114,1207714110
2018-07-17,12724408,1206612899,33400,71131,657962,1207270861
2018-07-18,15711506,1198388194,21000,87031,809388,1199197582
2018-07-19,14267680,1194804892,4600,80431,741574,1195546466
2018-07-20,18382432,1194674007,700,37931,356172,1195030179
2018-07-23,34395837,1208529302,0,36731,347108,1208876410
2018-07-24,38230259,1205045074,2900,39631,386402,1205431476
2018-07-25,29702743,1211303266,9000,45731,438103,1211741369
2018-07-26,11573786,1207848938,0,45731,436731,1208285669
2018-07-27,16628375,1208617554,0,45731,433987,1209051541
2018-07-30,19717281,1200021301,25600,71331,685491,1200706792
2018-07-31,15767992,1197083905,0,64331,616291,1197700196
2018-08-01,24636002,1191045189,18500,82831,777783,1191822972
2018-08-02,25482365,1193622025,42800,107031,983615,1194605640
2018-08-03,23120300,1194810671,12000,88931,816387,1195627058
2018-08-06,21942610,1190083486,1700,55231,484376,1190567862
2018-08-07,16797460,1179332814,37300,84331,781748,1180114562
2018-08-08,53473400,1197909368,77200,155031,1475895,1199385263
2018-08-09,39716165,1194234415,50800,144931,1397135,1195631550
2018-08-10,18609914,1196251367,40600,134731,1288028,1197539395
2018-08-13,19804620,1198146793,41800,135931,1291345,1199438138
2018-08-14,15276205,1198351478,26500,128031,1213734,1199565212
2018-08-15,36254528,1206635944,53700,152031,1368279,1208004223
2018-08-16,31126204,1212216904,46300,144631,1281431,1213498335
2018-08-17,22764798,1203639002,57300,153931,1322267,1204961269
2018-08-20,22582325,1208469744,55500,143431,1249284,1209719028
2018-08-21,15861242,1196346826,61600,155031,1398380,1197745206
2018-08-22,14428705,1195792585,52900,155131,1411692,1197204277
2018-08-23,18870629,1198198896,52700,155531,1402890,1199601786
2018-08-24,10094168,1197420331,16300,119131,1061457,1198481788
2018-08-27,18790001,1198704546,47700,147531,1341057,1200045603
2018-08-28,18881988,1201362171,9800,141631,1281761,1202643932
2018-08-29,15833493,1193314601,7000,116631,1034517,1194349118
2018-08-30,9909750,1188428529,22400,125231,1102033,1189530562
2018-08-31,21248995,1189555846,40600,131231,1139085,1190694931
2018-09-03,16512415,1188700454,35400,126031,1085127,1189785581
2018-09-04,10806762,1183382885,20600,146631,1291819,1184674704
2018-09-05,14289678,1184915247,25000,155331,1320314,1186235561
2018-09-06,9503987,1183793468,19000,174331,1474840,1185268308
2018-09-07,10458283,1170372486,2000,166331,1407160,1171779646
2018-09-10,11241126,1164990037,10000,176331,1479417,1166469454
2018-09-11,9232778,1165863758,0,155331,1303227,1167166985
2018-09-12,7185434,1165509996,9000,161431,1356020,1166866016
2018-09-13,8823452,1166175997,8400,169831,1438469,1167614466
2018-09-14,8867158,1163948350,27300,196331,1658997,1165607347
2018-09-17,12781696,1164518269,34900,217131,1776132,1166294401
2018-09-18,12086651,1162884640,14900,206831,1735312,1164619952
2018-09-19,10095435,1149879930,35400,233931,1983735,1151863665
2018-09-20,16711673,1150880920,0,228231,1930834,1152811754
2018-09-21,34473844,1153131345,9200,215231,1850987,1154982332
2018-09-25,22926390,1161172767,26400,235231,2004168,1163176935
2018-09-26,28657023,1174932604,9900,217031,1853445,1176786049
2018-09-27,19322971,1174106840,0,208031,1751621,1175858461
2018-09-28,26394088,1166922918,0,182131,1562684,1168485602
2018-10-08,39792114,1181523988,36098,218029,1783477,1183307465
2018-10-09,18716209,1178111405,0,194031,1573591,1179684996
2018-10-10,15939708,1179323858,11800,194331,1583798,1180907656
2018-10-11,37569031,1157410080,44900,178031,1308528,1158718608
2018-10-12,22258425,1138467208,33200,166331,1215880,1139683088
2018-10-15,8541913,1127998721,30100,164531,1189559,1129188280
2018-10-16,8124778,1115592938,22400,162031,1145559,1116738497
2018-10-17,8902511,1113366174,47700,191631,1372078,1114738252
2018-10-18,18773912,1115080887,29400,181731,1272117,1116353004
2018-10-19,17817800,1117307533,31300,174531,1253133,1118560666
2018-10-22,39458995,1121479456,48600,191831,1459834,1122939290
2018-10-23,19035407,1113277216,22700,175331,1290436,1114567652
2018-10-24,12565396,1113242271,28300,191431,1416589,1114658860
2018-10-25,14932053,1113799599,34400,190631,1412576,1115212175
2018-10-26,15396345,1107432239,199700,355931,2644567,1110076806
2018-10-29,8135383,1104152784,12800,156031,1137466,1105290250
2018-10-30,12369337,1103481026,31292,164523,1217470,1104698496
2018-10-31,25924821,1112778895,82100,215423,1609210,1114388105
2018-11-01,26761872,1110478542,28500,216023,1624493,1112103035
2018-11-02,26544101,1102129314,86900,272523,2125680,1104254994
2018-11-05,22157862,1093385635,6300,166623,1292995,1094678630
2018-11-06,27437446,1103387815,65000,213823,1629331,1105017146
2018-11-07,20906337,1092220754,43400,205623,1566847,1093787601
2018-11-08,12288612,1087844268,54000,214823,1626210,1089470478
2018-11-09,12015072,1092423415,147898,318721,2387220,1094810635
2018-11-12,20579471,1093114217,65000,342621,2648461,1095762678
2018-11-13,34961988,1091688062,63817,247938,1958710,1093646772
2018-11-14,20834995,1085956720,50800,271638,2135075,1088091795
2018-11-15,19860310,1086355057,20400,292038,2327543,1088682600
2018-11-16,26115603,1086789147,24500,275738,2211419,1089000566
2018-11-19,26614380,1090471220,10500,236638,1912035,1092383255
2018-11-20,29666382,1095116944,38500,269638,2105873,1097222817
2018-11-21,13978534,1087344733,12000,256238,2008906,1089353639
2018-11-22,16822959,1090332190,30000,277238,2154139,1092486329
2018-11-23,27685910,1093936812,49300,244738,1818403,1095755215
2018-11-26,14408418,1098622282,79400,288638,2135921,1100758203
2018-11-27,13308308,1102153722,23900,274838,2031053,1104184775
2018-11-28,17020725,1103462926,41600,263238,1976918,1105439844
2018-11-29,16387610,1095901144,42858,286596,2117944,1098019088
2018-11-30,13823364,1097316887,30600,213796,1601331,1098918218
2018-12-03,34491698,1099925164,103800,291596,2251120,1102176284
2018-12-04,29330901,1096820352,52400,263996,2082928,1098903280
2018-12-05,17653597,1087910087,45400,246296,1938349,1089848436
2018-12-06,9948965,1080830264,41600,234796,1824364,1082654628
2018-12-07,18018959,1078305151,107400,342196,2723880,1081029031
2018-12-10,14008319,1079404424,11000,314547,2434593,1081839017
2018-12-11,9134566,1081477105,13700,308038,2393455,1083870560
2018-12-12,15409276,1083053845,4100,231638,1802143,1084855988
2018-12-13,18949800,1074200681,3900,226538,1789650,1075990331
2018-12-14,11536660,1069783760,10100,218038,1674532,1071458292
2018-12-17,7971177,1067354419,13549,209087,1626697,1068981116
2018-12-18,15060227,1067486307,30400,211987,1640779,1069127086
2018-12-19,13556999,1071146988,14500,218487,1653947,1072800935
2018-12-20,9872914,1070452865,0,202787,1541182,1071994047
2018-12-21,22585463,1063213047,21700,204587,1507806,1064720853
2018-12-24,10300998,1057033765,600,192587,1425143,1058458908
2018-12-25,16233846,1060632212,20800,202487,1466005,1062098217
2018-12-26,8563139,1062318062,14300,173387,1243185,1063561247
2018-12-27,13744885,1065809522,0,169887,1202799,1067012321
2018-12-28,11928198,1065799607,15400,153587,1082789,1066882396
2019-01-02,6623539,1063474255,0,145087,1018511,1064492766
2019-01-03,11715488,1061760760,27900,162287,1140878,1062901638
2019-01-04,26843162,1073454012,14300,148687,1066086,1074520098
2019-01-07,20934058,1078888668,14800,150587,1087238,1079975906
2019-01-08,18565464,1083605872,3000,153587,1102755,1084708627
2019-01-09,46686775,1102889058,30500,174187,1259372,1104148430
2019-01-10,24112285,1105963274,0,160187,1150143,1107113417
2019-01-11,15542549,1098442099,14100,142987,1028077,1099470176
2019-01-14,16429955,1101930910,12100,155087,1113525,1103044435
2019-01-15,17577370,1097337251,12300,148287,1073597,1098410848
2019-01-16,13281581,1093957138,36900,185187,1338902,1095296040
2019-01-17,14096483,1090743287,21100,155787,1121666,1091864953
2019-01-18,27476038,1077482374,17700,157087,1156160,1078638534
2019-01-21,30950616,1077234622,3100,158087,1179329,1078413951
2019-01-22,18306664,1064399640,24200,171587,1257732,1065657372
2019-01-23,14777111,1061110618,4300,157487,1163829,1062274447
2019-01-24,15774613,1061018894,300,153787,1128797,1062147691
2019-01-25,11014004,1053173509,27200,167187,1230496,1054404005
2019-01-28,26025932,1049672304,14300,176287,1300998,1050973302
2019-01-29,14842559,1046699379,23800,150470,1101440,1047800819
2019-01-30,14583700,1045657717,4700,112629,823318,1046481035
2019-01-31,23313475,1041619490,2300,97029,695698,1042315188
2019-02-01,7485894,1015890726,0,94729,706678,1016597404
2019-02-11,31321777,1018372071,25500,120229,931775,1019303846
2019-02-12,28649211,997067799,1300,61131,474988,997542787
2019-02-13,32423975,988154924,32749,93880,744469,988899393
2019-02-14,35198091,1000151293,24000,117880,932431,1001083724
2019-02-15,25597245,1000564692,29500,140180,1104618,1001669310
2019-02-18,32079170,1003238093,42100,141680,1158943,1004397036
2019-02-19,59859167,1033642913,35200,145080,1179500,1034822413
2019-02-20,25181608,1037152249,30700,145580,1192300,1038344549
2019-02-21,43434699,1043607129,32100,141880,1143553,1044750682
2019-02-22,22898114,1025917697,34700,155980,1289954,1027207651
2019-02-25,61353140,1015088046,43800,147180,1287825,1016375871
2019-02-26,56928479,1013984421,52600,162980,1445633,1015430054
2019-02-27,43928831,1015762157,36200,141180,1233913,1016996070
2019-02-28,31138066,1020326543,81800,192780,1698392,1022024935
2019-03-01,30347060,1020922888,34700,197280,1753820,1022676708
2019-03-04,49416306,1006164985,31600,145980,1324038,1007489023
2019-03-05,51682186,1008170644,49600,165280,1556938,1009727582
2019-03-06,77638908,1020046778,36783,165163,1603733,1021650511
2019-03-07,54968580,1005258648,31700,152363,1468779,1006727427
2019-03-08,57704218,1001836865,57700,170363,1579265,1003416130
2019-03-11,47002560,996953381,40700,169663,1676270,998629651
2019-03-12,75646362,1020079208,42400,174363,1713989,1021793197
2019-03-13,56899480,1039491716,34400,177363,1684949,1041176665
2019-03-14,40320380,1021203638,36700,177263,1639683,1022843321
2019-03-15,39125048,1005491792,35900,181763,1739472,1007231264
2019-03-18,40819902,987055644,32300,182663,1791924,988847568
2019-03-19,54028863,1008853767,58300,209563,2049526,1010903293
2019-03-20,60975380,1025317243,81400,231663,2228598,1027545841
2019-03-21,61500828,1035405286,87200,228363,2263077,1037668363
2019-03-22,49303757,1043293824,80900,221563,2151377,1045445201
2019-03-25,41132481,1043508312,58900,230863,2200124,1045708436
2019-03-26,35737436,1056674417,80778,227041,2095588,1058770005
2019-03-27,40409672,1030547170,105600,217141,1952098,1032499268
2019-03-28,23892733,1021659194,95400,213841,1892493,1023551687
2019-03-29,38164931,1003662849,100700,216641,1973599,1005636448
2019-04-01,86843731,1000422850,121100,256341,2517268,1002940118
2019-04-02,137222236,1025636157,84600,259441,2718942,1028355099
2019-04-03,70082807,1011670595,90600,266341,2788591,1014459186
2019-04-04,132149620,1016949532,82000,262041,2882451,1019831983
2019-04-08,303643809,1139886596,116185,296726,3447956,1143334552
2019-04-09,136174674,1116896284,201400,410326,4488966,1121385250
2019-04-10,94460883,1127990422,117400,322126,3549829,1131540251
2019-04-11,71885223,1131323509,197000,393726,4153809,1135477318
2019-04-12,38136284,1119856408,116800,304726,3178292,1123034700
2019-04-15,46309398,1114744603,43800,231726,2368240,1117112843
2019-04-16,40892356,1113732822,140400,328326,3476972,1117209794
2019-04-17,59842101,1121557952,76600,246026,2615257,1124173209
2019-04-18,35440895,1127571232,66800,255426,2689635,1130260867
2019-04-19,58690511,1108456792,173300,357426,3878072,1112334864
2019-04-22,67820647,1128116478,87500,273626,2867601,1130984079
2019-04-23,72684138,1150454811,54099,237125,2352280,1152807091
2019-04-24,61917984,1164622196,93300,287825,2973232,1167595428
2019-04-25,74085733,1152308743,73600,288828,2714983,1155023726
2019-04-26,34389250,1152663549,42107,196936,1813781,1154477330
2019-04-29,43831012,1149159050,80700,192136,1686954,1150846004
2019-04-30,19647316,1136258091,86800,171836,1529341,1137787432
2019-05-06,27466995,1107532641,63400,147336,1259723,1108792364
2019-05-07,36590168,1121587477,34600,140536,1181908,1122769385
2019-05-08,25497322,1120516867,97000,200836,1642839,1122159706
2019-05-09,14502618,1115933732,76500,230036,1881695,1117815427
2019-05-10,37581438,1117368203,35500,227936,1921500,1119289703
2019-05-13,13662562,1114077968,33300,186936,1557177,1115635145
2019-05-14,13953681,1105734825,49400,176787,1440814,1107175639
2019-05-15,17999270,1105413989,56400,204201,1705079,1107119068
2019-05-16,22252022,1103173898,43800,226131,1915330,1105089228
2019-05-17,22570862,1102393386,38000,227631,1843811,1104237197
2019-05-20,15396857,1098676302,51100,202231,1595603,1100271905
2019-05-21,19398687,1093507788,51457,195287,1599401,1095107189
2019-05-22,7809085,1091470885,76699,234786,1901767,1093372652
2019-05-23,11042941,1086911569,38000,224486,1775684,1088687253
2019-05-24,7082141,1084465822,13400,233486,1856213,1086322035
2019-05-27,17534192,1088273329,30000,194686,1578903,1089852232
2019-05-28,14874422,1087567417,35300,222086,1794454,1089361871
2019-05-29,11533135,1088184139,62800,266886,2161777,1090345916
2019-05-30,14301130,1085136345,25300,191586,1532688,1086669033
2019-05-31,22263436,1088130744,45600,173686,1373856,1089504600
2019-06-03,8118338,1083321476,57400,188821,1472804,1084794280
2019-06-04,14835496,1086290412,22100,179321,1368220,1087658632
2019-06-05,10445033,1088416176,17900,185421,1407345,1089823521
2019-06-06,6941628,1079578201,55000,173021,1285546,1080863747
2019-06-10,10517818,1040286138,48500,214321,1620266,1041906404
2019-06-11,22157892,1036662303,2600,154121,1225262,1037887565
2019-06-12,39653659,1053877216,22200,162321,1309930,1055187146
2019-06-13,9501975,1053847468,10000,161621,1302665,1055150133
2019-06-14,6651918,1045686069,14200,175821,1385469,1047071538
2019-06-17,6245073,1047349826,88700,257821,2034208,1049384034
2019-06-18,9955700,1048406771,14000,252821,1956835,1050363606
2019-06-19,10292568,1045897823,21900,261221,2058421,1047956244
2019-06-20,11365819,1037098556,48100,289421,2335627,1039434183
2019-06-21,13494469,1027434054,12100,249121,2035318,1029469372
2019-06-24,16526150,1028700759,6000,243421,1998487,1030699246
2019-06-25,15935488,1029307657,3500,201721,1625871,1030933528
2019-06-26,11479335,1033003303,31900,148621,1188968,1034192271
2019-06-27,16687355,1034886934,13700,161121,1301857,1036188791
2019-06-28,13426823,1039324703,38300,155421,1237151,1040561854
2019-07-01,29688058,1054129146,13000,135921,1102319,1055231465
2019-07-02,19170826,1050926612,43600,179521,1455915,1052382527
2019-07-03,18103097,1056772098,19400,195921,1567368,1058339466
2019-07-04,6484706,1054286666,11500,205921,1651487,1055938153
2019-07-05,11332427,1044853253,8600,183121,1457643,1046310896
2019-07-08,23541224,1055860010,79500,225121,1731180,1057591190
2019-07-09,4153106,1054037504,12000,191221,1466665,1055504169
2019-07-10,7635497,1056592041,11800,192721,1472389,1058064430
2019-07-11,7275331,1057306770,40100,219221,1668272,1058975042
2019-07-12,13668918,1056254579,24500,204921,1577892,1057832471
2019-07-15,10686274,1053527024,68100,231710,1802704,1055329728
2019-07-16,11306909,1054814005,43500,235410,1829136,1056643141
2019-07-17,9898443,1053388944,30800,227710,1760199,1055149143
2019-07-18,14349205,1061883559,20100,197410,1492419,1063375978
2019-07-19,17401003,1070184900,44000,231410,1754088,1071938988
2019-07-22,9736720,1062877542,51500,237110,1756985,1064634527
2019-07-23,14906904,1065273095,0,215610,1595514,1066868609
2019-07-24,10186377,1067237426,16900,206410,1535691,1068773117
2019-07-25,12697759,1063260819,4000,193510,1426168,1064686987
2019-07-26,20600784,1059826475,22100,197610,1466266,1061292741
2019-07-29,10176280,1060159265,7700,205310,1504922,1061664187
2019-07-30,10602295,1056646359,34600,239910,1770536,1058416895
2019-07-31,7560382,1050076897,23100,228510,1702400,1051779297
2019-08-01,12332595,1045570844,200,220710,1661946,1047232790
2019-08-02,10295531,1044108058,3000,181310,1348947,1045457005
2019-08-05,11408674,1044242503,7300,188610,1408917,1045651420
2019-08-06,12112357,1043624323,41089,185299,1360095,1044984418
2019-08-07,7666067,1043225408,17400,201899,1485976,1044711384
2019-08-08,5375627,1041657022,3900,201999,1486712,1043143734
2019-08-09,4732933,1037985890,0,196999,1444002,1039429892
2019-08-12,5976225,1038388367,5000,201999,1482673,1039871040
2019-08-13,10796733,1039524084,54800,245599,1763401,1041287485
2019-08-14,7927749,1038974027,3300,194199,1392407,1040366434
2019-08-15,9776924,1040606866,29500,220099,1571507,1042178373
2019-08-16,9193831,1041615562,16500,208999,1483893,1043099455
2019-08-19,12003837,1032017386,10000,211099,1543134,1033560520
2019-08-20,6911250,1026525338,23300,215399,1576721,1028102059
2019-08-21,4916660,1023079821,4700,186099,1351079,1024430900
2019-08-22,13283920,1017632322,5000,182999,1304783,1018937105
2019-08-23,6605423,1016410581,21000,203999,1448393,1017858974
2019-08-26,12480083,1020700988,21300,204299,1421921,1022122909
2019-08-27,12669154,1010082799,53000,252299,1776185,1011858984
2019-08-28,15167759,1015073916,5000,249099,1746184,1016820100
2019-08-29,6109817,1006981637,27900,260899,1834120,1008815757
2019-08-30,11931261,1005475768,11000,227599,1590917,1007066685
2019-09-02,16124946,1007058001,3000,219299,1537286,1008595287
2019-09-03,19480098,1000714568,13200,222199,1544283,1002258851
2019-09-04,21576340,992988026,33900,208499,1492853,994480879
2019-09-05,25464300,983340675,38200,219599,1574525,984915200
2019-09-06,13405134,979185250,0,214799,1537961,980723211
2019-09-09,19511376,980172535,0,214799,1559441,981731976
2019-09-10,14890022,976591210,25300,198999,1448713,978039923
2019-09-11,12951297,968109928,19600,193299,1403351,969513279
2019-09-12,14927237,967943745,0,190399,1386105,969329850
2019-09-16,18032336,956139783,11200,201599,1473689,957613472
2019-09-17,15459616,956343842,19200,220799,1583129,957926971
2019-09-18,9177369,960338557,2700,185599,1330745,961669302
2019-09-19,7739796,955576226,1000,177399,1273725,956849951
2019-09-20,7271461,957735654,1000,177399,1264855,959000509
2019-09-23,16038071,962149866,0,174399,1226025,963375891
2019-09-24,5807850,959338327,6500,178899,1254082,960592409
2019-09-25,8055007,959243929,0,177899,1238177,960482106
2019-09-26,8136099,960810771,38300,216199,1504745,962315516
2019-09-27,7537066,947916317,2900,219099,1535884,949452201
2019-09-30,2361920,934547202,0,216199,1509069,936056271
2019-10-08,8324524,936540015,9100,225299,1565828,938105843
2019-10-09,17994651,941727371,11700,211199,1497401,943224772
2019-10-10,9034794,934666982,43000,241699,1708812,936375794
2019-10-11,6733924,931037179,3000,219199,1551928,932589107
2019-10-14,16298629,934485923,4700,204999,1461643,935947566
2019-10-15,10077682,936271282,8700,210699,1485428,937756710
2019-10-16,8785299,939058262,12700,223099,1561693,940619955
2019-10-17,6614646,937482778,3500,214099,1494411,938977189
2019-10-18,7700963,935207061,10500,213499,1483818,936690879
2019-10-21,8903079,939001226,21200,209812,1460292,940461518
2019-10-22,5827233,938436095,46300,253112,1766721,940202816
2019-10-23,2502920,937979463,600,194812,1353943,939333406
2019-10-24,17773705,930239680,29700,200512,1341425,931581105
2019-10-25,11210596,928375357,22200,200612,1336075,929711432
2019-10-28,10295052,922107007,12700,197212,1319348,923426355
2019-10-29,8052193,919626959,12600,208912,1378820,921005779
2019-10-30,11216387,918630249,7400,216312,1395212,920025461
2019-10-31,3832095,915255837,6700,207812,1340387,916596224
2019-11-01,4031721,913397736,15600,220912,1438137,914835873
2019-11-04,3685575,910471597,10400,204712,1322439,911794036
2019-11-05,4491878,907210217,6400,211112,1368006,908578223
2019-11-06,5623191,909167452,5000,216112,1404729,910572181
2019-11-07,5709615,910933832,6800,216412,1406679,912340511
2019-11-08,4706713,908890440,0,198212,1282432,910172872
2019-11-11,8097013,905548319,54700,192420,1208398,906756717
2019-11-12,2938133,903458702,36700,185720,1166322,904625024
2019-11-13,4539015,902997141,36200,206820,1309170,904306311
2019-11-14,3574996,899408757,8300,205020,1291626,900700383
2019-11-15,3008928,894997498,5100,208620,1305961,896303459
2019-11-18,3059735,893051052,7300,213820,1357757,894408809
2019-11-19,3651532,891900778,0,206720,1331277,893232055
2019-11-20,3854579,891438452,0,206320,1320448,892758900
2019-11-21,3159533,888791525,0,170120,1095573,889887098
2019-11-22,2104310,883511605,3000,167120,1082938,884594543
2019-11-25,11750063,882467484,25500,192620,1288627,883756111
2019-11-26,13923526,888094110,1400,174220,1108039,889202149
2019-11-27,8495338,886188148,9800,172920,1120522,887308670
2019-11-28,6877450,890749697,28900,198820,1274436,892024133
2019-11-29,5385124,890252084,0,195820,1272831,891524915
2019-12-02,8214543,895174286,15500,144420,932953,896107239
2019-12-03,2194642,883206205,7600,136520,883285,884089490
2019-12-04,2909937,878948238,0,136420,888094,879836332
2019-12-05,3005346,876721540,100,136520,892841,877614381
2019-12-06,4715378,874312271,0,128920,848294,875160565
2019-12-09,4994540,872985450,1800,116720,762181,873747631
2019-12-10,5949141,875708494,0,116220,758916,876467410
2019-12-11,9785303,878577555,0,114320,738507,879316062
2019-12-12,6757300,881386737,2600,116920,747119,882133856
2019-12-13,6909593,877646737,4200,118820,765201,878411938
2019-12-16,10324628,877379754,36500,135020,874930,878254684
2019-12-17,15671478,878867449,2200,92020,607332,879474781
2019-12-18,19813253,883990089,4800,92820,609828,884599917
2019-12-19,11697107,885411899,0,92820,611684,886023583
2019-12-20,9970866,879374038,4200,97020,634511,880008549
2019-12-23,17087184,883435581,55900,149720,967191,884402772
2019-12-24,24225863,884708696,0,116620,769692,885478388
2019-12-25,25638540,886360596,20300,136920,917364,887277960
2019-12-26,27875578,877875425,40600,177520,1219562,879094987
2019-12-27,27822679,882425610,21200,176620,1201016,883626626
2019-12-30,17057295,884309295,53800,197920,1345856,885655151
2019-12-31,10543397,881318481,20700,218620,1484429,882802910
2020-01-02,17890026,879702488,4000,218120,1494122,881196610
2020-01-03,34528753,873028722,42900,255320,1815325,874844047
2020-01-06,32131841,878002383,900,255120,1806249,879808632
2020-01-07,21526154,877031899,0,234120,1657569,878689468
2020-01-08,46446748,899572353,40700,228620,1547758,901120111
2020-01-09,34864178,914859758,200,225220,1533748,916393506
2020-01-10,21889140,919221568,3000,226120,1533093,920754661
2020-01-13,29318735,926979696,4000,173420,1187927,928167623
2020-01-14,19322782,919914155,0,167120,1139758,921053913
2020-01-15,23696323,934013549,0,164820,1115832,935129381
2020-01-16,25448297,950109494,11900,163520,1087408,951196902
2020-01-17,12402574,948580371,5900,169420,1113090,949693461
2020-01-20,8540919,942158674,100,169520,1129003,943287677
2020-01-21,10932002,942435445,2300,171820,1127139,943562584
2020-01-22,19086263,940800385,2200,136120,886141,941686526
2020-01-23,28617644,933385247,11000,142620,884244,934269491
2020-02-03,18231156,923814834,0,112120,625630,924440464
2020-02-04,16385757,894506932,6600,113720,632283,895139215
2020-02-05,32552312,895136673,5000,118720,686201,895822874
2020-02-06,42856505,900443588,0,102120,610677,901054265
2020-02-07,44036466,903297647,18500,118720,727754,904025401
2020-02-10,39551568,910983253,3400,112620,699371,911682624
2020-02-11,18322210,901119218,30500,127931,776541,901895759
2020-02-12,20019777,905029227,2200,116031,705468,905734695
2020-02-13,17077951,907245152,52500,166331,989669,908234821
2020-02-14,19960702,907926697,20900,175231,1035615,908962312
2020-02-17,23405284,895775953,17800,190131,1192121,896968074
2020-02-18,19061607,893909054,68300,216431,1346201,895255255
2020-02-19,24667145,892679112,3600,207031,1264959,893944071
2020-02-20,40007467,910151563,20500,212531,1307066,911458629
2020-02-21,36850639,917843939,7400,219931,1350376,919194315
2020-02-24,38571556,924991366,25900,240831,1485927,926477293
2020-02-25,36048057,929545800,17500,211931,1282183,930827983
2020-02-26,37710376,928026401,51900,263831,1588263,929614664
2020-02-27,21756006,923931879,15600,275131,1645283,925577162
2020-02-28,22139650,912845969,4300,234831,1333840,914179809
2020-03-02,22577971,913184465,22200,183231,1070069,914254534
2020-03-03,21770225,912165720,54868,220999,1290634,913456354
2020-03-04,29261467,923678987,6500,198599,1165776,924844763
2020-03-05,52171684,934949404,37200,232099,1401878,936351282
2020-03-06,40229486,933483803,15400,247499,1492419,934976222
2020-03-09,28573423,926299606,89300,334899,1959159,928258765
2020-03-10,28664027,916373091,4000,304199,1779564,918152655
2020-03-11,25861528,918249933,85700,339799,1943650,920193583
2020-03-12,21556950,918537700,61600,336099,1875432,920413132
2020-03-13,21552946,909312364,101300,378199,2053620,911365984
2020-03-16,21549119,910534711,92100,410899,2161329,912696040
2020-03-17,24148524,916245295,23700,382999,1983935,918229230
2020-03-18,12898572,908457942,115400,484699,2457424,910915366
2020-03-19,14450467,909615272,54600,384099,1939700,911554972
2020-03-20,14237607,915389717,11000,376799,1921675,917311392
2020-03-23,16001054,917612885,6500,383299,1893497,919506382
2020-03-24,14086427,918526653,10800,391699,1954578,920481231
2020-03-25,13193599,915827259,32000,423699,2148154,917975413
2020-03-26,8548080,916943769,75700,476899,2394033,919337802
2020-03-27,8017682,914707700,46800,448299,2254944,916962644
2020-03-30,8411950,913113651,93294,520293,2554639,915668290
2020-03-31,8387161,909937993,93100,613293,3005136,912943129
2020-04-01,14292440,911900972,12300,602793,2935602,914836574
2020-04-02,12062949,910537825,5700,595893,2937752,913475577
2020-04-03,14584169,908512536,35200,611093,2957690,911470226
2020-04-07,11994688,910098062,13700,532493,2630515,912728577
2020-04-08,12895816,906374479,196700,690593,3466777,909841256
2020-04-09,9781438,901467588,112300,788693,3951352,905418940
2020-04-10,10088333,893456566,55100,823493,4026882,897483448
2020-04-13,7001511,889057028,42500,865093,4213003,893270031
2020-04-14,6644513,887753257,57900,922993,4541126,892294383
2020-04-15,16289632,887371205,70000,954793,4745321,892116526
2020-04-16,10380033,885278524,48000,829993,4100165,889378689
2020-04-17,10169988,880994502,112400,892193,4443121,885437623
2020-04-20,11974704,884106444,32300,924293,4658437,888764881
2020-04-21,4413114,877649700,79300,964493,4774240,882423940
2020-04-22,6196321,872532250,115500,999293,4946500,877478750
2020-04-23,9799065,869295276,52100,1049493,5236970,874532246
2020-04-24,25157538,865827917,88000,1119793,5654955,871482872
2020-04-27,11842091,867682255,88900,1140693,5623616,873305871
2020-04-28,11291848,861649881,939400,1955093,9364895,871014776
2020-04-29,14796217,848374352,141600,2052093,9521712,857896064
2020-04-30,8255976,841969556,26100,1995293,9377878,851347434
2020-05-06,5231793,835742614,69191,1980284,9406350,845148964
2020-05-07,4714230,831824995,142900,2107284,9946381,841771376
2020-05-08,5199228,829114666,18400,1871284,8869886,837984552
2020-05-11,6100447,826703645,199800,2012684,9519996,836223641
2020-05-12,8199905,828314749,111200,2115384,9899997,838214746
2020-05-13,7611169,830792470,219600,2318584,10850973,841643443
2020-05-14,6118529,826111497,161800,2478184,11473992,837585489
2020-05-15,4376395,824028207,159600,2597684,12105208,836133415
2020-05-18,10973603,825256418,141800,2730684,12888829,838145247
2020-05-19,11421250,829596057,253100,2959284,13997414,843593471
2020-05-20,10569954,831058084,98300,3052584,14225042,845283126
2020-05-21,10484373,825069470,98200,2971584,13550423,838619893
2020-05-22,16443475,827910282,189300,2997884,13490478,841400760
2020-05-25,6243123,821338958,68500,2858084,12889959,834228917
2020-05-26,5905019,818371148,271900,2888984,13087098,831458246
2020-05-27,5486859,815797189,139500,3004984,13702727,829499916
2020-05-28,6217853,813108516,73400,3061284,13867617,826976133
2020-05-29,9198138,818102429,13300,3022884,13451834,831554263
2020-06-01,13264119,815691192,54100,2832984,13145046,828836238
2020-06-02,9451973,810611624,177000,2979484,14063165,824674789
2020-06-03,14486625,810771825,214300,3142884,14865842,825637667
2020-06-04,6819428,810256585,200,3095984,14489205,824745790
2020-06-05,5208160,801191198,20000,2853284,13267770,814458968
2020-06-08,5639276,801345926,42900,2745584,12876789,814222715
2020-06-09,5461194,799682950,228300,2920484,13667865,813350815
2020-06-10,8922915,802559384,0,2728384,12577849,815137233
2020-06-11,8626801,804903640,148900,2750684,12543119,817446759
2020-06-12,6266895,802713015,29300,2769984,12658828,815371843
2020-06-15,5076599,796600324,8800,2665384,12074190,808674514
2020-06-16,4907473,795930945,36200,2552920,11692373,807623318
2020-06-17,3453358,784521007,143200,2675720,12281555,796802562
2020-06-18,8235250,781632796,92700,2567852,11940512,793573308
2020-06-19,6825985,779719028,283400,2390952,11141837,790860865
2020-06-22,10366053,782468032,56100,2347121,10890641,793358673
2020-06-23,9686231,782962189,247600,2476621,11318158,794280347
2020-06-24,4105093,782826389,283300,2563321,11688744,794515133
2020-06-29,7988144,781880552,63200,2561321,11577171,793457723
2020-06-30,5925263,779552679,145800,2636321,11942534,791495213
2020-07-01,16404801,752954182,322600,2955721,13389416,766343598
2020-07-02,28503947,746433478,434900,3365621,15919387,762352865
2020-07-03,52246893,740007538,377100,3357130,17322791,757330329
2020-07-06,104449324,779694129,325700,3477830,18780282,798474411
2020-07-07,82255959,797114399,200500,3496530,18636505,815750904
2020-07-08,40690081,744888610,158100,3562430,19165873,764054483
2020-07-09,85478983,784017924,244700,3496630,19126566,803144490
2020-07-10,57178226,791501242,298700,3713130,19531064,811032306
2020-07-13,80651104,798998483,251400,3630130,20945850,819944333
2020-07-14,80100466,826075175,379800,3592530,20585197,846660372
2020-07-15,170214141,852166035,350100,3373230,21251349,873417384
2020-07-16,113894718,852132660,293500,3476230,19988323,872120983
2020-07-17,44249712,849713040,224300,3387130,18866314,868579354
2020-07-20,59363043,861333753,203000,3523430,21351986,882685739
2020-07-21,51391240,883888988,196800,3617530,21271076,905160064
2020-07-22,51266410,865315002,340500,3843830,22371091,887686093
2020-07-23,36316390,863315631,172400,3898130,22492210,885807841
2020-07-24,39165417,866776666,242900,4039030,23547545,890324211
2020-07-27,36065964,876836463,513900,4345930,24989098,901825561
2020-07-28,40518452,871117180,282500,4118330,23433298,894550478
2020-07-29,49155350,883403059,163700,4199830,24527007,907930066
2020-07-30,49912632,903700676,235600,4262630,24424870,928125546
2020-07-31,36938804,907355120,147400,4306130,24329635,931684755
2020-08-03,46278698,908659510,195400,4127930,24313508,932973018
2020-08-04,29450926,909722197,121200,3996730,23340903,933063100
2020-08-05,23397954,898913223,114600,4089030,23757264,922670487
2020-08-06,21562083,889897103,156000,4201330,24073621,913970724
2020-08-07,20821223,887122672,92900,4275130,24026231,911148903
2020-08-10,18155750,885796175,5700,4239130,23951085,909747260
2020-08-11,25438775,889602909,5500,4164730,22781073,912383982
2020-08-12,18312726,895339626,172200,4121330,22049116,917388742
2020-08-13,13410832,891933835,188400,4126330,22612288,914546123
2020-08-14,7800952,889155150,52100,4031630,21932067,911087217
2020-08-17,35515476,899000115,8400,3830930,21223352,920223467
2020-08-18,21076408,898614287,119100,3872330,21568878,920183165
2020-08-19,26506246,905065195,70300,3547130,19509215,924574410
2020-08-20,13228682,907347340,184590,3248620,17640007,924987347
2020-08-21,9843079,906027159,177800,3304920,17813519,923840678
2020-08-24,13321177,907748451,227557,3490177,18951662,926700113
2020-08-25,12110517,906464435,64800,3363177,17925734,924390169
2020-08-26,39750983,913694559,166400,3389977,16949885,930644444
2020-08-27,7075303,910481972,65100,3328377,16675169,927157141
2020-08-28,9534920,901854500,3700,3142577,15807163,917661663
2020-08-31,11985834,899285256,188000,3231777,16223521,915508777
2020-09-01,6945132,897040852,56000,3256077,16410628,913451480
2020-09-02,7124347,897099239,371399,3623476,18189850,915289089
2020-09-03,7137836,896946066,60500,3648076,18167418,915113484
2020-09-04,7896290,897122022,119800,3538276,17726763,914848785
2020-09-07,9768643,895573664,43200,3552876,17728851,913302515
2020-09-08,9910574,890702337,126600,3572476,18041005,908743342
2020-09-09,43468089,888787289,206100,3735376,19797493,908584782
2020-09-10,22291938,887911656,72200,3624276,18592536,906504192
2020-09-11,10251694,879676206,158800,3682576,19149395,898825601
2020-09-14,10677739,883686108,60200,3656576,18979389,902665497
2020-09-15,14246146,887231739,139563,3694739,19138747,906370486
2020-09-16,10590323,883773348,23600,3715339,19245455,903018803
2020-09-17,11206359,882981279,40300,3567876,18588634,901569913
2020-09-18,13363700,881405107,23200,3586776,18938177,900343284
2020-09-21,10288333,882935131,154100,3733076,19486658,902421789
2020-09-22,8313614,882991794,146600,3869776,19929348,902921142
2020-09-23,7579371,882454913,13500,3870976,19858107,902313020
2020-09-24,8209494,881410787,92700,3926476,19632380,901043167
2020-09-25,7613330,882966216,48800,3908476,19815973,902782189
2020-09-28,4017175,881195386,12400,3802276,19087426,900282812
2020-09-29,8195189,876291737,64900,3675176,19000660,895292397
2020-09-30,7926546,869812358,200100,3870376,19661510,889473868
2020-10-09,13315736,863063217,18800,3740876,19153286,882216503
2020-10-12,22752127,860278963,25200,3647276,19330563,879609526
2020-10-13,19111989,870402421,66300,3654776,19297217,889699638
2020-10-14,29152142,884851224,108900,3734076,19753263,904604487
2020-10-15,38703457,878224032,143000,3601576,19340463,897564495
2020-10-16,10193738,873036634,158700,3729976,19992672,893029306
2020-10-19,23907521,873784786,187100,3899476,21291139,895075925
2020-10-20,14487363,873617720,25400,3907576,21100911,894718631
2020-10-21,9192734,872475325,330100,4188476,22617771,895093096
2020-10-22,11779042,876814850,290700,4404376,23387237,900202087
2020-10-23,8628183,875395282,114900,4427376,23332271,898727553
2020-10-26,3607989,873580741,76200,4406377,23221606,896802347
2020-10-27,10662347,877040078,15200,4343420,22412047,899452125
2020-10-28,7273810,871865068,98100,4008220,20522087,892387155
2020-10-29,5646609,866967957,33200,3907620,20241471,887209428
2020-10-30,12153557,871344643,163100,4049020,20650002,891994645
2020-11-02,7218466,868686373,298900,4330020,21866602,890552975
2020-11-03,4584366,861056863,33900,4042520,20980679,882037542
2020-11-04,6148357,861124188,1700,4016020,20722663,881846851
2020-11-05,12888817,860447198,4000,3989420,20984349,881431547
2020-11-06,8235844,854204891,65100,4043020,21347145,875552036
2020-11-09,11925192,849003291,43200,3942220,21090878,870094169
2020-11-10,16845166,846701097,141000,4053020,22048429,868749526
2020-11-11,13648565,838103221,8300,3945420,21739264,859842485
2020-11-12,17847548,845886428,8300,3326920,18264791,864151219
2020-11-13,18618085,843567583,12800,3270520,18347617,861915200
2020-11-16,62117660,859140587,122300,3313820,19882920,879023507
2020-11-17,37709341,864673433,50700,3253220,19128933,883802366
2020-11-18,53044255,860979545,473500,3477520,21108546,882088091
2020-11-19,79331694,885289466,250434,3422554,21082932,906372398
2020-11-20,60408941,898738179,158700,3375454,20759043,919497222
2020-11-23,102913547,926129621,188100,3175954,20897777,947027398
2020-11-24,40547532,902648689,139500,3074254,20290076,922938765
2020-11-25,57814163,908977777,169700,3141754,20107226,929085003
2020-11-26,27800211,902558472,81400,3021054,18942008,921500480
2020-11-27,27982626,908372592,26900,2648654,16580574,924953166
2020-11-30,28680299,908201672,9300,2343654,14272853,922474525
2020-12-01,32221854,916669206,1200,2049354,12624020,929293226
2020-12-02,33677834,918299988,112500,1740620,10844063,929144051
2020-12-03,21660307,920191645,1100,1078984,6646541,926838186
2020-12-04,13154926,917460321,59600,890694,5540117,923000438
2020-12-07,15633113,925983944,0,770894,4733289,930717233
2020-12-08,11229329,907108060,4000,603594,3669852,910777912
2020-12-09,21046482,914974933,700,543994,3280284,918255217
2020-12-10,22056507,909116632,9900,544794,3296004,912412636
2020-12-11,56049389,924471021,9600,431694,2555628,927026649
2020-12-14,33332060,922094886,48100,468594,2741275,924836161
2020-12-15,14773795,916367839,73700,497694,2871694,919239533
2020-12-16,17593673,919424751,42600,458794,2688533,922113284
2020-12-17,13518412,918511546,81000,488694,2917503,921429049
2020-12-18,12932664,912969688,241300,723494,4304789,917274477
2020-12-21,10737547,914512856,73800,787194,4612957,919125813
2020-12-22,13743020,913634352,306700,1089594,6221582,919855934
2020-12-23,16062066,899529655,338100,1385094,8352117,907881772
2020-12-24,13832683,905449094,354800,1702594,10164486,915613580
2020-12-25,13159102,904459457,519600,2222094,13443669,917903126
2020-12-28,21965215,908750652,473000,2695094,15928006,924678658
2020-12-29,17642168,910515478,354100,3030894,17427641,927943119
2020-12-30,14984574,901389529,78200,2947140,17594426,918983955
2020-12-31,20225533,885160584,246400,3109940,19126131,904286715
2021-01-04,30745465,874875249,417900,3473540,21570684,896445933
2021-01-05,21158305,863123148,222300,3687940,22828349,885951497
2021-01-06,26968682,863074461,59700,3578940,21831534,884905995
2021-01-07,23235200,862307597,211400,3276140,20148261,882455858
2021-01-08,14849784,860750482,49200,3225040,19511492,880261974
2021-01-11,14307226,860263440,73600,2966440,18124948,878388388
2021-01-12,28768785,856836485,419500,2936140,18497682,875334167
2021-01-13,27380599,861685555,93600,2891940,18334900,880020455
2021-01-14,99866522,850855783,142500,2940091,19757412,870613195
2021-01-15,73593947,874130214,118300,2715091,17430884,891561098
2021-01-18,136171518,933780466,345900,2915491,20583367,954363833
2021-01-19,66532031,893492815,92800,2747191,21345674,914838489
2021-01-20,193119041,896982353,531666,2954857,23284273,920266626
2021-01-21,114039599,879171645,302700,2921491,23225853,902397498
2021-01-22,127899873,860386825,168400,2945791,23949281,884336106
2021-01-25,146135680,867726432,309800,3051191,27277647,895004079
2021-01-26,88216977,855597659,375297,3105788,26927182,882524841
2021-01-27,95912326,885763243,365800,3192863,27426692,913189935
2021-01-28,76312041,884626585,401400,3435763,28482475,913109060
2021-01-29,52838407,852038534,30200,3223263,26205128,878243662
2021-02-01,80872838,862220798,439400,3543463,30969868,893190666
2021-02-02,67011554,865274470,104800,3598963,31742854,897017324
2021-02-03,105827125,894967214,93600,3390863,29703959,924671173
2021-02-04,133747696,941158638,214700,3560263,32255984,973414622
2021-02-05,189676057,956234534,390900,3587763,29276146,985510680
2021-02-08,82098568,936765063,232063,3652626,31193427,967958490
2021-02-09,119118449,969679735,127713,3605413,32989529,1002669264
2021-02-10,90350604,965061692,141000,3615113,33656702,998718394
2021-02-18,204469309,978951760,89500,3696213,37849222,1016800982
2021-02-19,231403346,1006662451,139700,3617200,40729672,1047392123
2021-02-22,331696355,1043256955,514900,3922300,47538276,1090795231
2021-02-23,282346182,1076715397,301900,4033000,49646230,1126361627
2021-02-24,457376117,1309992224,160800,3996995,44286706,1354278930
2021-02-25,189751447,1310110138,35500,3547000,37669140,1347779278
2021-02-26,206662664,1384747810,461800,3895900,41218623,1425966433
2021-03-01,171759201,1396811703,159200,4030500,42884519,1439696222
2021-03-02,130245169,1287681844,89100,3781000,37923430,1325605274
2021-03-03,179154650,1303607000,288400,3942986,40573325,1344180325
2021-03-04,146700371,1327526463,87700,3668186,36461769,1363988232
2021-03-05,112838621,1327464311,267300,3630746,35799157,1363263468
2021-03-08,142128662,1316387924,305600,3808586,36867112,1353255036
2021-03-09,127965738,1334589814,191900,3456640,33771373,1368361187
2021-03-10,133044388,1357953672,159233,3378673,33550223,1391503895
2021-03-11,189200225,1427084960,420908,3775681,39342596,1466427556
2021-03-12,146481450,1372671275,269200,3978681,41656790,1414328065
2021-03-15,184068193,1382499826,144300,3871681,43053093,1425552919
2021-03-16,189706206,1412015187,293200,3900781,42947599,1454962786
2021-03-17,159718135,1439287525,324000,3856081,40913019,1480200544
2021-03-18,163166708,1389405416,245000,3723581,40475325,1429880741
2021-03-19,203573565,1407544212,282500,3790181,37863908,1445408120
2021-03-22,96545884,1417284005,127600,3747181,37134564,1454418569
2021-03-23,107287254,1416771391,332500,3824345,35413434,1452184825
2021-03-24,71234952,1400513689,365885,4009830,34885521,1435399210
2021-03-25,80949387,1413666146,80900,3864730,33739093,1447405239
2021-03-26,72223343,1381637036,192600,3645430,32954688,1414591724
2021-03-29,79047327,1378994587,676500,4167030,38711708,1417706295
2021-03-30,75742640,1383017699,265200,4168630,38726572,1421744271
2021-03-31,43479552,1374691842,235800,4288730,39713639,1414405481
2021-04-01,77752014,1384749437,132800,4332930,41162836,1425912273
2021-04-02,74985863,1400867258,100900,4006630,38062986,1438930244
2021-04-06,82745987,1382826318,255000,4235830,41934718,1424761036
2021-04-07,131332480,1397088587,123900,4087530,43409568,1440498155
2021-04-08,153279602,1475346887,219600,4223530,42953301,1518300188
2021-04-09,78035172,1458173587,89700,4216730,43432319,1501605906
2021-04-12,115247464,1435428650,431800,4606830,42705314,1478133964
2021-04-13,37698813,1387906901,25100,3570330,32275784,1420182685
2021-04-14,31784946,1370896373,131900,3636448,33455322,1404351695
2021-04-15,31592925,1350486122,71600,3569478,32589334,1383075456
2021-04-16,29855867,1330381808,22900,3499878,31988884,1362370692
2021-04-19,56111816,1327454155,70900,3474078,31892035,1359346190
2021-04-20,52289114,1340765100,131000,3562178,32166467,1372931567
2021-04-21,32725065,1312244724,42800,3342178,30413819,1342658543
2021-04-22,38354527,1309877190,239219,3472197,31458105,1341335295
2021-04-23,37872298,1283659967,54600,3514597,31842249,1315502216
2021-04-26,95097630,1321994881,72900,3537597,31838373,1353833254
2021-04-27,24773346,1300344443,98800,3603697,32901753,1333246196
2021-04-28,63904718,1302160458,107600,3485797,32731634,1334892092
2021-04-29,99002393,1285219896,270700,3468297,35411313,1320631209
2021-04-30,50651860,1274353139,523000,3749197,37754415,1312107554
2021-05-06,86268559,1296573828,275100,3990897,40866785,1337440613
2021-05-07,101972160,1306670233,156300,3962396,41842903,1348513136
2021-05-10,106017134,1312340534,200400,4031296,43658935,1355999469
2021-05-11,82171711,1283289180,108300,3709096,38945509,1322234689
2021-05-12,82705415,1248482216,286700,3510596,38756981,1287239197
2021-05-13,81792376,1260557601,987000,4275896,44811389,1305368990
2021-05-14,68103828,1272060214,153700,4264896,44269621,1316329835
2021-05-17,58688053,1294961211,159900,3884896,39781335,1334742546
2021-05-18,84765860,1337430646,202100,3676396,37719823,1375150469
2021-05-19,55392857,1330857341,448300,3873586,39200690,1370058031
2021-05-20,100536366,1345435581,266800,3622386,34956025,1380391606
2021-05-21,45526411,1339592595,149900,3584586,34161106,1373753701
2021-05-24,51053807,1346577745,323900,3736386,35719851,1382297596
2021-05-25,60449536,1364513860,220700,3705176,35754949,1400268809
2021-05-26,88973091,1367336534,353487,3814755,38757911,1406094445
2021-05-27,90478448,1393797099,433000,3885055,38733998,1432531097
2021-05-28,69048767,1392059363,294600,4048255,40523032,1432582395
2021-05-31,101782981,1428773394,114100,3488155,34846669,1463620063
2021-06-01,98091116,1417445598,293200,3551155,36647919,1454093517
2021-06-02,110942499,1458697004,331700,3263029,32271357,1490968361
2021-06-03,66079933,1410981857,151300,3056829,30690563,1441672420
2021-06-04,58398781,1407933804,145200,2525529,25129013,1433062817
2021-06-07,102625779,1424234431,182400,2125329,21869636,1446104067
2021-06-08,83194722,1436362396,120400,1827629,18477329,1454839725
2021-06-09,162567682,1438096014,132600,1518504,16202438,1454298452
2021-06-10,108423990,1462322516,57800,1492494,15895061,1478217577
2021-06-11,165347908,1502751934,178700,1519494,16273781,1519025715
2021-06-15,158896615,1529861344,136300,1488494,15361258,1545222602
2021-06-16,75068264,1495285234,444500,1815984,18014561,1513299795
2021-06-17,58515099,1501137466,293200,2054184,20151545,1521289011
2021-06-18,54311758,1484811736,227300,2152084,20918257,1505729993
2021-06-21,56899585,1489150601,171400,2236884,21697775,1510848376
2021-06-22,75491474,1499769467,334559,2549143,24981601,1524751068
2021-06-23,76926614,1485510347,283747,2782410,27684980,1513195327
2021-06-24,50079821,1486918302,492000,3242210,31968191,1518886493
2021-06-25,129085104,1502565714,256500,3475210,35238629,1537804343
2021-06-28,94484234,1499365441,255200,3618810,36911862,1536277303
2021-06-29,72030744,1493943119,359400,3818610,39217125,1533160244
2021-06-30,94339047,1501364865,360200,4097563,42081972,1543446837
2021-07-01,110071400,1493175423,129487,4071450,39330207,1532505630
2021-07-02,45909013,1479445020,73347,4026797,38294839,1517739859
2021-07-05,70565256,1492456545,160200,4075397,39490597,1531947142
2021-07-06,111704959,1467729793,149000,3923797,40650537,1508380330
2021-07-07,56341776,1441510413,368900,3231238,33831062,1475341475
2021-07-08,62844136,1422775452,105200,3075538,31985596,1454761048
2021-07-09,166460062,1448986069,362500,3328149,36243543,1485229612
2021-07-12,170521337,1463869464,127700,3183349,34698504,1498567968
2021-07-13,159350657,1438909526,259200,3344391,38126058,1477035584
2021-07-14,171600467,1466274096,222300,3386091,38364411,1504638507
2021-07-15,181173333,1480068667,316600,3568691,41682311,1521750978
2021-07-16,205572409,1458583649,23020599,26420806,314407591,1772991240
2021-07-19,205785244,1473683117,3732384,29851690,342697402,1816380519
2021-07-20,133572113,1488633977,112500,29808090,331465960,1820099937
2021-07-21,156413627,1522447597,2039200,31735990,359568767,1882016364
2021-07-22,161263175,1485153195,4559200,36132880,450215685,1935368880
2021-07-23,230941095,1460119157,65400,35987880,456326318,1916445475
2021-07-26,165337188,1509874107,1347900,37211345,471467741,1981341848
2021-07-27,196414702,1551968222,37900,37030545,439922875,1991891097
2021-07-28,122627841,1532927050,200100,37096645,407321162,1940248212
2021-07-29,79636392,1513439827,42600,37022345,425386745,1938826572
2021-07-30,89197027,1521992967,782743,37752488,432643513,1954636480
2021-08-02,111098661,1552400354,198300,37876988,425358576,1977758930
2021-08-03,131278607,1558925295,349097,38080085,404791303,1963716598
2021-08-04,66662993,1513715431,229100,38236685,424809571,1938525002
2021-08-05,57994002,1507568541,108500,38072826,417278172,1924846713
2021-08-06,98143641,1529952649,463700,38465626,431968980,1961921629
2021-08-09,135085126,1565353319,136180,38544606,451742783,2017096102
2021-08-10,83500275,1554438281,63800,38512006,449049988,2003488269
2021-08-11,135115618,1604711404,380600,38877006,461470062,2066181466
2021-08-12,135459740,1514178314,340400,39105906,484522176,1998700490
2021-08-13,248382507,1584599494,227300,39192706,514992157,2099591651
2021-08-16,204743128,1632953510,227900,39237806,510091478,2143044988
2021-08-17,140183532,1647703590,97600,38568865,482496500,2130200090
2021-08-18,177261145,1613997230,65200,38477165,442872168,2056869398
2021-08-19,161350890,1615708007,204100,38237668,419467218,2035175225
2021-08-20,129893654,1658734620,60500,37637268,399331413,2058066033
2021-08-23,182809396,1764190382,879100,38482768,414074583,2178264965
2021-08-24,100061597,1763345551,330000,38727668,427166178,2190511729
2021-08-25,115068263,1797481237,130200,38674968,434706641,2232187878
2021-08-26,117967747,1807218285,32200,38515397,425595136,2232813421
2021-08-27,184580360,1769686095,6211700,44605297,534371457,2304057552
2021-08-30,323512441,1697378753,4673756,49126353,647485333,2344864086
2021-08-31,310348948,1529347647,388600,48723753,656308953,2185656600
2021-09-01,263552698,1424941347,555900,49030494,659460144,2084401491
2021-09-02,349311641,1418723751,490600,48945594,708732202,2127455953
2021-09-03,223783972,1232858728,1249900,49789394,721946216,1954804944
2021-09-06,233307291,1247921355,341100,48861494,679663382,1927584737
2021-09-07,334050069,1398301233,888128,49512322,743675078,2141976311
2021-09-08,221484603,1288615524,510400,49884422,824090651,2112706175
2021-09-09,313217871,1312664017,518142,49802164,875522042,2188186059
2021-09-10,223979808,1276480473,210300,49581664,869662387,2146142860
2021-09-13,271420961,1303133468,265400,49300494,888394903,2191528371
2021-09-14,151221267,1045470427,142900,49256694,842782035,1888252462
2021-09-15,189766212,1075378827,301400,49277194,849538825,1924917652
2021-09-16,537650809,1254360633,110700,49160794,863755152,2118115785
2021-09-17,185903000,1056180044,166100,48832194,812079385,1868259429
2021-09-22,255021299,1119192300,244600,48881194,839778914,1958971214
2021-09-23,231798662,1179085391,841500,49578994,837884999,2016970390
2021-09-24,195447329,1195861429,2644400,51263794,793563532,1989424961
2021-09-27,252650880,1261804172,93900,51151894,714591959,1976396131
2021-09-28,158550518,1305234261,237200,51004694,719676233,2024910494
2021-09-29,165754439,1360236086,191600,51097194,674482961,2034719047
2021-09-30,117881071,1322853552,63100,50838394,681234481,2004088033
2021-10-08,205134185,1457227167,279700,51086894,678433951,2135661118
2021-10-11,355568087,1661080455,676736,51708130,695474348,2356554803
2021-10-12,248639224,1731358977,608400,52210330,671424844,2402783821
2021-10-13,153079176,1729188449,118300,51980930,639885248,2369073697
2021-10-14,83281608,1731088243,49400,51619930,627182149,2358270392
2021-10-15,82697645,1722312769,56200,51628330,630381910,2352694679
2021-10-18,175576745,1796816716,61800,51601930,638831894,2435648610
2021-10-19,161412591,1823488143,105300,51341730,639717956,2463206099
2021-10-20,110073208,1687982857,523500,51807530,635678393,2323661250
2021-10-21,198598140,1737283174,224600,51951430,649912389,2387195563
2021-10-22,167426442,1736487959,490802,52297532,622863607,2359351566
2021-10-25,98319459,1760608680,167200,51840532,622086384,2382695064
2021-10-26,125329747,1739639397,2826852,54424082,637850242,2377489639
2021-10-27,135370741,1746889124,338200,54071246,619115766,2366004890
2021-10-28,111584656,1695706238,158274,53870467,586110682,2281816920
2021-10-29,94204298,1680767242,123400,53750293,567065592,2247832834
2021-11-01,88387893,1681916060,477900,54070793,578016777,2259932837
2021-11-02,119168309,1653168885,136700,53352193,539390672,2192559557
2021-11-03,64247162,1655422569,144500,52964493,542886054,2198308623
2021-11-04,66251939,1622309731,130400,52893493,531579604,2153889335
2021-11-05,88442693,1598750911,309100,53027793,507475981,2106226892
2021-11-08,60753784,1610441201,196300,53037393,507567853,2118009054
2021-11-09,60494241,1598799153,208200,52991193,508715451,2107514604
2021-11-10,88606041,1594374988,225100,53012793,503621537,2097996525
2021-11-11,102273566,1623467879,1138700,54017293,520186531,2143654410
2021-11-12,65968070,1621694122,195300,54036493,509564127,2131258249
2021-11-15,55180246,1625546009,203700,54039893,504192203,2129738212
2021-11-16,71173580,1635713439,125100,54002393,492501823,2128215262
2021-11-17,50062829,1627169702,43500,53948893,500645726,2127815428
2021-11-18,130487078,1658864101,608202,54366895,518660177,2177524278
2021-11-19,176236553,1687452237,1285600,55386195,564939188,2252391425
2021-11-22,131598617,1716495640,160700,55256995,554227660,2270723300
2021-11-23,103255560,1712014731,661104,55820799,563231861,2275246592
2021-11-24,81544031,1717581107,43100,55688012,560778281,2278359388
2021-11-25,69971814,1722736183,19400,55457112,552907407,2275643590
2021-11-26,52085747,1680629660,231700,55395412,550076441,2230706101
2021-11-29,51761966,1658333869,22100,54960012,532562516,2190896385
2021-11-30,72526915,1651442143,221300,54875112,535581094,2187023237
2021-12-01,69239721,1664934182,65000,54069312,537989654,2202923836
2021-12-02,84200698,1686679015,263100,53522237,528264478,2214943493
2021-12-03,106317916,1682655997,58600,53066537,530665370,2213321367
2021-12-06,158634560,1722449444,114000,52856590,543894310,2266343754
2021-12-07,110136650,1716486354,106100,52762347,533954951,2250441305
2021-12-08,79381861,1731074058,55100,52806147,532814022,2263888080
2021-12-09,51850750,1704329641,33300,52769047,528745851,2233075492
2021-12-10,58443977,1696423731,39800,52684747,524740081,2221163812
2021-12-13,117407840,1699775527,26800,52610047,538200782,2237976309
2021-12-14,84773891,1709414612,146300,52685547,526328614,2235743226
2021-12-15,63140841,1696616532,542400,53180147,522229043,2218845575
2021-12-16,56895604,1696730035,303000,53358047,533046889,2229776924
2021-12-17,57201524,1671731536,252800,53343947,528638516,2200370052
2021-12-20,70877650,1676631068,562091,53826838,515122840,2191753908
2021-12-21,35473853,1672236334,163800,53926738,516618149,2188854483
2021-12-22,38631944,1671106994,402200,54305938,522966182,2194073176
2021-12-23,37009856,1661363171,222300,54485638,528510689,2189873860
2021-12-24,55224570,1653650671,286700,54748538,517373684,2171024355
2021-12-27,29858115,1654671594,122200,54791238,513941814,2168613408
2021-12-28,26848745,1634173107,119300,54441834,512842077,2147015184
2021-12-29,72357808,1649867971,220900,54321034,523111556,2172979527
2021-12-30,38222722,1654597889,320700,54518734,520108722,2174706611
2021-12-31,21255106,1613014221,137000,54610334,520982586,2133996807
2022-01-04,39876692,1614281500,39000,54447534,524329751,2138611251
2022-01-05,45595082,1609086156,230060,54610194,514974129,2124060285
2022-01-06,29326573,1597433994,34000,54468294,516359428,2113793422
2022-01-07,46371018,1579711475,94300,54450194,521088357,2100799832
2022-01-10,50267597,1583796221,121800,54480694,527917925,2111714146
2022-01-11,105557089,1589159997,4517237,58791531,587327394,2176487391
2022-01-12,113020814,1620042940,2363500,61053031,611140841,2231183781
2022-01-13,95077983,1633077457,2114099,62757946,630089777,2263167234
2022-01-14,176467287,1625278780,386032,63121578,674138452,2299417232
2022-01-17,0,1607368546,0,63107178,673984660,2281353206
2022-01-18,0,1588765119,0,63106678,673979320,2262744439
2022-01-19,0,1577352422,0,63106678,673979320,2251331742
2022-01-20,0,1558911348,0,63106678,673979320,2232890668
2022-01-21,0,1547861790,0,63098578,673892812,2221754602
2022-01-24,0,1539240778,0,63098578,673892812,2213133590
2022-01-25,0,1514532909,0,63098578,673892812,2188425721
2022-01-26,0,1505009719,0,63098578,673892812,2178902531
2022-01-27,0,1494345619,0,63098578,673892812,2168238431
2022-01-28,0,1466693682,0,63098578,673892812,2140586494
2022-02-07,202096657,1547313832,536400,59413230,610768004,2158081836
2022-02-08,95261379,1535996227,154900,59350430,606561394,2142557621
2022-02-09,98247135,1565860816,2581300,61703730,623207674,2189068490
2022-02-10,187250213,1615849843,505000,46863446,497221163,2113071006
2022-02-11,209032809,1578779981,377700,21447791,245791686,1824571667
2022-02-14,174722010,1637194396,512900,17680845,194842912,1832037308
2022-02-15,148176681,1692524137,172400,7229809,81479948,1774004085
2022-02-16,103185031,1724632424,88700,7285409,81815144,1806447568
2022-02-17,160462661,1744687713,149700,7328409,79293385,1823981098
2022-02-18,106338006,1740365014,131800,3388709,37038589,1777403603
2022-02-21,150614062,1770927187,436600,3686609,39114923,1810042110
2022-02-22,104190557,1797180883,27100,3565209,37755563,1834936446
2022-02-23,151836277,1828828314,239700,3619209,39196034,1868024348
2022-02-24,176708833,1842909217,280200,3710309,39255069,1882164286
2022-02-25,92695541,1789407638,65363,3322883,35455162,1824862800
2022-02-28,143621676,1815096009,368200,3168920,34414472,1849510481
2022-03-01,140484354,1849819356,444300,3488983,38378813,1888198169
2022-03-02,119836635,1847601530,173800,3589483,39556102,1887157632
2022-03-03,170522876,1794903831,36300,3444083,38470406,1833374237
2022-03-04,107400697,1770213445,193400,3185720,35106634,1805320079
2022-03-07,114752196,1713262020,343500,3245820,35996143,1749258163
2022-03-08,129790555,1718906068,277600,3168529,34061687,1752967755
2022-03-09,124250108,1734641524,658700,3631629,38023155,1772664679
2022-03-10,83156878,1734741980,197400,3595529,37609234,1772351214
2022-03-11,53942375,1712046187,260500,3450359,36401288,1748447475
2022-03-14,67468123,1723903513,171343,3403002,35323160,1759226673
2022-03-15,109229630,1709024874,448000,3682559,34431927,1743456801
2022-03-16,85044602,1695996288,328108,3543867,33312350,1729308638
2022-03-17,106354892,1709913498,214100,3473759,32792284,1742705782
2022-03-18,60381661,1700112742,73500,2954859,27952967,1728065709
2022-03-21,100281015,1732309956,538100,3171129,29459788,1761769744
2022-03-22,54268871,1737991584,325600,3214829,29705020,1767696604
2022-03-23,52712294,1740658325,314200,3406929,31241538,1771899863
2022-03-24,44820089,1729997338,165800,3295629,30155006,1760152344
2022-03-25,38330225,1715982584,174400,3249029,29306241,1745288825
2022-03-28,44116847,1703715961,159600,3074029,28158106,1731874067
2022-03-29,43719221,1704307784,449200,3393129,30979268,1735287052
2022-03-30,49120372,1703990115,379000,3481229,31888058,1735878173
2022-03-31,42753049,1705008898,234400,3371829,30447616,1735456514
2022-04-01,27818608,1686290948,278800,3376129,30689012,1716979960
2022-04-06,65634039,1689522454,880200,3851629,35704601,1725227055
2022-04-07,137812150,1697364976,1322401,4744930,45788575,1743153551
2022-04-08,84369057,1697364925,490400,4817530,45814711,1743179636
2022-04-11,74477329,1705558091,463000,4844230,45293550,1750851641
2022-04-12,50854382,1692802585,382300,4852730,45421552,1738224137
2022-04-13,77741638,1700623317,412300,4909170,46588023,1747211340
2022-04-14,103369238,1681471269,869000,4608370,45023775,1726495044
2022-04-15,180296609,1714363705,1002763,4387533,41944816,1756308521
2022-04-18,99116564,1740928025,179000,4207533,38835529,1779763554
2022-04-19,46959907,1732196130,542100,4471432,41763175,1773959305
2022-04-20,56082967,1707036169,217814,4374846,39461110,1746497279
2022-04-21,61982837,1669957496,402900,4268846,36327879,1706285375
2022-04-22,61846283,1647353152,598700,4506846,36325179,1683678331
2022-04-25,57219682,1583631271,346300,3942846,28625062,1612256333
2022-04-26,21813784,1549141463,443700,4113346,28587755,1577729218
2022-04-27,42477804,1551399283,675300,4317646,31518816,1582918099
2022-04-28,30613041,1537626186,625300,4576046,33588178,1571214364
2022-04-29,38078720,1503717891,574500,4214946,31148450,1534866341
2022-05-05,46487700,1517091941,464700,4272646,31873939,1548965880
2022-05-06,21150676,1509347037,515999,4220334,30597422,1539944459
2022-05-09,28282182,1518517217,573388,4069123,29460450,1547977667
2022-05-10,21708645,1508325918,715820,3974455,29093011,1537418929
2022-05-11,48141001,1520346211,870751,3921790,28982029,1549328240
2022-05-12,25050516,1523592312,490100,3671534,26985775,1550578087
2022-05-13,27374178,1510752362,980109,4176243,30737148,1541489510
2022-05-16,26973974,1500877362,497500,4256069,31707715,1532585077
2022-05-17,28572381,1504026282,376000,3786774,28362937,1532389219
2022-05-18,34171258,1519030422,263300,3758374,27736799,1546767221
2022-05-19,24781164,1515899926,286600,3356348,24836974,1540736900
2022-05-20,48092197,1509126234,338200,3273391,24779570,1533905804
2022-05-23,48443199,1519578855,697300,3689591,28372955,1547951810
2022-05-24,48378248,1517665315,419800,3744330,27520826,1545186141
2022-05-25,22370260,1515811771,162400,3666535,27132359,1542944130
2022-05-26,26344821,1497209731,306900,3352835,25347433,1522557164
