日期,融资买入额(元),融资余额(元),融券卖出量,融券余量,融券余额(元),融资融券余额(元)
2017-10-30,32122292,29500681,0,0,0,29500681
2017-10-31,56285134,79574946,0,0,0,79574946
2017-11-01,62088708,129234642,0,0,0,129234642
2017-11-02,49556413,159275309,0,0,0,159275309
2017-11-03,56274565,196419697,0,0,0,196419697
2017-11-06,93012780,262678648,0,0,0,262678648
2017-11-07,22493174,261849943,2000,2000,96300,261946243
2017-11-08,27226075,270336478,0,2000,93820,270430298
2017-11-09,34946220,286981782,0,2000,91080,287072862
2017-11-10,36267355,296130726,0,2000,94380,296225106
2017-11-13,35685705,311429540,0,2000,92960,311522500
2017-11-14,63042947,334140043,0,2000,96640,334236683
2017-11-15,40067071,341797206,0,2000,93740,341890946
2017-11-16,117464618,394069091,0,2000,103120,394172211
2017-11-17,80926640,364598216,0,2000,104800,364703016
2017-11-20,65918825,375000429,0,2000,109600,375110029
2017-11-21,49642810,375016138,1000,3000,164370,375180508
2017-11-22,86533810,411783172,0,3000,159000,411942172
2017-11-23,36844902,408168601,0,3000,152700,408321301
2017-11-24,19363078,396323514,0,3000,150690,396474204
2017-11-27,48007284,416011106,0,3000,144750,416155856
2017-11-28,35686363,411551240,0,3000,154200,411705440
2017-11-29,33896299,400204530,0,3000,155190,400359720
2017-11-30,79948628,445413603,0,3000,140850,445554453
2017-12-01,30948955,446560889,0,3000,141210,446702099
2017-12-04,28050961,434648921,0,1000,49430,434698351
2017-12-05,21977981,434413993,0,1000,49200,434463193
2017-12-06,53211902,441440312,0,1000,51360,441491672
2017-12-07,34897732,439705171,0,1000,50440,439755611
2017-12-08,206554910,602581621,0,1000,53070,602634691
2017-12-11,64615282,620495505,0,1000,53900,620549405
2017-12-12,55278380,656589740,0,1000,53160,656642900
2017-12-13,43028051,658155246,0,1000,53300,658208546
2017-12-14,56723317,689675243,0,1000,53400,689728643
2017-12-15,25314608,686247320,0,1000,53210,686300530
2017-12-18,31967280,692082300,0,0,0,692082300
2017-12-19,20173750,689154509,0,0,0,689154509
2017-12-20,67985847,702191790,0,0,0,702191790
2017-12-21,34848231,691659918,0,0,0,691659918
2017-12-22,30934753,688899114,0,0,0,688899114
2017-12-25,83809286,734141444,0,0,0,734141444
2017-12-26,34181093,734906360,0,0,0,734906360
2017-12-27,47464943,755841517,0,0,0,755841517
2017-12-28,20801796,740110509,0,0,0,740110509
2017-12-29,20410216,739134741,0,0,0,739134741
2018-01-02,32291200,747527678,0,0,0,747527678
2018-01-03,46580838,768077153,0,0,0,768077153
2018-01-04,37671820,782434561,0,0,0,782434561
2018-01-05,37950868,786486846,0,0,0,786486846
2018-01-08,78554197,756016936,0,0,0,756016936
2018-01-09,100184238,802675740,0,0,0,802675740
2018-01-10,50938956,796607460,0,0,0,796607460
2018-01-11,38596685,794827566,0,0,0,794827566
2018-01-12,28549256,795462064,0,0,0,795462064
2018-01-15,55674691,821170878,0,0,0,821170878
2018-01-16,61933047,771169096,0,0,0,771169096
2018-01-17,45232806,761465372,0,0,0,761465372
2018-01-18,53657745,793052059,0,0,0,793052059
2018-01-19,41387558,780524636,0,0,0,780524636
2018-01-22,27779329,768319672,0,0,0,768319672
2018-01-23,32934369,757911778,0,0,0,757911778
2018-01-24,19635279,748383271,0,0,0,748383271
2018-01-25,36290516,733156587,0,0,0,733156587
2018-01-26,53567185,732629442,0,0,0,732629442
2018-01-29,35690405,734481622,0,0,0,734481622
2018-01-30,21054519,738760438,0,0,0,738760438
2018-01-31,79046014,784034955,0,0,0,784034955
2018-02-01,87475681,829258074,0,0,0,829258074
2018-02-02,43171133,831584073,0,0,0,831584073
2018-02-05,89687270,877254786,0,0,0,877254786
2018-02-06,47753121,866538293,0,0,0,866538293
2018-02-07,51786514,875259687,0,0,0,875259687
2018-02-08,26424756,850200165,3700,3700,185666,850385831
2018-02-09,39443842,856723403,0,0,0,856723403
2018-02-12,31962851,857190926,2700,2700,137700,857328626
2018-02-13,23210050,859799112,1300,2700,136944,859936056
2018-02-14,7072591,856121543,2300,2300,117990,856239533
2018-02-22,40868462,870332429,3100,4100,214512,870546941
2018-02-23,43289178,879394414,5900,8500,449650,879844064
2018-02-26,96780655,916903076,0,800,40344,916943420
2018-02-27,84501815,935301522,6600,7400,357050,935658572
2018-02-28,28950936,934855107,0,7400,360528,935215635
2018-03-01,16499202,935629168,2600,10000,487400,936116568
2018-03-02,14838309,935401898,0,10000,486300,935888198
2018-03-05,29558198,938434095,0,10000,469900,938903995
2018-03-06,91260986,956137705,1000,11000,507430,956645135
2018-03-07,39855043,920701184,1000,11000,525580,921226764
2018-03-08,23004216,920047676,600,10600,506256,920553932
2018-03-09,40000665,918170620,1000,6700,332521,918503141
2018-03-12,36395551,906709758,1600,7300,363905,907073663
2018-03-13,41917521,910212217,4600,10900,548924,910761141
2018-03-14,25064630,905965555,1000,10900,534318,906499873
2018-03-15,18924843,910313143,1000,10900,533555,910846698
2018-03-16,22353876,901930357,1100,11000,546920,902477277
2018-03-19,42735797,904897386,1000,9500,449825,905347211
2018-03-20,17594737,895058522,1300,9800,467852,895526374
2018-03-21,9236466,882787800,1800,11000,526900,883314700
2018-03-22,9980437,880664060,600,10600,495020,881159080
2018-03-23,60262643,884692525,1000,9800,460502,885153027
2018-03-26,27193360,865817484,2200,11000,516670,866334154
2018-03-27,18389903,858442434,1000,11021,517105,858959539
2018-03-28,45725451,874566092,900,10921,495267,875061359
2018-03-29,17980271,870913050,10400,16921,769567,871682617
2018-03-30,11887165,868724852,9500,16021,725431,869450283
2018-04-02,29083356,855860580,13000,20521,969002,856829582
2018-04-03,62604731,861696924,12900,22921,1128859,862825783
2018-04-04,58135748,883217794,13000,22421,1114548,884332342
2018-04-09,34765615,854184428,12900,22321,1071408,855255836
2018-04-10,21450857,852168383,9142,18563,872461,853040844
2018-04-11,52374542,846602510,13000,19863,1018177,847620687
2018-04-12,36706607,832990695,15900,22763,1165010,834155705
2018-04-13,19113846,831594207,11500,21363,1097631,832691838
2018-04-16,17023507,835240380,11400,20863,1064430,836304810
2018-04-17,10590370,833279196,7500,16963,856632,834135828
2018-04-18,14332531,832515871,7200,17063,858781,833374652
2018-04-19,14661349,820485547,7200,17463,866689,821352236
2018-04-20,16955112,824067288,13100,22963,1125187,825192475
2018-04-23,24289988,826887679,12900,22893,1085815,827973494
2018-04-24,11823723,818318988,8700,18693,900629,819219617
2018-04-25,9900350,817394777,4000,12993,621455,818016232
2018-04-26,9862447,812850722,5300,13593,639007,813489729
2018-04-27,13857114,809376682,5800,13093,625322,810002004
2018-05-02,9143110,809977172,7400,14093,670404,810647576
2018-05-03,6364439,807781224,1200,9721,464664,808245888
2018-05-04,26184804,808516194,12000,17021,839816,809356010
2018-05-07,13658806,809578154,2200,11721,579135,810157289
2018-05-08,14875903,804466678,2500,8621,428033,804894711
2018-05-09,17133717,789426794,7400,13421,671587,790098381
2018-05-10,13074867,782949675,2500,10321,511818,783461493
2018-05-11,12335930,766831419,11900,17921,905011,767736430
2018-05-14,54921369,740362659,11100,18421,954024,741316683
2018-05-15,34496948,701899830,4800,13521,702146,702601976
2018-05-16,29754746,702405782,12700,20221,1053919,703459701
2018-05-17,42868722,724819794,2900,13121,687278,725507072
2018-05-18,38503991,710361706,7000,15221,815541,711177247
2018-05-21,110068056,770155703,2500,11000,557260,770712963
2018-05-22,34515203,755188087,3000,11100,593184,755781271
2018-05-23,39279601,742578387,2500,10600,559680,743138067
2018-05-24,32738890,730926259,3000,11100,600288,731526547
2018-05-25,17809258,721503325,2900,11500,635375,722138700
2018-05-28,31189589,734151878,5400,13800,751686,734903564
2018-05-29,53485993,746658300,2500,11900,624393,747282693
2018-05-30,19605940,736411995,2500,11900,624036,737036031
2018-05-31,21661790,741729109,2500,9819,517461,742246570
2018-06-01,15572394,741454024,3500,10819,560532,742014556
2018-06-04,28972302,743228230,2500,10219,520147,743748377
2018-06-05,11181431,741113016,2125,9844,509821,741622837
2018-06-06,12348490,732000642,2500,10244,535351,732535993
2018-06-07,20326257,744387693,2200,9944,514105,744901798
2018-06-08,31246932,751162817,3500,11244,568384,751731201
2018-06-11,10962923,746228505,2500,11244,564674,746793179
2018-06-12,9254960,739754471,0,8844,445119,740199590
2018-06-13,8668757,737556213,2500,11244,567372,738123585
2018-06-14,12026531,742757847,100,8844,439547,743197394
2018-06-15,22885113,747693839,2421,9665,471749,748165588
2018-06-19,20087696,744132512,3500,10765,505309,744637821
2018-06-20,14839401,744717052,2300,10565,495499,745212551
2018-06-21,25810172,753688783,4900,13165,593347,754282130
2018-06-22,13461383,752265673,4200,14765,666197,752931870
2018-06-25,15679720,756659351,4800,14765,645526,757304877
2018-06-26,13877657,757538105,4800,14765,627217,758165322
2018-06-27,33775935,761453404,5800,15765,688931,762142335
2018-06-28,14078266,761535536,8800,19765,857603,762393139
2018-06-29,20106925,761974099,5800,20765,923212,762897311
2018-07-02,11066449,758092723,5000,20965,927282,759020005
2018-07-03,16349702,760183080,46280,82797,1934965,762118045
2018-07-04,18008401,761461293,42920,106597,2387773,763849066
2018-07-05,10482814,760313411,20700,108897,2358709,762672120
2018-07-06,8668919,760103514,24360,114597,2511966,762615480
2018-07-09,23034477,763045759,13400,85357,2025522,765071281
2018-07-10,23048168,759003294,53220,124277,3053485,762056779
2018-07-11,34190472,748260009,49620,122197,3116024,751376033
2018-07-12,30876591,759760760,64857,150905,3825442,763586202
2018-07-13,26826142,759945052,23960,67105,1727954,761673006
2018-07-16,27307540,765641481,31780,70345,1873991,767515472
2018-07-17,18405127,758157430,24000,62535,1685943,759843373
2018-07-18,19401189,763448498,34645,72740,1936338,765384836
2018-07-19,11480176,763374135,37540,69780,1872895,765247030
2018-07-20,13697455,757196310,30220,65080,1714858,758911168
2018-07-23,20662375,745203668,39923,74623,2091683,747295351
2018-07-24,21922731,744984421,31728,46731,1294449,746278870
2018-07-25,19967169,754059788,21900,43451,1184908,755244696
2018-07-26,10127355,754441464,32200,52144,1425096,755866560
2018-07-27,18870396,758872019,26500,43404,1139355,760011374
2018-07-30,9842376,754492884,29100,48044,1258753,755751637
2018-07-31,5745536,753389215,16400,39184,1046996,754436211
2018-08-01,26506067,752943754,36620,54704,1417380,754361134
2018-08-02,18076854,755189300,41940,56244,1457282,756646582
2018-08-03,41447339,747926753,42200,56547,1537513,749464266
2018-08-06,46768240,752019102,4500,29047,720656,752739758
2018-08-07,30147498,755537210,4440,28987,719748,756256958
2018-08-08,12544612,744612306,0,24588,591096,745203402
2018-08-09,9646776,741271142,1160,25680,626079,741897221
2018-08-10,19502310,741712043,4200,23260,586152,742298195
2018-08-13,18354264,747416666,7600,21860,553276,747969942
2018-08-14,8301823,743680962,7628,21888,554423,744235385
2018-08-15,12798258,748694613,6600,20788,521363,749215976
2018-08-16,39402485,741701352,9800,23968,566843,742268195
2018-08-17,33902714,698357289,9800,23928,536226,698893515
2018-08-20,24837980,697322752,9700,23875,506389,697829141
2018-08-21,12592067,692497204,6400,20563,455265,692952469
2018-08-22,8424353,687605217,9653,23801,529097,688134314
2018-08-23,10404716,682861424,9800,24001,538822,683400246
2018-08-24,8363364,677470298,9800,23921,540137,678010435
2018-08-27,19769235,681331518,12220,26341,605843,681937361
2018-08-28,7934329,682225363,5100,22541,517541,682742904
2018-08-29,4842024,681853042,9620,23701,546308,682399350
2018-08-30,2301343,682475898,4300,21681,494327,682970225
2018-08-31,3951533,681990521,12100,26281,603412,682593933
2018-09-03,5047116,679339986,14260,28540,652996,679992982
2018-09-04,7288969,679591961,13700,35340,798684,680390645
2018-09-05,10378998,684512679,7600,32380,712036,685224715
2018-09-06,10093455,678204077,12040,35220,796324,679000401
2018-09-07,6479527,672905926,11640,34800,796920,673702846
2018-09-10,10307920,673623516,11100,34300,804335,674427851
2018-09-11,8374326,671541007,11960,35160,824502,672365509
2018-09-12,8358531,673197108,4900,31160,716680,673913788
2018-09-13,4214377,671384892,7300,35560,813257,672198149
2018-09-14,6109264,670976873,12100,33880,777207,671754080
2018-09-17,11600301,671788374,16800,41280,882567,672670941
2018-09-18,8971425,671530862,12840,39620,864508,672395370
2018-09-19,7884928,656579914,16140,44260,992752,657572666
2018-09-20,6989053,651495527,10200,43160,974121,652469648
2018-09-21,10661814,647652170,9900,40860,930791,648582961
2018-09-25,15515054,644392136,11300,42820,1006698,645398834
2018-09-26,22066813,639065967,18100,49620,1235538,640301505
2018-09-27,19123244,634427264,5440,39460,981370,635408634
2018-09-28,11048498,625893491,13300,47260,1176774,627070265
2018-10-08,25182925,630047364,15420,45080,1128803,631176167
2018-10-09,15915264,630476447,11800,43380,1087971,631564418
2018-10-10,18301470,629999855,15780,44300,1126991,631126846
2018-10-11,12714017,621870787,17700,46340,1137183,623007970
2018-10-12,26348239,621306380,17260,44900,1144950,622451330
2018-10-15,13433973,625263836,10400,42360,1065354,626329190
2018-10-16,17727595,622404788,8500,41960,1032216,623437004
2018-10-17,8748866,621841772,9800,42260,1052697,622894469
2018-10-18,7832901,619125593,9000,41760,1005998,620131591
2018-10-19,18464847,618658798,13600,42960,1031040,619689838
2018-10-22,22481708,609311845,11500,40860,991672,610303517
2018-10-23,49561604,626050996,40600,69960,1620973,627671969
2018-10-24,14707043,607028884,14100,45380,1079590,608108474
2018-10-25,12627129,607996972,18700,53080,1263304,609260276
2018-10-26,13146214,605229269,27200,67980,1592092,606821361
2018-10-29,10910981,606174802,15800,69280,1565728,607740530
2018-10-30,13521319,605927752,34100,87080,1969750,607897502
2018-10-31,11160653,604467011,11400,84280,1930012,606397023
2018-11-01,27614959,620339338,20500,74220,1662528,622001866
2018-11-02,10838534,615650969,9500,64420,1488746,617139715
2018-11-05,12489356,608244626,21200,75420,1778403,610023029
2018-11-06,17131095,604010093,12000,79620,1957059,605967152
2018-11-07,12976288,589386945,20318,83038,2088406,591475351
2018-11-08,17420806,579089451,10200,84538,2189534,581278985
2018-11-09,29502479,592926864,16598,92176,2347723,595274587
2018-11-12,6850665,585901236,5800,90276,2307455,588208691
2018-11-13,11644955,585490349,12400,94556,2426307,587916656
2018-11-14,8439066,588100666,600,94256,2403528,590504194
2018-11-15,12682405,592647888,8900,84156,2162809,594810697
2018-11-16,13808540,589888017,4000,84156,2188898,592076915
2018-11-19,20171310,586956996,7700,73156,1844263,588801259
2018-11-20,14140256,586601293,15800,77856,1905915,588507208
2018-11-21,9062892,585317631,9638,85794,2144850,587462481
2018-11-22,22662442,603458082,0,84394,2067653,605525735
2018-11-23,7786080,599909610,9380,80374,1953892,601863502
2018-11-26,8282090,588938861,13000,80174,1955444,590894305
2018-11-27,6441376,590497712,11300,73374,1782255,592279967
2018-11-28,10457610,591096226,24300,84874,2098934,593195160
2018-11-29,37199253,599989137,20700,91294,2344430,602333567
2018-11-30,28330461,589582709,16760,95134,2569569,592152278
2018-12-03,43173173,590804636,10400,90314,2496279,593300915
2018-12-04,28192511,583608561,6760,89474,2558956,586167517
2018-12-05,48834227,581456685,28300,104474,3145712,584602397
2018-12-06,41247762,580735590,8000,99674,3002181,583737771
2018-12-07,48322539,600977277,21200,112274,3325556,604302833
2018-12-10,32331770,606117116,14100,118274,3487900,609605016
2018-12-11,53102613,636004288,8100,117374,3373329,639377617
2018-12-12,20763776,633348311,0,92374,2646515,635994826
2018-12-13,26180693,611958514,34000,118774,3444446,615402960
2018-12-14,21739098,610785094,5100,81674,2286055,613071149
2018-12-17,21951410,620199918,3600,81174,2240402,622440320
2018-12-18,20622545,623109534,21100,96874,2695035,625804569
2018-12-19,26143514,617023722,11800,96874,2586536,619610258
2018-12-20,23376564,615191931,27260,120534,3333971,618525902
2018-12-21,17795915,622648434,7400,118434,3217852,625866286
2018-12-24,46438598,604465507,29200,142834,4162182,608627689
2018-12-25,51419426,624410715,5600,134434,3875732,628286447
2018-12-26,39420037,628358831,12400,139434,4008728,632367559
2018-12-27,28447280,623947951,6700,136534,3873469,627821420
2018-12-28,16512411,615343379,3500,130934,3764353,619107732
2019-01-02,33111014,618144519,10500,97674,2833523,620978042
2019-01-03,27583293,616847977,7800,99674,2850676,619698653
2019-01-04,37967046,605916580,5800,101874,3035845,608952425
2019-01-07,37440140,591610097,5600,91774,2892716,594502813
2019-01-08,47573538,605129809,4720,90694,2817863,607947672
2019-01-09,43425682,621397679,5300,85694,2622236,624019915
2019-01-10,26844136,618361921,11000,91094,2735553,621097474
2019-01-11,23651717,618646131,12800,92794,2804235,621450366
2019-01-14,38154085,623950635,23500,108294,3281308,627231943
2019-01-15,29563419,620521135,6900,88794,2667372,623188507
2019-01-16,25134664,626598193,3700,86494,2581846,629180039
2019-01-17,30554067,633994385,4200,86494,2578386,636572771
2019-01-18,37500099,613437068,99000,181994,5967583,619404651
2019-01-21,73269023,648776479,8500,110494,3472826,652249305
2019-01-22,38745069,654732251,16600,114694,3626624,658358875
2019-01-23,38657188,653688524,66900,177994,5750986,659439510
2019-01-24,27659152,643575790,19200,159194,5186541,648762331
2019-01-25,32362798,638082303,17600,150594,4847621,642929924
2019-01-28,28610114,640285976,12400,158394,5109790,645395766
2019-01-29,41841845,642183891,55900,204598,6894953,649078844
2019-01-30,39150186,634595166,2400,196100,6528169,641123335
2019-01-31,32386510,630350973,7700,199500,6892725,637243698
2019-02-01,23368996,626410553,1300,166100,5738755,632149308
2019-02-11,63220236,645541629,40300,199600,7586796,653128425
2019-02-12,43883365,651107597,1500,150600,5813160,656920757
2019-02-13,56302632,664332805,14900,165500,6431330,670764135
2019-02-14,52421086,687324255,14709,178509,6867241,694191496
2019-02-15,110604252,704723142,37900,213309,9027237,713750379
2019-02-18,120219823,736464077,7900,207202,9034007,745498084
2019-02-19,106759282,751803870,12300,210902,9558079,761361949
2019-02-20,124352964,780716982,12000,213502,9767717,790484699
2019-02-21,164061602,812617607,14300,219502,10378055,822995662
2019-02-22,103703792,815816423,8300,219402,10439147,826255570
2019-02-25,272654640,919417670,8100,189293,8690442,928108112
2019-02-26,187748386,879800628,38700,217893,10463222,890263850
2019-02-27,118725039,876971992,8500,182393,8402846,885374838
2019-02-28,91418038,885751103,41100,191293,8568013,894319116
2019-03-01,116396910,898874215,20100,171072,7869312,906743527
2019-03-04,236637764,997246927,58100,220293,11146826,1008393753
2019-03-05,196794995,986323260,9889,149882,7988711,994311971
2019-03-06,161367803,1019154088,40500,179282,9555731,1028709819
2019-03-07,137650081,1014885101,11000,129482,6673502,1021558603
2019-03-08,181851201,1041084676,91000,209420,11434332,1052519008
2019-03-11,261297653,1165492324,30400,151422,8281269,1173773593
2019-03-12,314845155,1233822276,80800,201162,11335479,1245157755
2019-03-13,211614510,1228152574,28800,160760,8218051,1236370625
2019-03-14,199673402,1304711560,66800,179758,8946556,1313658116
2019-03-15,133585089,1329487637,58300,186958,9905035,1339392672
2019-03-18,279269676,1401178091,55400,215058,12533580,1413711671
2019-03-19,151418723,1339877514,10600,182458,10617231,1350494745
2019-03-20,221265474,1385511176,40400,199158,11122974,1396634150
2019-03-21,186017670,1472146488,32700,214658,11967184,1484113672
2019-03-22,130381743,1449552145,19500,188758,10315625,1459867770
2019-03-25,90428224,1470716180,5300,165258,8824777,1479540957
2019-03-26,159735074,1450906677,36200,191158,10532806,1461439483
2019-03-27,157114610,1410755743,35407,216165,12053360,1422809103
2019-03-28,201927593,1421074946,29500,226665,13561367,1434636313
2019-03-29,195091243,1444176797,19000,208865,13223243,1457400040
2019-04-01,173441322,1460742049,50300,223965,15596923,1476338972
2019-04-02,241064434,1554073193,15300,198365,13425343,1567498536
2019-04-03,175170611,1648111273,11000,189765,12708562,1660819835
2019-04-04,227685493,1721693043,67600,240565,16798654,1738491697
2019-04-08,294001715,1767045303,13300,204765,13799113,1780844416
2019-04-09,82391023,1752441975,11500,200265,13353670,1765795645
2019-04-10,113942164,1765274275,18600,198365,13131763,1778406038
2019-04-11,119286452,1762938952,38200,212265,14172934,1777111886
2019-04-12,248874925,1875259149,44000,225265,15340547,1890599696
2019-04-15,177947790,1854282201,21600,209665,14326409,1868608610
2019-04-16,196162594,1913699814,26500,209965,14111748,1927811562
2019-04-17,282499357,2016843534,49100,238965,16548326,2033391860
2019-04-18,204582121,2051198994,13300,216165,14526288,2065725282
2019-04-19,137985565,2082152954,21900,216865,14378150,2096531104
2019-04-22,287512785,2150929293,49400,242865,16441961,2167371254
2019-04-23,308312919,2241793545,24600,248965,16650779,2258444324
2019-04-24,247021282,2230552138,29700,262465,17978853,2248530991
2019-04-25,381351752,2209364588,19000,267965,19119303,2228483891
2019-04-26,303643628,2256667322,10700,248965,16386876,2273054198
2019-04-29,137272074,2206034222,11200,226065,13925604,2219959826
2019-04-30,127740044,2161576756,38600,237865,15247147,2176823903
2019-05-06,138507477,2081865341,23100,225765,13563961,2095429302
2019-05-07,111740321,2033120363,45800,257096,15682856,2048803219
2019-05-08,124422309,1986492759,17400,248596,14406138,2000898897
2019-05-09,68625076,1956551915,16600,256076,15213475,1971765390
2019-05-10,168150368,2006835544,17200,220276,13557988,2020393532
2019-05-13,70837895,2020357401,23100,227876,13656609,2034014010
2019-05-14,96956604,2027238852,37400,239976,14321768,2041560620
2019-05-15,91008869,2045813640,15300,231660,14050179,2059863819
2019-05-16,86112739,2013035187,13900,229000,14108690,2027143877
2019-05-17,97562413,2034924604,22385,221485,13266952,2048191556
2019-05-20,83083024,2000760670,27900,191352,10650652,2011411322
2019-05-21,56864670,1980658492,36300,206052,12074647,1992733139
2019-05-22,51861644,1980928132,23300,205052,11938128,1992866260
2019-05-23,70966467,1998514302,11400,175452,9772677,2008286979
2019-05-24,114289728,2018459802,61100,208652,11290159,2029749961
2019-05-27,138100212,2067872674,44800,209352,12309898,2080182572
2019-05-28,220998558,2153272929,70451,257003,15787695,2169060624
2019-05-29,236629688,2287601993,15100,204188,12089972,2299691965
2019-05-30,261524472,2349261147,29392,214319,13019879,2362281026
2019-05-31,199851351,2295635549,51700,239119,15148188,2310783737
2019-06-03,235037650,2306806734,31500,240519,15667407,2322474141
2019-06-04,199909203,2323197562,12900,243619,15679319,2338876881
2019-06-05,165851292,2337497553,6900,219619,13616378,2351113931
2019-06-06,425485073,2565176323,31800,227219,13180975,2578357298
2019-06-10,128851946,2627596903,17000,234019,13573102,2641170005
2019-06-11,164784019,2604501423,11500,238519,14688000,2619189423
2019-06-12,156608109,2671383943,6400,238819,14587064,2685971007
2019-06-13,158380708,2722335764,10620,239739,14863818,2737199582
2019-06-14,175113982,2775894200,4000,238739,14746908,2790641108
2019-06-17,123798414,2832879725,47400,280939,16963096,2849842821
2019-06-18,146977820,2874510306,18200,275039,17173435,2891683741
2019-06-19,222697379,2973838542,3800,267739,16586431,2990424973
2019-06-20,201642266,3036539187,12500,263140,16143639,3052682826
2019-06-21,195001233,3108720846,6600,258240,15171600,3123892446
2019-06-24,114847526,3113690939,16500,266940,15960343,3129651282
2019-06-25,90856505,3110075660,3200,264340,15395162,3125470822
2019-06-26,46625615,3101715209,300,263140,15262120,3116977329
2019-06-27,49666509,3046225690,5700,263240,15399541,3061625231
2019-06-28,81105752,3059797148,7100,268440,15781588,3075578736
2019-07-01,120772620,3045340995,12800,268440,16458057,3061799052
2019-07-02,317141596,3195321547,23600,284040,18005295,3213326842
2019-07-03,197003407,3239356798,11500,279040,16990746,3256347544
2019-07-04,115755860,3239999444,6500,280040,16513959,3256513403
2019-07-05,151341746,3244216654,7687,282227,17229958,3261446612
2019-07-08,210050556,3238285709,23300,282527,17779424,3256065133
2019-07-09,254814357,3280114516,13500,288927,18722470,3298836986
2019-07-10,154228726,3288877189,6200,290927,18808431,3307685620
2019-07-11,161935704,3321307736,1900,287527,18735260,3340042996
2019-07-12,126695668,3335815308,8600,287626,18761844,3354577152
2019-07-15,227719235,3385261966,17400,292026,20126432,3405388398
2019-07-16,142273044,3437239789,4800,287326,19632985,3456872774
2019-07-17,404042444,3486833265,28900,291426,20455191,3507288456
2019-07-18,260505677,3574147996,16900,290626,20486227,3594634223
2019-07-19,266814917,3688922403,5200,246626,17695415,3706617818
2019-07-22,185026475,3639815089,9700,243726,17219242,3657034331
2019-07-23,160114094,3700434667,4300,234626,16489516,3716924183
2019-07-24,126359759,3700038092,30300,262726,18577356,3718615448
2019-07-25,152065589,3745481245,9546,263972,18929433,3764410678
2019-07-26,259012148,3776743898,7900,267972,19170717,3795914615
2019-07-29,318787884,3832081114,106600,368372,27996272,3860077386
2019-07-30,187874250,3761126568,11000,362072,27937476,3789064044
2019-07-31,157811743,3775028288,2200,360172,27589175,3802617463
2019-08-01,160903319,3708801577,17900,328472,25420448,3734222025
2019-08-02,172813660,3698417109,4100,310772,24302370,3722719479
2019-08-05,281408260,3800411210,113720,414692,32180099,3832591309
2019-08-06,158087446,3701299774,63300,327092,24616944,3725916718
2019-08-07,164178384,3734569742,37200,322592,24294404,3758864146
2019-08-08,133179745,3781980125,30600,330492,25008330,3806988455
2019-08-09,138143331,3741613496,105954,368246,26786215,3768399711
2019-08-12,219970626,3715346044,67700,362046,26592278,3741938322
2019-08-13,165445304,3775033729,53400,370146,26913316,3801947045
2019-08-14,138038875,3830741297,25300,336246,24303861,3855045158
2019-08-15,142955764,3798219327,27200,307792,22268751,3820488078
2019-08-16,188076143,3787508244,49000,334392,25112840,3812621084
2019-08-19,319896790,3793781973,85300,351111,25051769,3818833742
2019-08-20,102726585,3757870874,17400,315611,22234795,3780105669
2019-08-21,41833165,3724846258,17200,310111,21760488,3746606746
2019-08-22,74634596,3703776457,43600,333411,23722193,3727498650
2019-08-23,99977264,3702542937,31800,324311,22643394,3725186331
2019-08-26,116555033,3746190289,13800,324511,23134389,3769324678
2019-08-27,352136014,3794531050,112325,392436,30735587,3825266637
2019-08-28,211651655,3734362393,59400,373711,30165952,3764528345
2019-08-29,177915931,3799924903,24000,329011,26422874,3826347777
2019-08-30,314687555,3976315429,34705,350516,28181487,4004496916
2019-09-02,244500783,4096625721,12200,339416,27244922,4123870643
2019-09-03,123053709,4131442053,14810,322126,26092206,4157534259
2019-09-04,110254203,4030294015,8200,305216,24466115,4054760130
2019-09-05,203863294,4093965595,43700,323216,26629766,4120595361
2019-09-06,375653803,4226440593,53400,349816,26593012,4253033605
2019-09-09,335829087,4209549161,46600,313916,22909590,4232458751
2019-09-10,99414505,4142699096,14700,302416,22076368,4164775464
2019-09-11,260397343,4250243174,99100,370804,25882120,4276125294
2019-09-12,54950026,4204655919,8451,336855,23680906,4228336825
2019-09-16,370521979,4449189706,30100,298655,21503160,4470692866
2019-09-17,71660540,4467055103,42700,299355,21643366,4488698469
2019-09-18,50333005,4474271084,11500,305855,22046028,4496317112
2019-09-19,263735062,4619269008,48800,336555,25234894,4644503902
2019-09-20,138189060,4675409781,7400,323655,24264415,4699674196
2019-09-23,75462896,4657828287,3400,319455,23147709,4680975996
2019-09-24,147470383,4701584731,5600,277755,19301195,4720885926
2019-09-25,68688082,4721583274,36000,306555,21336228,4742919502
2019-09-26,162513815,4642353792,35200,309855,19409317,4661763109
2019-09-27,114409758,4576297595,34900,286155,19458540,4595756135
2019-09-30,120425633,4603831650,13100,277555,19567628,4623399278
2019-10-08,236115954,4717703559,26867,300322,22569198,4740272757
2019-10-09,130853242,4773487026,34760,315168,23952768,4797439794
2019-10-10,272071186,4800790096,58300,353568,28996112,4829786208
2019-10-11,197188335,4647641331,17800,355568,29263246,4676904577
2019-10-14,195083147,4595525392,49600,371168,30862619,4626388011
2019-10-15,186409911,4647326222,62500,395968,33178158,4680504380
2019-10-16,74149512,4590859748,7100,371868,30623329,4621483077
2019-10-17,71645724,4586269810,28000,375568,31190922,4617460732
2019-10-18,222171300,4615784992,95800,399016,34834097,4650619089
2019-10-21,305170350,4755261756,45100,399165,35234294,4790496050
2019-10-22,142260008,4729120972,21000,395865,35548677,4764669649
2019-10-23,169843224,4794534838,4000,359465,32132576,4826667414
2019-10-24,149622716,4763678970,48900,342765,31075075,4794754045
2019-10-25,463430339,4781610831,119300,399365,39828672,4821439503
2019-10-28,609706601,5147397155,60337,380402,37956512,5185353667
2019-10-29,412317816,5251115809,43200,387002,39098812,5290214621
2019-10-30,216637440,5250681045,38600,382302,38299015,5288980060
2019-10-31,201599086,5267294288,33925,368127,36260511,5303554799
2019-11-01,294433294,5314006113,73700,368777,34904744,5348910857
2019-11-04,310297368,5443667254,38800,371977,35583320,5479250574
2019-11-05,252965060,5461302350,54700,371577,36823282,5498125632
2019-11-06,471165936,5627931608,36995,318512,30191752,5658123360
2019-11-07,197952539,5572935835,55000,359894,34434658,5607370493
2019-11-08,140155336,5549329579,9400,324957,30227500,5579557079
2019-11-11,176459551,5596385510,25600,314162,29493529,5625879039
2019-11-12,147917946,5595510679,24300,324662,31167552,5626678231
2019-11-13,168207728,5623105906,12400,290262,27322362,5650428268
2019-11-14,171383721,5679217961,30600,307062,29155537,5708373498
2019-11-15,154590806,5640966220,47900,327162,29699766,5670665986
2019-11-18,148979780,5601251436,45900,352462,32627407,5633878843
2019-11-19,105139394,5603057204,39000,358762,34326349,5637383553
2019-11-20,101827251,5516189967,18700,345962,32001486,5548191453
2019-11-21,151546199,5526693316,12900,342062,31993059,5558686375
2019-11-22,122279186,5537263252,27940,345702,31804584,5569067836
2019-11-25,124178678,5550879597,22600,308502,27524549,5578404146
2019-11-26,78969636,5538148863,41200,341602,31085782,5569234645
2019-11-27,66137936,5540412717,18500,342402,30795636,5571208353
2019-11-28,67829727,5542594922,24795,362097,32769779,5575364701
2019-11-29,174754904,5619656563,14400,292162,25359662,5645016225
2019-12-02,141364274,5647829764,82600,362762,32710249,5680540013
2019-12-03,119243992,5644114206,8100,358162,32216672,5676330878
2019-12-04,103871182,5648366109,20600,334587,30313582,5678679691
2019-12-05,72591674,5659378611,18100,317062,28662405,5688041016
2019-12-06,214395986,5711108742,30100,329562,30039576,5741148318
2019-12-09,194515426,5741756520,26500,326762,28983790,5770740310
2019-12-10,321346167,5879639527,31000,310667,26096028,5905735555
2019-12-11,154577516,5897632271,12300,294167,24224652,5921856923
2019-12-12,120122690,5928198172,18101,300868,24854706,5953052878
2019-12-13,137011094,5878314567,7400,282967,23557003,5901871570
2019-12-16,98771532,5850844676,6800,284867,23609777,5874454453
2019-12-17,159056570,5886683752,12300,290867,24363020,5911046772
2019-12-18,148588416,5935629054,8200,286067,23431748,5959060802
2019-12-19,96087488,5946290477,9300,290867,23749291,5970039768
2019-12-20,137248772,5948051533,8300,296267,24631638,5972683171
2019-12-23,102546773,5943072758,800,288567,23137302,5966210060
2019-12-24,178037177,6052301002,14000,295067,23242428,6075543430
2019-12-25,90579151,6089719230,12600,305267,23865774,6113585004
2019-12-26,83897895,6094414308,2100,294467,22903643,6117317951
2019-12-27,323740197,6179213150,20900,301967,25054202,6204267352
2019-12-30,217656728,6224108491,12800,313067,26642002,6250750493
2019-12-31,241429513,6052533336,7300,308867,27424301,6079957637
2020-01-02,147405125,5907983766,6200,307367,28222438,5936206204
2020-01-03,168822898,5903780640,7300,253567,23023884,5926804524
2020-01-06,95448974,5850046192,49200,288767,26090098,5876136290
2020-01-07,220953391,5859910458,23900,299767,28118145,5888028603
2020-01-08,190624406,5815071625,23900,303667,28811925,5843883550
2020-01-09,115095249,5824630918,22200,320167,29938816,5854569734
2020-01-10,99589948,5830155877,6200,316467,28728874,5858884751
2020-01-13,80222097,5816834675,2900,312667,28571510,5845406185
2020-01-14,111115299,5822803466,5700,307167,27893835,5850697301
2020-01-15,172804683,5798113959,14700,312567,28031009,5826144968
2020-01-16,83789756,5753674560,9300,316067,28604064,5782278624
2020-01-17,71760088,5745185632,1200,306267,27202635,5772388267
2020-01-20,118170774,5731102979,13600,313167,28444959,5759547938
2020-01-21,102013499,5726358124,1000,293167,25945280,5752303404
2020-01-22,145095923,5742539159,7000,283867,24426755,5766965914
2020-01-23,90978180,5689966044,5700,251767,20564329,5710530373
2020-02-03,209346285,5587042372,0,211967,15600771,5602643143
2020-02-04,165478569,5552209634,2600,210567,17047504,5569257138
2020-02-05,205338327,5491082442,4700,214867,17604053,5508686495
2020-02-06,384850498,5570706597,1600,215367,19408874,5590115471
2020-02-07,426848781,5542337331,1600,214267,19808984,5562146315
2020-02-10,701693978,5707324406,61000,221267,21951899,5729276305
2020-02-11,354745075,5747053666,63500,271567,27159416,5774213082
2020-02-12,255523058,5818489253,9100,250067,24569083,5843058336
2020-02-13,157022606,5792638208,32400,269767,26483026,5819121234
2020-02-14,472552787,5846224460,71966,321133,34043310,5880267770
2020-02-17,309899836,5853552097,10200,307833,32460990,5886013087
2020-02-18,274840752,5905229090,18700,323833,34407257,5939636347
2020-02-19,362214915,5985084301,22900,329133,35480538,6020564839
2020-02-20,315407257,6033152686,7200,329737,35680841,6068833527
2020-02-21,394797174,6027618644,15000,339737,37527349,6065145993
2020-02-24,349278630,6101851553,14400,341637,38116440,6139967993
2020-02-25,469146562,5839885379,28600,340037,40794239,5880679618
2020-02-26,421390804,5831803650,9400,316737,36741492,5868545142
2020-02-27,435940382,5646879978,40400,333737,39581208,5686461186
2020-02-28,331446884,5654387698,33300,328437,38262911,5692650609
2020-03-02,1542162320,6311115214,30100,326637,39196440,6350311654
2020-03-03,626250052,6393946625,17100,326837,39086437,6433033062
2020-03-04,595320129,6621266026,29200,345537,42051853,6663317879
2020-03-05,1081221555,7047814828,42739,361876,45813501,7093628329
2020-03-06,1529276641,7906479585,6500,338237,43294336,7949773921
2020-03-09,1110860291,8189045273,31600,335633,44803649,8233848922
2020-03-10,981433478,8513700220,30800,336533,43853615,8557553835
2020-03-11,647316025,8605026166,30600,338233,43111178,8648137344
2020-03-12,650244311,8728446412,8400,298633,36373500,8764819912
2020-03-13,606322233,8916731014,19100,298833,36636926,8953367940
2020-03-16,501646926,8997217738,11300,278067,31699638,9028917376
2020-03-17,472612786,9213280561,16800,278967,31807817,9245088378
2020-03-18,651337506,9313205286,113800,369367,43404316,9356609602
2020-03-19,344439525,9340593436,21900,303567,36467504,9377060940
2020-03-20,603108075,9562414685,18200,313167,36546589,9598961274
2020-03-23,654807490,9602667772,8300,295767,32978021,9635645793
2020-03-24,198286260,9147587130,11600,302067,34668230,9182255360
2020-03-25,248627047,9165168392,15700,313667,37131899,9202300291
2020-03-26,232257233,9131581118,13200,319167,37661706,9169242824
2020-03-27,538941355,9459303101,22883,323750,37017575,9496320676
2020-03-30,84932490,9452942732,18300,328667,37632372,9490575104
2020-03-31,378865236,9194508464,46900,333767,40789665,9235298129
2020-04-01,456370915,9367868947,171300,490367,59481517,9427350464
2020-04-02,552905316,9746158117,36600,491867,59284730,9805442847
2020-04-03,373873685,9750055433,59700,497867,61167940,9811223373
2020-04-07,474263151,9754964194,38400,502467,64466516,9819430710
2020-04-08,658932731,9901269490,53100,532167,65610869,9966880359
2020-04-09,468284076,10081756958,53600,526911,65495037,10147251995
2020-04-10,248106157,10091440779,22700,533411,66089623,10157530402
2020-04-13,159387369,10070485973,149058,654069,80777522,10151263495
2020-04-14,191968876,10100182704,15800,594769,74090374,10174273078
2020-04-15,228267874,10155096305,15200,574269,69871309,10224967614
2020-04-16,293844584,10281576406,18800,550969,65714073,10347290479
2020-04-17,271836211,10275275291,27400,560069,69431754,10344707045
2020-04-20,342390731,10491538369,20400,564769,70087833,10561626202
2020-04-21,174356722,10411329502,11000,556169,68692433,10480021935
2020-04-22,444607954,10430380752,22600,564569,71395396,10501776148
2020-04-23,421580469,10516712903,30000,570469,73025737,10589738640
2020-04-24,193087696,10506914206,17200,574369,73748980,10580663186
2020-04-27,522465044,10644710271,9800,462069,61547590,10706257861
2020-04-28,354597480,10690499974,8900,436369,58342535,10748842509
2020-04-29,403180117,10841644708,5100,430969,55551904,10897196612
2020-04-30,246926617,10898514837,65400,487769,62141771,10960656608
2020-05-06,289006968,10966682173,10849,476618,59005309,11025687482
2020-05-07,152604564,10883651623,19800,387118,47867141,10931518764
2020-05-08,164393578,10909414992,10600,381418,47028840,10956443832
2020-05-11,693139116,11335780006,23400,366818,42770978,11378550984
2020-05-12,181329768,11373504342,59823,410441,47623469,11421127811
2020-05-13,309533963,11527739522,13200,386941,44614298,11572353820
2020-05-14,249362837,11578190933,64600,427339,48216660,11626407593
2020-05-15,257418109,11696096396,15100,423639,48294846,11744391242
2020-05-18,436606133,11774232750,27300,327616,39084589,11813317339
2020-05-19,258561801,11804391812,15300,317516,37120796,11841512608
2020-05-20,315653242,11932077825,17105,307921,34887450,11966965275
2020-05-21,277580450,12007691935,19100,316121,36227466,12043919401
2020-05-22,433419913,12194841006,20000,328321,38272379,12233113385
2020-05-25,507364366,12314376578,17500,332721,39780122,12354156700
2020-05-26,239194329,12410726284,18900,338372,39684268,12450410552
2020-05-27,228964481,12527113077,25000,356772,41007374,12568120451
2020-05-28,120407616,12520749550,3600,355972,41043572,12561793122
2020-05-29,243538135,12563374707,10300,343272,41257862,12604632569
2020-06-01,234127386,12644774144,15100,335972,40313280,12685087424
2020-06-02,273851835,12740117201,41200,375072,45627509,12785744710
2020-06-03,183351166,12786294813,14600,381972,45947412,12832242225
2020-06-04,186967410,12793537830,8500,657450,47112867,12840650697
2020-06-05,211388448,12823296915,21240,666990,46142369,12869439284
2020-06-08,128055885,12783817570,8500,578130,40191598,12824009168
2020-06-09,83688650,12760805065,1100,533100,36997140,12797802205
2020-06-10,184514012,12793450545,7300,538900,37518217,12830968762
2020-06-11,469718765,13007989910,30960,559110,36957171,13044947081
2020-06-12,139573735,12996322717,4900,561700,37465390,13033788107
2020-06-15,310177133,12992722129,58100,615600,42617988,13035340117
2020-06-16,166366533,12967584282,16000,576550,39758888,13007343170
2020-06-17,214933168,12985046284,22600,572550,40078500,13025124784
2020-06-18,256514309,12970072685,31520,577900,41672370,13011745055
2020-06-19,244384150,12884161432,54558,621558,46573342,12930734774
2020-06-22,350955324,12941745019,9000,622700,47287838,12989032857
2020-06-23,301613174,12970369885,4987,611387,46459300,13016829185
2020-06-24,244294251,13059990965,9080,615257,46267326,13106258291
2020-06-29,376520550,13185105712,17000,616587,48093786,13233199498
2020-06-30,530108823,13304120964,14800,591130,48472660,13352593624
2020-07-01,686966316,13391802866,34100,552160,45983886,13437786752
2020-07-02,640244355,13724165067,28500,546860,44569091,13768734158
2020-07-03,384374780,13790979064,26800,513260,42492796,13833471860
2020-07-06,962568879,14216657955,22000,511440,44996491,14261654446
2020-07-07,1029567748,14382066370,25100,513160,44644920,14426711290
2020-07-08,414735479,14339986031,17600,512560,45028398,14385014429
2020-07-09,652650061,14437234366,35300,503661,45707237,14482941603
2020-07-10,375308435,14398852092,15200,492561,44039879,14442891971
2020-07-13,817954497,14398469886,24700,496181,46457429,14444927315
2020-07-14,622919306,14464059021,22200,462071,44497437,14508556458
2020-07-15,665653530,14485819562,140200,575332,55479266,14541298828
2020-07-16,869840254,14709617443,29780,579012,52122661,14761740104
2020-07-17,596021363,14853753122,7700,569312,53788597,14907541719
2020-07-20,670366376,14952875094,12900,569322,55212847,15008087941
2020-07-21,434813314,14862867147,12200,579022,55337132,14918204279
2020-07-22,761281003,14930164641,15000,577122,53972450,14984137091
2020-07-23,391251957,14922967982,12000,456182,41973306,14964941288
2020-07-24,738226792,15047790301,51690,488372,43587204,15091377505
2020-07-27,342452047,15076298907,18800,496972,43316078,15119614985
2020-07-28,338899926,15011051689,27300,485472,43808994,15054860683
2020-07-29,316858380,14970241249,170451,634573,57809600,15028050849
2020-07-30,342852151,15009183667,48200,674073,61367607,15070551274
2020-07-31,201669245,14900985046,6900,673773,61636753,14962621799
2020-08-03,430429577,15001087857,11600,672363,62812153,15063900010
2020-08-04,325042904,15051138934,19100,482312,44898425,15096037359
2020-08-05,569800179,15269002979,28800,503312,47663647,15316666626
2020-08-06,750105947,15391068216,11800,494812,46017516,15437085732
2020-08-07,368608101,15200410494,58700,532712,48380905,15248791399
2020-08-10,222701796,15184870680,18000,542812,49803004,15234673684
2020-08-11,538391632,15176221111,29200,563212,52902504,15229123615
2020-08-12,372520913,15195243312,13800,559012,51820413,15247063725
2020-08-13,356724795,15322066581,26500,579312,53296704,15375363285
2020-08-14,153587627,15294382157,43500,611112,56393414,15350775571
2020-08-17,369113842,15422451488,14400,618812,56751248,15479202736
2020-08-18,231542777,15383339063,3900,614612,56034177,15439373240
2020-08-19,237248969,15236088749,14600,623112,55830835,15291919584
2020-08-20,234280392,15358206322,13200,581482,52222898,15410429220
2020-08-21,265733869,15481827402,31000,548392,49212698,15531040100
2020-08-24,616332376,15869665612,36700,564292,51175643,15920841255
2020-08-25,204729244,15930743880,32700,585382,52801457,15983545337
2020-08-26,358094104,15955951931,22400,597582,53304315,16009256246
2020-08-27,126731962,15938486648,53500,650282,57614985,15996101633
2020-08-28,261905916,15894549831,800,614383,55128587,15949678418
2020-08-31,551444776,15944340736,34000,619283,54373047,15998713783
2020-09-01,230707573,16031745835,9200,625083,55582381,16087328216
2020-09-02,618190646,16250825914,165136,740809,66146836,16316972750
2020-09-03,473719953,16516589855,3200,636909,56067100,16572656955
2020-09-04,275740837,16555551420,2700,625109,54665784,16610217204
2020-09-07,513536431,16678041563,149900,756239,62631715,16740673278
2020-09-08,189773957,16673866467,125260,749199,62018694,16735885161
2020-09-09,248463911,16675534487,24100,640219,50833389,16726367876
2020-09-10,120819800,16639588932,31200,665269,52689305,16692278237
2020-09-11,177072989,16613590140,12407,616876,48307560,16661897700
2020-09-14,166319526,16614777426,67200,676689,52879523,16667656949
2020-09-15,120400884,16589218373,43000,692709,54523127,16643741500
2020-09-16,576419192,16861853657,23600,701709,52943946,16914797603
2020-09-17,335946374,16814637539,24300,632819,46885560,16861523099
2020-09-18,231572949,16775739858,57800,685419,51612051,16827351909
2020-09-21,167047976,16784842371,22200,632913,46727968,16831570339
2020-09-22,194866643,16826148022,36200,636713,46416378,16872564400
2020-09-23,170666856,16792084842,17200,619663,46177286,16838262128
2020-09-24,201323164,16901886573,308760,903333,66584676,16968471249
2020-09-25,138939240,16837799539,20300,679033,50214493,16888014032
2020-09-28,352613636,16940584096,254700,903283,63835009,17004419105
2020-09-29,121104516,16787467624,80200,617983,45730742,16833198366
2020-09-30,135632488,16693959209,35400,611093,45220882,16739180091
2020-10-09,243889481,16737227779,36650,633173,45955697,16783183476
2020-10-12,330568795,16523258413,44800,642273,48703564,16571961977
2020-10-13,322169910,16411849365,69306,678573,55201916,16467051281
2020-10-14,394519883,16594412560,82057,709630,55351140,16649763700
2020-10-15,268338025,16609782234,296900,947360,72283568,16682065802
2020-10-16,183431866,16502446160,28800,931610,70103655,16572549815
2020-10-19,217380578,16531737697,63896,966236,71694711,16603432408
2020-10-20,117017732,16487444243,23600,938136,70266386,16557710629
2020-10-21,133399373,16458902509,118600,1047436,76504725,16535407234
2020-10-22,159539454,16460259943,109100,1104836,78708517,16538968460
2020-10-23,281058926,16383740695,166323,1246689,86046474,16469787169
2020-10-26,151266342,16404498527,183800,1332342,93863495,16498362022
2020-10-27,151348229,16462401532,94600,1410672,100707875,16563109407
2020-10-28,123255891,16453476199,34800,1401572,98600591,16552076790
2020-10-29,147962156,16457287123,38300,1341832,96611904,16553899027
2020-10-30,177885068,16531376720,53400,1361832,96526652,16627903372
2020-11-02,115162407,16510715067,52400,1349632,97038541,16607753608
2020-11-03,112778251,16462328580,50500,1349032,96631163,16558959743
2020-11-04,170699650,16452900051,515641,1809373,128736890,16581636941
2020-11-05,121671017,16301302123,43600,1771073,127322438,16428624561
2020-11-06,203543365,16320528921,99794,1814707,128227197,16448756118
2020-11-09,168738141,16247390829,80500,1821667,130522442,16377913271
2020-11-10,153674381,16272872077,90505,1556972,110280326,16383152403
2020-11-11,148995055,16277853717,125600,1617351,113974725,16391828442
2020-11-12,234851267,16333472543,117000,1651661,112494631,16445967174
2020-11-13,111501012,16277433060,75800,1618961,113456787,16390889847
2020-11-16,329517702,16344375635,118800,1656261,120625488,16465001123
2020-11-17,196212166,16405538588,266796,1844987,133484810,16539023398
2020-11-18,171592074,16433291729,72600,1839282,133531872,16566823601
2020-11-19,309106167,16497965483,72910,1816192,136559478,16634524961
2020-11-20,267282542,16570155338,83897,1838679,134168406,16704323744
2020-11-23,191750964,16548007606,89900,1665654,119927088,16667934694
2020-11-24,132175324,16504738146,39700,1615054,116962211,16621700357
2020-11-25,112429531,16507407671,30200,1596554,115877889,16623285560
2020-11-26,259477260,16517164843,97000,1614154,121061550,16638226393
2020-11-27,342143110,16534556621,72100,1592598,122916713,16657473334
2020-11-30,336782516,16548217173,126374,1631032,125589464,16673806637
2020-12-01,205252817,16555337170,273696,1812564,141833135,16697170305
2020-12-02,215137733,16594089349,100688,1832356,145159243,16739248592
2020-12-03,162340346,16620889021,262200,2004628,158505937,16779394958
2020-12-04,157117407,16604050110,280596,2207744,172515440,16776565550
2020-12-07,261116386,16636715057,82400,2188348,172376173,16809091230
2020-12-08,171131013,16590315228,139745,2251673,176125862,16766441090
2020-12-09,265387662,16574739830,252998,2435071,186477738,16761217568
2020-12-10,138907975,16546862129,48600,2388684,179151300,16726013429
2020-12-11,163910292,16491805967,247600,2576694,189902347,16681708314
2020-12-14,175810599,16508596487,51037,2551931,191012037,16699608524
2020-12-15,156627881,16521744240,49500,2550554,191444583,16713188823
2020-12-16,114721422,16446824070,203332,2706786,201736760,16648560830
2020-12-17,147127373,16401892858,32590,2675366,199930101,16601822959
2020-12-18,136398729,16396043957,48700,2688776,196845290,16592889247
2020-12-21,81141405,16324906423,49600,2692227,199224798,16524131221
2020-12-22,168412289,16289540083,63700,2693827,192204558,16481744641
2020-12-23,132796169,16254794198,51750,2692637,193816012,16448610210
2020-12-24,218624996,16243686080,50500,2686287,203217612,16446903692
2020-12-25,144782564,16257658790,28500,2686287,199671713,16457330503
2020-12-28,240261961,16276720165,46062,2687649,208292799,16485012964
2020-12-29,174652874,16302722888,155400,2776849,212290106,16515012994
2020-12-30,119058015,16237594332,57000,2794187,213112643,16450706975
2020-12-31,217558712,16255057216,187258,2948135,227301208,16482358424
2021-01-04,512594392,16292841440,79340,2969085,251808099,16544649539
2021-01-05,1048825808,16015575343,98700,3022031,281925273,16297500616
2021-01-06,1010336485,16107399393,144100,3111731,298726176,16406125569
2021-01-07,915592742,16289268800,68141,3074872,300937723,16590206523
2021-01-08,750435992,16327787869,72710,2977127,287828639,16615616508
2021-01-11,773470992,16479834896,85700,3004317,267414255,16747249151
2021-01-12,451902329,16610305595,35900,2972517,268239935,16878545530
2021-01-13,416884002,16485266164,184200,3111217,275311592,16760577756
2021-01-14,432581278,16326434122,151200,3217727,269902941,16596337063
2021-01-15,332280343,16384056435,61599,3134426,257649818,16641706253
2021-01-18,307189459,16510220281,88100,3005687,250794524,16761014805
2021-01-19,303288402,16476310475,90500,3060487,251235379,16727545854
2021-01-20,267671216,16514162622,29101,2931388,241986081,16756148703
2021-01-21,486903796,16706045363,38500,2953888,246885959,16952931322
2021-01-22,274927982,16679029082,6300,2896188,237458455,16916487537
2021-01-25,327632567,16707938681,38400,2914388,237406047,16945344728
2021-01-26,921041094,16724162113,163000,2955388,258300912,16982463025
2021-01-27,446778961,16469889900,27100,2924588,271431013,16741320913
2021-01-28,665663547,16538367073,71900,2959588,274738555,16813105628
2021-01-29,432592467,16505241718,262800,3157188,280674014,16785915732
2021-02-01,826943929,16561102226,41300,3162388,306688389,16867790615
2021-02-02,794799245,16551996648,518040,3641228,354874081,16906870729
2021-02-03,1648812142,16976668113,228319,3807247,407451574,17384119687
2021-02-04,967085303,17055378012,324970,4060747,432591378,17487969390
2021-02-05,1515439237,16875199114,52200,3999947,426114354,17301313468
2021-02-08,1251706424,16876764754,887900,4724206,549897579,17426662333
2021-02-09,930665081,16989955267,831400,5499206,646156707,17636111974
2021-02-10,1655175464,17306144414,350000,5478994,682408704,17988553118
2021-02-18,1638407494,17819848572,48200,5223437,620544315,18440392887
2021-02-19,1304369049,17869203618,175800,5371977,681703882,18550907500
2021-02-22,923177818,18008250686,31200,4424859,552886133,18561136819
2021-02-23,480373278,17536784934,286400,4679459,570332464,18107117398
2021-02-24,712528052,17536443137,272510,4920569,599964977,18136408114
2021-02-25,286219750,17488513467,99100,4997069,623084533,18111598000
2021-02-26,858747292,17560666048,88800,5045869,574724480,18135390528
2021-03-01,234055916,17392222556,328130,5316799,632061066,18024283622
2021-03-02,366293703,17496975060,384259,5686358,677927600,18174902660
2021-03-03,251059037,17569271494,26400,5650679,683675652,18252947146
2021-03-04,372929186,17679924212,268276,5832379,690553674,18370477886
2021-03-05,424648433,17266743846,200700,6003579,677864106,17944607952
2021-03-08,348019566,17226881002,353400,6323379,696836367,17923717369
2021-03-09,249224091,17206419695,208786,6479465,685786575,17892206270
2021-03-10,152399767,17167958470,385074,6841039,722755772,17890714242
2021-03-11,259254444,17242650642,277400,7082339,758943448,18001594090
2021-03-12,243160998,17326075203,141400,7174839,772514914,18098590117
2021-03-15,1019378639,17890548349,82500,7218539,749428719,18639977068
2021-03-16,392829299,17829171890,443560,7438783,754813311,18583985201
2021-03-17,435625563,17886973957,142500,7332109,802939257,18689913214
2021-03-18,335912093,17909678978,15800,7136286,784563282,18694242260
2021-03-19,462984830,17628773774,119740,7120816,747329640,18376103414
2021-03-22,485960492,17890661856,62100,7075616,742515142,18633176998
2021-03-23,267740214,17648040354,67700,7104016,726385638,18374425992
2021-03-24,163235891,17679691122,24900,7078516,714646976,18394338098
2021-03-25,192601843,17687215420,56200,7113816,702133639,18389349059
2021-03-26,256136133,17753380341,78560,7106376,693582297,18446962638
2021-03-29,251978422,17771392510,139360,7212236,708169452,18479561962
2021-03-30,210128720,17786073206,32700,7212536,723850114,18509923320
2021-03-31,131057790,17791296341,19500,7051436,705355143,18496651484
2021-04-01,248041291,17818905749,157300,7127976,741309504,18560215253
2021-04-02,257976055,17882086224,108500,7203506,762851286,18644937510
2021-04-06,266977582,18024273576,99829,7281321,765048398,18789321974
2021-04-07,276629031,18104233392,385338,7650759,794913860,18899147252
2021-04-08,116269248,18094662851,352222,7957551,812943411,18907606262
2021-04-09,126748334,18062931869,47396,7950891,814568783,18877500652
2021-04-12,103198324,17994028532,46900,7955677,808535454,18802563986
2021-04-13,159652332,17991390784,83100,8001563,821200411,18812591195
2021-04-14,220427288,17981609223,237264,7982959,815698750,18797307973
2021-04-15,159535077,17793072667,379893,8310297,867428802,18660501469
2021-04-16,171501794,17777996947,46000,8268297,835263363,18613260310
2021-04-19,167812665,17655970999,352900,8480957,906953542,18562924541
2021-04-20,275751898,17684513623,98600,8493491,950421643,18634935266
2021-04-21,119400234,17703233205,192376,8624867,953910290,18657143495
2021-04-22,136089068,17709354895,448700,8904143,979366690,18688721585
2021-04-23,156243989,17729056999,315389,9175932,1019904841,18748961840
2021-04-26,234648746,17623318146,461662,9558594,1022482802,18645800948
2021-04-27,181713434,17660464365,86751,9584687,1006487982,18666952347
2021-04-28,135891084,17632097542,461702,9833878,1065304006,18697401548
2021-04-29,193906352,17544093772,222700,9995078,1146235545,18690329317
2021-04-30,420502501,17540997262,31500,9875278,1116992695,18657989957
2021-05-06,342322486,17719911759,170700,9916678,1039267855,18759179614
2021-05-07,339321168,17657403496,70800,9926378,1053089442,18710492938
2021-05-10,435384540,17883642279,118460,9916790,991679000,18875321279
2021-05-11,106054765,17862350641,267900,10083390,1010053177,18872403818
2021-05-12,177782622,17892792489,103700,10147090,1024856090,18917648579
2021-05-13,183600722,17927519628,60600,10127790,997587317,18925106945
2021-05-14,239133874,17810141016,78100,10130490,1012542476,18822683492
2021-05-17,107749972,17720470443,148800,10233390,1041759103,18762229546
2021-05-18,170654065,17683093749,33200,9909983,992782097,18675875846
2021-05-19,101722037,17595408751,99900,9955894,1000368231,18595776982
2021-05-20,117148503,17591304650,647100,10130577,1028152260,18619456910
2021-05-21,208344165,17684691892,33020,9957517,985097157,18669789049
2021-05-24,665652281,17751435049,481730,10386667,939370164,18690805213
2021-05-25,147533971,17209206531,282900,10520767,967910564,18177117095
2021-05-26,90775057,17053442315,145200,10548767,970275588,18023717903
2021-05-27,104620118,17002239772,233700,10645407,977461271,17979701043
2021-05-28,122813825,17021250327,134400,10542907,952657077,17973907404
2021-05-31,235888188,17101430666,323100,10792187,961368018,18062798684
2021-06-01,353944133,17171414506,157400,10859787,977272234,18148686740
2021-06-02,251626773,17102664873,247200,10949687,1019525357,18122190230
2021-06-03,152853520,16963265188,109196,15278860,1012224478,17975489666
2021-06-04,224809141,17003606138,125500,15313718,1038270079,18041876217
2021-06-07,226787483,17021842201,381289,15365627,989546378,18011388579
2021-06-08,111485877,16834005994,80700,15341161,994107231,17828113225
2021-06-09,189981071,16868882402,114820,15299624,994475560,17863357962
2021-06-10,102331870,16808227507,89420,15324784,979406947,17787634454
2021-06-11,92367809,16738227130,48547,15243871,957315098,17695542228
2021-06-15,93752997,16687447055,188000,15344086,948264515,17635711570
2021-06-16,77621594,16684194105,86027,15330373,926107833,17610301938
2021-06-17,123826889,16576099343,67800,15231463,892563732,17468663075
2021-06-18,195982441,16389276935,76500,15176903,867360007,17256636942
2021-06-21,249187601,16133068997,137600,15155504,818397216,16951466213
2021-06-22,296754432,16129126610,102500,15134644,823324634,16952451244
2021-06-23,330433393,16142299562,133900,15148074,863440218,17005739780
2021-06-24,138998985,16114272867,216552,15194006,853599256,16967872123
2021-06-25,251877904,16177917846,118000,14686941,859626656,17037544502
2021-06-28,450797038,16050933788,176154,14666255,929107253,16980041041
2021-06-29,231063597,16079651046,105000,14499637,904342359,16983993405
2021-06-30,198667479,16112442437,108448,14479565,880647143,16993089580
2021-07-01,142509593,16104950276,70500,14432696,863075221,16968025497
2021-07-02,152000035,16130710530,119380,14242157,843278116,16973988646
2021-07-05,175194099,16144271022,154140,14159545,839661017,16983932039
2021-07-06,85397835,16142635330,122720,14182485,840879535,16983514865
2021-07-07,137646721,16151198870,224626,13951331,807782066,16958980936
2021-07-08,66510392,16113400558,60460,13923645,796154022,16909554580
2021-07-09,169373110,16079827410,113622,13933047,790003766,16869831176
2021-07-12,115339369,15982468248,71920,13871177,797870102,16780338350
2021-07-13,119453019,15982086248,55600,13496677,781322632,16763408880
2021-07-14,132611722,16018445115,44100,13333094,752653156,16771098271
2021-07-15,299763949,16096106259,258191,13438944,765482251,16861588510
2021-07-16,253819187,16134436442,82580,13405769,728603544,16863039986
2021-07-19,267186203,15970696094,99800,13314319,689149153,16659845247
2021-07-20,110135712,15892980078,347074,13519113,709753435,16602733513
2021-07-21,241600824,15797163052,181880,13640493,691027376,16488190428
2021-07-22,165033316,15800780159,87700,13609213,690395375,16491175534
2021-07-23,420039687,14630888045,245500,13733155,651088880,15281976925
2021-07-26,187338501,14420981223,1079202,14493861,668022053,15089003276
2021-07-27,279296882,13858089683,628537,14751383,631801735,14489891418
2021-07-28,356664436,13070236716,989800,14555403,595461537,13665698253
2021-07-29,322984653,12885246884,322298,14610058,609385518,13494632402
2021-07-30,310145237,12966739524,457100,14517995,613675648,13580415172
2021-08-02,484228619,13108504876,888540,14739171,660314861,13768819737
2021-08-03,222982632,13113423607,181500,14752054,647025088,13760448695
2021-08-04,199038843,13128323293,321600,14391234,621125660,13749448953
2021-08-05,175489610,13090002148,63278,13959951,584223948,13674226096
2021-08-06,185930943,13048815021,105400,13657230,577427683,13626242704
2021-08-09,333671468,12888735293,236840,13716090,637935347,13526670640
2021-08-10,608664929,13060350110,412180,13956710,672434287,13732784397
2021-08-11,408641610,13179810730,444600,14295650,688764416,13868575146
2021-08-12,455468802,13307694452,165200,12669189,601786478,13909480930
2021-08-13,233473143,13249672290,709204,12079014,565901805,13815574095
2021-08-16,317685422,13281717389,943344,12375158,586582490,13868299879
2021-08-17,254753722,13187851500,881216,13100192,593569699,13781421199
2021-08-18,149607373,13170131382,225000,13083792,595312537,13765443919
2021-08-19,110747946,13070403289,125400,13094752,587692469,13658095758
2021-08-20,121557648,12985897381,83300,13074052,579703466,13565600847
2021-08-23,141176148,12895938481,270400,13172272,585375766,13481314247
2021-08-24,187013537,12796380332,394069,13436141,605701236,13402081568
2021-08-25,119850293,12715831898,95562,13192975,592232647,13308064545
2021-08-26,140368536,12607976419,221500,13290766,578945770,13186922189
2021-08-27,133587706,12568619935,151047,13325179,571916683,13140536618
2021-08-30,124283804,12394754368,146700,12751733,536847959,12931602327
2021-08-31,238044345,12445413681,350957,12993010,549734254,12995147935
2021-09-01,364455144,12543710505,337900,12824716,574290782,13118001287
2021-09-02,304984368,12653457216,98300,12800916,552487535,13205944751
2021-09-03,376136357,12629921818,323486,12778052,585873683,13215795501
2021-09-06,380453926,12613851190,483300,13102574,617786365,13231637555
2021-09-07,207288899,12615683040,341160,13238888,620109513,13235792553
2021-09-08,256183107,12702036553,526120,13410228,615931772,13317968325
2021-09-09,125638180,12680279338,173800,13298454,606675474,13286954812
2021-09-10,140991040,12640994033,685834,13805048,627439432,13268433465
2021-09-13,215971290,12644503078,150586,13643940,595967300,13240470378
2021-09-14,149369176,12616546602,882108,14497719,626446438,13242993040
2021-09-15,129606096,12640043880,744700,15175219,651168647,13291212527
2021-09-16,447108349,12658422928,742341,15352920,678599063,13337021991
2021-09-17,327656296,12655729351,631620,15483514,691958241,13347687592
2021-09-22,155202721,12647834090,236100,15646520,676711992,13324546082
2021-09-23,258706010,12666944607,244500,15666026,692751671,13359696278
2021-09-24,314232029,12680337895,329790,15472505,702606452,13382944347
2021-09-27,522077490,12574885268,232900,15606547,763940476,13338825744
2021-09-28,337164493,12543988159,216962,15373571,741774803,13285762962
2021-09-29,524025202,12518272857,647700,15760891,802229352,13320502209
2021-09-30,456279469,12310430837,264840,15667418,813138994,13123569831
2021-10-08,602014358,12274971268,390000,15835560,866205133,13141176401
2021-10-11,891880743,12405801892,816360,16315024,900099873,13305901765
2021-10-12,453910309,12351328902,414380,16551155,892438278,13243767180
2021-10-13,437313922,12270824054,1393784,17508000,968717641,13239541695
2021-10-14,491214330,12329898209,453990,17538992,930969696,13260867905
2021-10-15,586841172,12186156237,605525,16425677,909982505,13096138742
2021-10-18,390109423,12174582833,519100,16402457,918701617,13093284450
2021-10-19,943790862,12013276590,735094,16538529,985696328,12998972918
2021-10-20,526157431,12130227560,397553,16397259,944482118,13074709678
2021-10-21,299683693,12130982399,800201,16743280,952692633,13083675032
2021-10-22,173111687,12123376107,253314,16672905,950855772,13074231879
2021-10-25,488178177,12204448664,409515,16099745,909796591,13114245255
2021-10-26,380950255,12225471501,250866,15173351,829375366,13054846867
2021-10-27,198645780,12163776583,296780,14797509,817562374,12981338957
2021-10-28,243549020,12166807331,191700,13761749,758272370,12925079701
2021-10-29,445969587,12202836504,280160,12824939,732432265,12935268769
2021-11-01,240075111,12154182058,205525,12818215,738713729,12892895787
2021-11-02,273856077,12089592940,274684,12644879,733782329,12823375269
2021-11-03,464974619,12123645372,459192,12818141,762038483,12885683855
2021-11-04,384637350,12130657141,192720,12250061,723611103,12854268244
2021-11-05,267531209,12099787008,169131,12113295,705114902,12804901910
2021-11-08,182086289,12130419519,124300,11613563,672193026,12802612545
2021-11-09,244813504,12149560702,359360,11504845,655431020,12804991722
2021-11-10,280845749,12200057105,263720,11294124,633487415,12833544520
2021-11-11,177316380,12205178556,208329,11241333,639744262,12844922818
2021-11-12,843457068,12611594652,189360,10947518,641305604,13252900256
2021-11-15,339357358,12701824777,225700,11050903,650677168,13352501945
2021-11-16,219625666,12677565164,197460,11155663,655283645,13332848809
2021-11-17,194551271,12722484015,172620,11009883,640775193,13363259208
2021-11-18,124746025,12724690104,315060,10663616,621582176,13346272280
2021-11-19,168575790,12739399692,182600,9710316,559022894,13298422586
2021-11-22,143714842,12720792876,346053,9466926,541034822,13261827698
2021-11-23,85828217,12586217871,152074,9520660,544676959,13130894830
2021-11-24,217698016,12580576907,337664,9464144,528099233,13108676140
2021-11-25,114274802,12549019667,90200,9223318,515399010,13064418677
2021-11-26,135008392,12544682317,135500,9280418,507174843,13051857160
2021-11-29,107376242,12472464117,67760,9194018,501073983,12973538100
2021-11-30,287490363,12080079391,244072,9177516,480901838,12560981229
2021-12-01,135193238,11800022773,54400,8803101,456528817,12256551590
2021-12-02,128630447,11818255388,204349,8948448,467466922,12285722310
2021-12-03,143957982,11829200342,70100,8945648,476981952,12306182294
2021-12-06,203980463,11872062584,107900,8975848,463243515,12335306099
2021-12-07,677603762,12151722545,345375,9115367,446379522,12598102067
2021-12-08,238642134,12064905982,274435,9098927,464318245,12529224227
2021-12-09,125427925,12009677679,47300,8344736,427417379,12437095058
2021-12-10,79638189,11942406902,121300,8195908,417581514,12359988416
2021-12-13,150390269,11949804556,99480,8066088,404272331,12354076887
2021-12-14,160049874,11988118177,231680,8261588,412170625,12400288802
2021-12-15,118600046,11970387774,78600,7974305,391219404,12361607178
2021-12-16,279077539,12026252012,54780,7437905,355159965,12381411977
2021-12-17,170514818,12046839705,161500,7497238,355069193,12401908898
2021-12-20,117851770,12004991795,134320,7484398,346452784,12351444579
2021-12-21,101189865,12019485619,38721,7466731,346157650,12365643269
2021-12-22,340721690,12111831603,204100,7512731,361136980,12472968583
2021-12-23,248272083,12036751906,96900,6614846,331668380,12368420286
2021-12-24,370915337,12093440149,131420,6519048,340815829,12434255978
2021-12-27,259063510,12029046687,124960,6374448,337208300,12366254987
2021-12-28,245777442,12057234302,189200,6391148,334576599,12391810901
2021-12-29,93030520,12042628253,57400,6278968,323555220,12366183473
2021-12-30,124004905,12033543908,63900,6320053,329527564,12363071472
2021-12-31,134987862,12014736518,355841,6620934,353293038,12368029556
2022-01-04,477394516,12023633701,388400,6773902,391531536,12415165237
2022-01-05,491675562,12081512811,241360,6660900,386265591,12467778402
2022-01-06,255853789,12030636080,85973,6417913,363831488,12394467568
2022-01-07,165893632,12053927402,71661,6282371,353509016,12407436418
2022-01-10,414565264,12005817637,721780,6883771,408069944,12413887581
2022-01-11,238281203,12037571717,174636,6719354,380449823,12418021540
2022-01-12,166154685,12001286227,137750,6722004,385170831,12386457058
2022-01-13,138586502,11941219230,95608,6642062,366973927,12308193157
2022-01-14,128813345,11905988477,138900,6644634,370106113,12276094590
2022-01-17,242032361,12063563626,97200,6671677,373613912,12437177538
2022-01-18,243314646,12148354031,107400,6457197,360311593,12508665624
2022-01-19,369233955,12289827214,148680,6354474,346509467,12636336681
2022-01-20,247863781,12132563260,178000,6297694,360228096,12492791356
2022-01-21,210914619,12231132099,178260,5613301,308731555,12539863654
2022-01-24,156065028,12223901053,99918,5617977,302359521,12526260574
2022-01-25,114510439,12214889816,73364,5328245,277068740,12491958556
2022-01-26,105973511,12175272190,174000,5063802,275217639,12450489829
2022-01-27,145196463,12200040035,160360,4951572,263027504,12463067539
2022-01-28,79337261,11926852158,140400,4797512,261896179,12188748337
2022-02-07,277694490,12083532689,131560,4298612,237412341,12320945030
2022-02-08,151178495,12072802592,137198,4182550,232968036,12305770628
2022-02-09,297420051,11893601582,214560,4299380,252287619,12145889201
2022-02-10,755821517,12049777353,200300,4278840,263662121,12313439474
2022-02-11,194357522,12031141081,121660,4247400,257817181,12288958262
2022-02-14,336346456,12142721175,91267,4235167,250637185,12393358360
2022-02-15,167971132,12188105422,150460,4296948,254293385,12442398807
2022-02-16,211693468,12268148503,213240,4359020,253912916,12522061419
2022-02-17,246305632,12255551298,226940,4428620,263945753,12519497051
2022-02-18,258888851,12299791329,105960,4287040,257179532,12556970861
2022-02-21,147779501,12313420863,137780,4007220,238549805,12551970668
2022-02-22,148431740,12304566981,125140,3966356,232190481,12536757462
2022-02-23,260044551,12396188095,82688,3885244,223090710,12619278805
2022-02-24,145953219,12391715351,144870,3879518,219580720,12611296071
2022-02-25,129132253,12409840747,150500,3841948,219759426,12629600173
2022-02-28,165611077,12492810850,86800,3794988,216617915,12709428765
2022-03-01,421895501,12551497237,282484,3908072,236868244,12788365481
2022-03-02,169561264,12504010640,146880,3914152,233635733,12737646373
2022-03-03,152317511,12512945680,263142,4042178,237477960,12750423640
2022-03-04,175948811,12507863158,154500,3853227,226338555,12734201713
2022-03-07,116385242,12463028838,347935,4076087,233355981,12696384819
2022-03-08,261884204,12533137965,189500,4069094,221602859,12754740824
2022-03-09,163666311,12504875998,433477,4246131,232051060,12736927058
2022-03-10,112942731,12497949173,195443,4076094,223043864,12720993037
2022-03-11,179823698,12489533657,227466,4037037,224620740,12714154397
2022-03-14,240185549,12540700151,239820,4026697,210717054,12751417205
2022-03-15,181235270,12324117998,415940,4169897,205242331,12529360329
2022-03-16,188257988,12264666002,1016250,4906135,244865198,12509531200
2022-03-17,91328433,12081971240,307380,4950040,262599621,12344570861
2022-03-18,129276490,12073812266,192721,4731369,258805885,12332618151
2022-03-21,177922270,12060526710,330974,4846964,266243734,12326770444
2022-03-22,147943357,12043667331,278400,4898796,275165370,12318832701
2022-03-23,129682520,12045820139,209404,4845427,269841831,12315661970
2022-03-24,127042402,12024416252,195716,4849639,266681650,12291097902
2022-03-25,140245510,12025289756,182760,4714603,259067435,12284357191
2022-03-28,86327385,12007154363,238900,4703943,256553052,12263707415
2022-03-29,235038729,11972181400,229180,4723923,269027415,12241208815
2022-03-30,153422962,11927279919,218372,4711955,270230619,12197510538
2022-03-31,139412590,11932655745,131900,4647275,264244056,12196899801
2022-04-01,217237963,11902952196,160507,4460172,256103076,12159055272
2022-04-06,222122880,12006580283,224518,4567778,256023957,12262604240
2022-04-07,218229347,12071123410,250200,4426278,239505901,12310629311
2022-04-08,83159345,12058713460,181080,4420051,237400939,12296114399
2022-04-11,82157489,11975329439,256908,4400917,240730160,12216059599
2022-04-12,55433022,11943341768,253000,4505509,248704097,12192045865
2022-04-13,103256330,11629637689,327500,4680209,250578390,11880216079
2022-04-14,135819206,11670340638,198300,4537709,241633006,11911973644
2022-04-15,109626438,11695456567,391600,4621531,242353085,11937809652
2022-04-18,195454890,11766728471,328187,4730518,259847355,12026575826
2022-04-19,339258381,11771978780,348400,4683775,269082875,12041061655
2022-04-20,194908825,11747402052,248600,4489805,256502560,12003904612
2022-04-21,176853882,11758592230,465800,4731948,264894450,12023486680
