日期,融资买入额(元),融资余额(元),融券卖出量,融券余量,融券余额(元),融资融券余额(元)
2017-07-12,67198145,591164522,37400,341168,5134580,596299102
2017-07-13,59439289,589731462,37400,371808,5837385,595568847
2017-07-14,48655569,572818100,26060,367068,5858405,578676505
2017-07-17,134069837,612736751,131900,435808,7147251,619884002
2017-07-18,79931112,615025730,45600,411208,6727362,621753092
2017-07-19,52075221,599343110,68560,412268,6740583,606083693
2017-07-20,75055990,608683138,50600,333978,5410443,614093581
2017-07-21,38592906,609814093,9500,313078,4996725,614810818
2017-07-24,64545699,618115156,55000,339418,5457840,623572996
2017-07-25,43552688,624710370,69300,359518,5716336,630426706
2017-07-26,44368468,636029918,10400,295418,4623292,640653210
2017-07-27,40156431,638577761,33500,307588,4853737,643431498
2017-07-28,17518869,622718414,22200,302388,4814016,627532430
2017-07-31,41208259,618849704,25100,285868,4519572,623369276
2017-08-01,56148854,620037615,90000,362468,5846608,625884223
2017-08-02,39740607,606873106,40200,361368,5839706,612712812
2017-08-03,30359553,602269889,3900,284868,4486672,606756561
2017-08-04,48466491,611883138,37000,290078,4438193,616321331
2017-08-07,35220243,613459175,8100,262388,4006664,617465839
2017-08-08,41845476,626074008,23500,276788,4196104,630270112
2017-08-09,29261178,620906424,32400,299988,4559817,625466241
2017-08-10,40680013,622735045,17000,295388,4537159,627272204
2017-08-11,25215139,611145986,18740,295632,4446305,615592291
2017-08-14,23223721,613364269,34400,293052,4430947,617795216
2017-08-15,29857022,609339179,58000,340152,5231536,614570715
2017-08-16,24150218,613941163,10900,305952,4690244,618631407
2017-08-17,15789726,607201856,0,297352,4549486,611751342
2017-08-18,34655722,606119746,78000,373852,5772274,611892020
2017-08-21,29074747,614134709,10600,315390,4844390,618979099
2017-08-22,25669617,610482848,27800,330590,5094391,615577239
2017-08-23,137513037,668150795,159500,460890,7374240,675525035
2017-08-24,50644795,644850118,102800,449690,7177052,652027170
2017-08-25,45185868,631468218,23566,380056,6168308,637636526
2017-08-28,44609029,623408835,71500,401756,6552639,629961474
2017-08-29,39680838,634996193,4100,338056,5466365,640462558
2017-08-30,48843578,653851575,68900,380066,6062053,659913628
2017-08-31,20318624,638839365,11000,367840,5852333,644691698
2017-09-01,32356771,631955581,39300,301840,4838495,636794076
2017-09-04,47162062,628955575,112300,375640,6179279,635134854
2017-09-05,43432553,633870507,29200,332110,5396789,639267296
2017-09-06,40531387,642389614,8400,306140,4916607,647306221
2017-09-07,23189978,642805449,11900,308210,4915951,647721400
2017-09-08,9653892,621906457,6000,310710,4996216,626902673
2017-09-11,25823591,609348797,28200,338910,5409003,614757800
2017-09-12,41581458,619387650,0,304610,4843299,624230949
2017-09-13,22653239,621810549,3300,307810,4875711,626686260
2017-09-14,24889904,616063069,95500,379610,6069965,622133034
2017-09-15,12174624,605705682,5200,267310,4247557,609953239
2017-09-18,24520382,613073068,4600,250510,3960562,617033630
2017-09-19,32208402,610271491,0,250510,3993130,614264621
2017-09-20,33635392,583200640,123700,373210,6042271,589242911
2017-09-21,14884520,564067157,20800,374010,6058962,570126119
2017-09-22,32615291,566089226,1500,348680,5676510,571765736
2017-09-25,18539148,559758264,17100,362280,5905164,565663428
2017-09-26,17813804,560141474,19900,301380,4852218,564993692
2017-09-27,37823542,579812423,0,275780,4379386,584191809
2017-09-28,35812637,587331554,100,252660,3966762,591298316
2017-09-29,13939601,574874259,1900,235410,3714769,578589028
2017-10-09,64263443,595458118,54900,260110,4185170,599643288
2017-10-10,40936580,606174091,4200,235010,3830663,610004754
2017-10-11,19293876,600505864,71200,303010,4936033,605441897
2017-10-12,24580339,599040998,5000,236610,3833082,602874080
2017-10-13,27519945,591860391,31300,266910,4323942,596184333
2017-10-16,124122700,642523285,147800,379710,6325968,648849253
2017-10-17,61008147,645850927,29700,367210,6147096,651998023
2017-10-18,38210682,631456004,2800,354210,5975523,637431527
2017-10-19,41244223,635816021,4800,279610,4649914,640465935
2017-10-20,36703040,614420499,100,246610,4049337,618469836
2017-10-23,21971944,620775066,4500,244010,3950522,624725588
2017-10-24,26863193,615377290,84400,328410,5392493,620769783
2017-10-25,17988969,616617475,9000,294110,4838110,621455585
2017-10-26,19946446,611256885,2300,274210,4505270,615762155
2017-10-27,155369070,688415851,132700,304810,5273213,693689064
2017-10-30,57754337,653103414,21800,221910,3847920,656951334
2017-10-31,48142841,625148396,18700,213610,3663412,628811808
2017-11-01,56220150,643391760,10500,180840,3047155,646438915
2017-11-02,58579635,647458297,36300,214340,3669501,651127798
2017-11-03,52222184,661860239,6700,214940,3617440,665477679
2017-11-06,39986725,660683065,10700,217840,3642285,664325350
2017-11-07,79670218,661857066,51698,268538,4616168,666473234
2017-11-08,49561959,642949109,124000,354440,6046746,648995855
2017-11-09,28079341,646729081,200,220640,3755293,650484374
2017-11-10,36300369,629731596,15400,234240,3958656,633690252
2017-11-13,104229843,668110368,260400,479040,8296973,676407341
2017-11-14,58474342,664025001,12000,233640,4034963,668059964
2017-11-15,65924776,661250993,57100,279240,4909039,666160032
2017-11-16,44871564,668400016,29100,270540,4718218,673118234
2017-11-17,116146675,664137665,76500,306940,5494226,669631891
2017-11-20,80633470,626478690,84330,341670,6348228,632826918
2017-11-21,46253685,581716290,31200,319770,5963712,587680002
2017-11-22,85317405,612161538,87546,380916,7069801,619231339
2017-11-23,63066531,600067169,32500,274170,4940544,605007713
2017-11-24,51040317,587073686,104800,311140,5858766,592932452
2017-11-27,45098232,591649756,19200,254740,4636268,596286024
2017-11-28,26898162,590851131,85200,282640,5062083,595913214
2017-11-29,38586312,570110287,54600,281440,5201011,575311298
2017-11-30,51612571,586712643,92700,358640,6591803,593304446
2017-12-01,63899109,598427465,31000,227240,4003969,602431434
2017-12-04,53694694,607383280,172800,361640,6357631,613740911
2017-12-05,24956578,579928007,26500,335540,5955836,585883843
2017-12-06,18528786,566199899,16100,327440,5834981,572034880
2017-12-07,46765512,594678026,61600,266140,4577608,599255634
2017-12-08,23949711,598219989,3700,257640,4444291,602664280
2017-12-11,42579974,609193481,3600,236740,4114541,613308022
2017-12-12,26291196,605900085,111600,345340,5926034,611826119
2017-12-13,34812243,616788774,0,231140,3975608,620764382
2017-12-14,36159064,611408127,78100,307740,5290050,616698177
2017-12-15,29571724,613614049,3400,230540,3944540,617558589
2017-12-18,38160791,627594646,114300,340440,5882803,633477449
2017-12-19,23696580,604334539,33300,342340,6049148,610383687
2017-12-20,23494112,600458245,3000,212940,3758392,604216637
2017-12-21,24056204,597986900,147100,355040,6316161,604303061
2017-12-22,14031670,590373189,6000,329940,5876232,596249421
2017-12-25,13813583,570718723,9600,319510,5712838,576431561
2017-12-26,12895136,564043353,48400,364910,6623117,570666470
2017-12-27,17963661,558061740,200,242530,4346138,562407878
2017-12-28,24527675,565417688,4600,236210,4211624,569629312
2017-12-29,11478107,561575596,3000,230710,4108945,565684541
2018-01-02,18956867,545839488,19900,250610,4636285,550475773
2018-01-03,17617955,545847729,11400,245810,4517987,550365716
2018-01-04,22227015,552082585,4800,211610,3891508,555974093
2018-01-05,28628440,564408582,8300,205010,3725032,568133614
2018-01-08,63820320,598034674,57000,246610,4379793,602414467
2018-01-09,56039530,632275017,8700,235610,4172653,636447670
2018-01-10,37863820,624931389,108800,338010,6094320,631025709
2018-01-11,23767611,598548297,99500,376910,6889914,605438211
2018-01-12,40774116,594795848,29100,393810,7289423,602085271
2018-01-15,84254184,632131622,33200,419810,8047758,640179380
2018-01-16,46238848,642848699,25100,345610,6742851,649591550
2018-01-17,75542636,661612659,138832,385442,7631752,669244411
2018-01-18,67800743,664217174,77200,372510,7450200,671667374
2018-01-19,34885071,634643281,102100,422210,8435755,643079036
2018-01-22,36127264,643202165,11000,389310,7712231,650914396
2018-01-23,58022286,659272301,50700,400810,8280734,667553035
2018-01-24,31301509,645236181,58801,353811,7146982,652383163
2018-01-25,35988871,660824217,48600,321210,6414564,667238781
2018-01-26,47373305,651438465,171902,442912,8765228,660203693
2018-01-29,68584545,691697003,36100,311610,6076395,697773398
2018-01-30,39797282,702550374,1200,277010,5324133,707874507
2018-01-31,40143248,641730471,16700,291710,5848786,647579257
2018-02-01,35359555,630034980,65800,350610,7064792,637099772
2018-02-02,31147667,608991330,43140,323150,6488851,615480181
2018-02-05,113764624,593563665,189900,494950,10700819,604264484
2018-02-06,62897965,584551350,84900,428250,9194527,593745877
2018-02-07,100428642,586805880,369920,741770,14961500,601767380
2018-02-08,186537692,710542558,29500,588785,11769812,722312370
2018-02-09,62763950,690966681,43300,221150,4166466,695133147
2018-02-12,41349017,670536536,110100,289550,5576732,676113268
2018-02-13,48638578,649219650,177100,454850,9119743,658339393
2018-02-14,34050374,659700968,10000,347970,6928082,666629050
2018-02-22,39292502,662617741,176200,505270,10448983,673066724
2018-02-23,38077366,672142409,6400,360170,7448315,679590724
2018-02-26,32986337,626353801,93500,442170,9281148,635634949
2018-02-27,35237967,591563734,15600,300930,6066748,597630482
2018-02-28,40916060,570561174,46600,323130,6553076,577114250
2018-03-01,23908041,563862514,70700,378530,7812860,571675374
2018-03-02,33129732,570319277,47500,378330,7646049,577965326
2018-03-05,29297013,574795525,20100,333630,6572511,581368036
2018-03-06,51940655,602981205,96700,412830,8211189,611192394
2018-03-07,110892409,637447156,136800,543030,11121254,648568410
2018-03-08,53504714,637562337,14000,350990,7223374,644785711
2018-03-09,53864439,657866978,4800,289830,5877752,663744730
2018-03-12,79852723,700116350,38000,307430,6127080,706243430
2018-03-13,31201366,691226807,71300,365730,7285342,698512149
2018-03-14,22322471,682033599,47600,313230,6170631,688204230
2018-03-15,34295149,691224192,78500,390630,7699317,698923509
2018-03-16,29795264,687864767,38600,292830,5759966,693624733
2018-03-19,27521157,686044065,13600,263030,5223775,691267840
2018-03-20,22829679,658324345,17600,266330,5289313,663613658
2018-03-21,34869521,639933461,92200,298830,6009471,645942932
2018-03-22,24312357,642706228,34772,241502,4743100,647449328
2018-03-23,37022268,613282622,176100,323230,6277127,619559749
2018-03-26,39862638,622225126,53000,234335,4398467,626623593
2018-03-27,66530301,632619165,101540,308075,5591561,638210726
2018-03-28,21233802,614421725,105600,405375,7450791,621872516
2018-03-29,24411413,572870633,128800,447735,8663672,581534305
2018-03-30,30965784,582956999,22400,323195,6150401,589107400
2018-04-02,21294909,578383139,111800,408695,7789726,586172865
2018-04-03,29529799,592332413,37300,387295,7242416,599574829
2018-04-04,20302257,583558034,18800,365395,6810963,590368997
2018-04-09,45819394,611234485,32000,356895,6513334,617747819
2018-04-10,35556107,595165173,86100,391295,7481560,602646733
2018-04-11,56084104,600713174,169200,507895,9858242,610571416
2018-04-12,23871836,574369663,9400,385395,7368752,581738415
2018-04-13,31376685,588022583,58270,387165,7329033,595351616
2018-04-16,58379605,610597443,60500,395805,7073035,617670478
2018-04-17,51346494,644586252,113078,382513,6724578,651310830
2018-04-18,36281630,638554689,71400,357835,6426715,644981404
2018-04-19,22588222,616755454,104500,419435,7537246,624292700
2018-04-20,11376127,606261862,67700,332235,5943684,612205546
2018-04-23,27000675,613487406,156000,380035,6734220,620221626
2018-04-24,22474623,594265382,59300,359835,6602972,600868354
2018-04-25,14654758,596261304,3200,305335,5523510,601784814
2018-04-26,9555007,587813209,122000,391235,7053967,594867176
2018-04-27,11681993,581749804,89000,416735,7547070,589296874
2018-05-02,29892793,598386939,12800,419235,7470768,605857707
2018-05-03,48228365,631540887,17300,393835,6872421,638413308
2018-05-04,27754762,631297475,11000,376135,6473283,637770758
2018-05-07,43215318,646380507,17900,342935,6015080,652395587
2018-05-08,31826549,617911920,15900,346535,6175254,624087174
2018-05-09,15470661,604339499,21400,259935,4665833,609005332
2018-05-10,10160341,598815167,76700,329295,5910845,604726012
2018-05-11,23268218,583150193,57400,317195,5760260,588910453
2018-05-14,58754759,607921069,93000,374195,6772929,614693998
2018-05-15,30528725,614972660,4400,306795,5571396,620544056
2018-05-16,46017409,636066297,12000,298195,5319799,641386096
2018-05-17,16883659,633709708,300,274895,4879386,638589094
2018-05-18,11786197,623031852,12100,248595,4474710,627506562
2018-05-21,15766064,606075481,91400,324690,5860655,611936136
2018-05-22,48392207,638669320,7200,260290,4612339,643281659
2018-05-23,19664947,640430665,65100,297190,5200825,645631490
2018-05-24,45662367,670255386,600,285090,4917803,675173189
2018-05-25,21843715,677716168,32700,291190,4999732,682715900
2018-05-28,17618425,670201482,134700,423870,7328712,677530194
2018-05-29,34208183,682488674,1600,399370,6813251,689301925
2018-05-30,32085358,688667842,100,183970,3046542,691714384
2018-05-31,11857800,667918520,166100,350070,5958191,673876711
2018-06-01,14465757,658344128,3400,220070,3800608,662144736
2018-06-04,16970033,649166099,128000,347070,6049430,655215529
2018-06-05,50844863,688114154,2300,283570,4931282,693045436
2018-06-06,21464105,691244417,60304,305974,5250513,696494930
2018-06-07,15516789,639535379,12400,228770,3953145,643488524
2018-06-08,8508809,627372068,98100,318770,5470092,632842160
2018-06-11,7250480,626543664,35000,347170,5992153,632535817
2018-06-12,13754639,616387500,6700,257570,4476566,620864066
2018-06-13,14417668,604716096,104900,340370,5922438,610638534
2018-06-14,14519775,609720293,11100,236470,4109848,613830141
2018-06-15,26300574,602391135,63600,282970,4980272,607371407
2018-06-19,17515013,588892294,38000,240670,4144337,593036631
2018-06-20,10087416,587183521,145834,355004,6145118,593328639
2018-06-21,9972336,579499152,1500,212770,3697942,583197094
2018-06-22,12364274,583755768,98817,308487,5367674,589123442
2018-06-25,12257390,579678640,117500,380587,6485202,586163842
2018-06-26,35287259,592393806,137746,321616,5306664,597700470
2018-06-27,6897419,583095610,165800,342870,5588781,588684391
2018-06-28,10325920,581699709,57900,329570,5319260,587018969
2018-06-29,17110904,586277668,46000,218070,3552360,589830028
2018-07-02,9720954,570015792,102000,275470,4421294,574437086
2018-07-03,6891988,560814610,40500,270970,4400553,565215163
2018-07-04,6956509,553224535,229400,500370,8231087,561455622
2018-07-05,3970360,544905449,0,315770,5238624,550144073
2018-07-06,17519843,549148131,90900,397070,6527831,555675962
2018-07-09,24131729,552286283,39300,405770,6881858,559168141
2018-07-10,11686240,554360063,10300,395170,6686276,561046339
2018-07-11,8639178,554104229,22700,376470,6249402,560353631
2018-07-12,69121953,606047925,100,335970,5462871,611510796
2018-07-13,20041893,573837709,3400,338970,5508263,579345972
2018-07-16,12098868,560767681,18600,349270,5595305,566362986
2018-07-17,9308332,563587309,65700,401070,6449205,570036514
2018-07-18,10257318,561489661,1700,381770,6093048,567582709
2018-07-19,4812532,550973308,66500,385070,6184223,557157531
2018-07-20,18960118,542736130,167100,401950,6688448,549424578
2018-07-23,24176635,538885544,167500,458450,7756974,546642518
2018-07-24,17745897,524662680,51800,486150,8186766,532849446
2018-07-25,15688679,530623554,7500,382050,6456645,537080199
2018-07-26,27301894,533646187,66000,444950,7599745,541245932
2018-07-27,19414197,534721634,6600,381850,6430354,541151988
2018-07-30,28740083,540150342,160288,537438,9190190,549340532
2018-07-31,21681858,528038461,45940,451878,7876233,535914694
2018-08-01,26630130,526050898,73500,496538,8441146,534492044
2018-08-02,16459810,524706962,7500,374550,6359858,531066820
2018-08-03,14253130,528510395,43100,380538,6351178,534861573
2018-08-06,12568362,523397013,129800,473150,7911068,531308081
2018-08-07,15292429,514093795,66800,462750,8112007,522205802
2018-08-08,23436848,523347566,63100,428750,7477400,530824966
2018-08-09,24412050,527867272,7900,380850,6653449,534520721
2018-08-10,32077828,544979695,77600,441650,7578713,552558408
2018-08-13,33616967,562220872,6700,360050,6084845,568305717
2018-08-14,14570798,564069294,4100,268650,4526753,568596047
2018-08-15,17181150,568781126,40900,302450,4981351,573762477
2018-08-16,11735341,572608940,69800,337870,5503902,578112842
2018-08-17,50489505,602483049,29000,265670,4210870,606693919
2018-08-20,78993783,662317463,207700,372670,5787565,668105028
2018-08-21,15578510,612685813,132400,334170,5356745,618042558
2018-08-22,10586489,598102498,137900,348070,5565639,603668137
2018-08-23,8081456,591985166,169000,367270,5946101,597931267
2018-08-24,24422464,589348434,178100,378170,6243586,595592020
2018-08-27,6072894,571100892,74700,346250,5858550,576959442
2018-08-28,4497707,565593059,173300,409850,6910070,572503129
2018-08-29,22181357,582493695,36900,269350,4546627,587040322
2018-08-30,15824087,586686950,100713,317953,5262123,591949073
2018-08-31,9990554,582406635,127800,332140,5573309,587979944
2018-09-03,8328465,580933296,80100,288840,4835182,585768478
2018-09-04,15024790,583395132,198800,418040,7056515,590451647
2018-09-05,18843861,591719473,72600,350240,5729925,597449398
2018-09-06,6671545,571365220,27400,277670,4484371,575849591
2018-09-07,6951283,569371142,48500,302570,4910711,574281853
2018-09-10,9778023,570389949,29800,292070,4716931,575106880
2018-09-11,6134847,571644456,97300,373770,6010221,577654677
2018-09-12,7447058,574400642,100000,457770,7328897,581729539
2018-09-13,14799993,583425548,1000,389140,6253479,589679027
2018-09-14,7257670,578861399,39100,340140,5489860,584351259
2018-09-17,8078130,580270774,57800,371540,5918632,586189406
2018-09-18,7898192,569167458,97600,387290,6301207,575468665
2018-09-19,7309111,543147615,70600,393590,6521785,549669400
2018-09-20,17369422,547742734,75800,423760,7097981,554840715
2018-09-21,10426243,517067248,93700,386660,6747218,523814466
2018-09-25,8999060,516378192,74900,389660,6737221,523115413
2018-09-26,16385163,512228296,76800,438660,7742350,519970646
2018-09-27,16190270,516468922,59200,461060,8100823,524569745
2018-09-28,28530480,521044224,37400,405360,7199192,528243416
2018-10-08,18561469,525548868,65400,386260,6662986,532211854
2018-10-09,27837450,526824748,45000,356390,6044373,532869121
2018-10-10,10739958,516015094,110500,424890,7316606,523331700
2018-10-11,25222165,513492725,42500,294290,4867557,518360282
2018-10-12,18075039,506844249,83900,317990,5418550,512262799
2018-10-15,24366669,521496288,89300,314690,5249028,526745316
2018-10-16,20442327,519157058,148200,412490,6905083,526062141
2018-10-17,17756873,518817157,30100,321090,5391101,524208258
2018-10-18,18370058,516952084,30800,297590,4877500,521829584
2018-10-19,48809812,534519745,148900,417090,7048821,541568566
2018-10-22,38545803,513129629,120000,431090,7548385,520678014
2018-10-23,35744274,526588679,37600,340143,5755220,532343899
2018-10-24,52379400,546607852,179900,466153,8003846,554611698
2018-10-25,36015903,541239720,51000,406500,6995864,548235584
2018-10-26,25504437,526704176,103000,410200,7100561,533804737
2018-10-29,26707478,534517049,102900,419000,7039200,541556249
2018-10-30,55284534,528496954,105145,424845,7477272,535974226
2018-10-31,31874294,529044972,14000,386945,6814101,535859073
2018-11-01,41937557,540489312,99800,475245,8335797,548825109
2018-11-02,60350235,527279405,46600,366800,6694100,533973505
2018-11-05,75733948,576861210,31100,347000,6169659,583030869
2018-11-06,36242921,587661358,10000,306100,5372055,593033413
2018-11-07,22601798,578695464,114924,418224,7323101,586018565
2018-11-08,26888588,551593665,82100,394924,7013849,558607514
2018-11-09,66853472,590631528,73200,350900,6021443,596652971
2018-11-12,63461844,630405803,91800,358600,6128474,636534277
2018-11-13,41516253,625973563,73800,360000,6152400,632125963
2018-11-14,50390398,646050948,38700,354900,5980065,652031013
2018-11-15,48177297,664656527,68200,350900,5954772,670611299
2018-11-16,36689447,651923709,63100,368200,6296220,658219929
2018-11-19,35539031,628050099,93800,402000,6990780,635040879
2018-11-20,42087058,639777443,35872,343972,5881921,645659364
2018-11-21,21577319,629340253,75700,386100,6644780,635985033
2018-11-22,9322982,621625119,44600,368600,6321490,627946609
2018-11-23,20291285,601823646,39800,320000,5388800,607212446
2018-11-26,11276896,600136499,30500,307800,5220287,605356786
2018-11-27,27018357,598564074,12500,263600,4423207,602987281
2018-11-28,14801877,591240146,93000,349000,5946960,597187106
2018-11-29,26192257,591704826,14500,310700,5191796,596896622
2018-11-30,16827003,588823320,15500,258300,4367852,593191172
2018-12-03,27335668,563394643,78900,326500,5625595,569020238
2018-12-04,21300912,569769275,75100,317700,5458085,575227360
2018-12-05,21232960,571358144,55900,355500,6050610,577408754
2018-12-06,19545092,573294220,14300,299900,5026323,578320543
2018-12-07,8223367,572131034,16800,277900,4660382,576791416
2018-12-10,39390882,598709742,82100,316130,5168726,603878468
2018-12-11,15344827,604672190,5700,232830,3785815,608458005
2018-12-12,10522608,603519117,15000,246030,4017670,607536787
2018-12-13,18991311,600226760,15400,243130,4021370,604248130
2018-12-14,5906576,582112432,32700,269930,4426852,586539284
2018-12-17,12792065,591066511,0,235930,3855096,594921607
2018-12-18,7151976,590587728,62400,293930,4799877,595387605
2018-12-19,5077438,581123881,93100,367830,5988272,587112153
2018-12-20,28045827,588796657,180900,460030,7305276,596101933
2018-12-21,16996805,593937387,21447,286977,4494059,598431446
2018-12-24,6093452,587155484,71700,320477,5108403,592263887
2018-12-25,4982283,576562949,87500,335677,5411113,581974062
2018-12-26,6797858,570074269,79700,376577,6100547,576174816
2018-12-27,10985033,573031433,27200,373477,6024184,579055617
2018-12-28,1957418,554324065,25900,366677,5947501,560271566
2019-01-02,10652222,559356801,44100,392577,6277307,565634108
2019-01-03,2979749,552377421,26300,342177,5509049,557886470
2019-01-04,11623441,544561817,92800,344977,5674872,550236689
2019-01-07,8205652,534938805,54800,325030,5379247,540318052
2019-01-08,12403167,540032230,35900,282130,4593076,544625306
2019-01-09,14816562,534457419,102900,368630,6078709,540536128
2019-01-10,7284462,530370038,18100,315830,5176454,535546492
2019-01-11,3987180,524219921,81500,385830,6370052,530589973
2019-01-14,8918994,529054420,9000,290130,4746526,533800946
2019-01-15,10714741,528170071,85600,353830,5859424,534029495
2019-01-16,6109778,523428561,20700,344530,5712307,529140868
2019-01-17,4411710,516808098,40900,322030,5336036,522144134
2019-01-18,9470813,514437683,92800,355630,5992366,520430049
2019-01-21,7611129,515612944,32700,341230,5759962,521372906
2019-01-22,5031789,509687134,60300,376530,6329468,516016602
2019-01-23,4883333,509685346,55100,381330,6448289,516133635
2019-01-24,4664736,495985753,24600,361530,6200240,502185993
2019-01-25,7832962,485867306,62700,404530,7026685,492893991
2019-01-28,13708872,488641372,64300,396430,6802738,495444110
2019-01-29,8090724,487838547,40700,413330,7146476,494985023
2019-01-30,2576794,479164426,50800,364330,6306551,485470977
2019-01-31,4978612,475983738,8000,346930,6053929,482037667
2019-02-01,2264535,465932622,15700,318430,5597999,471530621
2019-02-11,22060950,471929918,79500,389630,6849695,478779613
2019-02-12,7663922,461483404,76400,409130,7339792,468823196
2019-02-13,11329242,458417739,39600,424830,7642692,466060431
2019-02-14,29170371,478326888,30100,322130,5762906,484089794
2019-02-15,11891503,472356291,44600,312430,5501891,477858182
2019-02-18,20556135,472714106,128400,429230,7803401,480517507
2019-02-19,17769920,473039612,32000,367530,6641266,479680878
2019-02-20,7063697,466492200,52500,360830,6541848,473034048
2019-02-21,16528862,473720860,41800,344230,6182370,479903230
2019-02-22,34175683,492150710,82500,283830,5151515,497302225
2019-02-25,107157415,523481499,255200,436800,8473920,531955419
2019-02-26,58475423,515754010,10600,367900,6894446,522648456
2019-02-27,82708145,527671215,180300,486082,9308470,536979685
2019-02-28,44423277,508943375,139100,506800,9781240,518724615
2019-03-01,43030288,500687234,84600,357900,7043472,507730706
2019-03-04,54826364,485631514,157600,469600,9354431,494985945
2019-03-05,32882237,492419838,92100,522900,10369107,502788945
2019-03-06,28363148,479555958,85600,558900,11233890,490789848
2019-03-07,22993092,457130521,79800,566600,11281005,468411526
2019-03-08,44298543,467636967,70764,364264,6975655,474612622
2019-03-11,37055806,476724116,154662,463162,9031659,485755775
2019-03-12,27896503,475531432,112400,518562,10111959,485643391
2019-03-13,27036209,475222627,93100,506162,9905589,485128216
2019-03-14,15388190,472142652,88728,562990,10989564,483132216
2019-03-15,31179599,482434766,18500,458562,8928201,491362967
2019-03-18,31555330,484672469,87400,479962,9527246,494199715
2019-03-19,61684658,507400012,242100,681862,13705426,521105438
2019-03-20,79666345,519862684,176500,674462,14069277,533931961
2019-03-21,35645511,508580296,7000,526662,10896636,519476932
2019-03-22,21241015,500321710,20800,529762,10955478,511277188
2019-03-25,18285845,485627847,138100,663562,13569843,499197690
2019-03-26,42384024,491316452,13400,470662,9333228,500649680
2019-03-27,14370963,482928257,31900,426362,8603985,491532242
2019-03-28,5241498,475167412,43400,466262,9423154,484590566
2019-03-29,19924785,471130956,46400,446862,9491348,480622304
2019-04-01,30752483,458546290,694975,1091137,24223241,482769531
2019-04-02,18311799,444815121,192700,1192337,26660655,471475776
2019-04-03,19387659,443031780,45440,1220077,27817756,470849536
2019-04-04,40663014,458137841,55400,1227837,28608603,486746444
2019-04-08,60444385,486392315,59100,1268137,30168979,516561294
2019-04-09,37678467,493418674,4700,1236437,28747161,522165835
2019-04-10,21162626,489135913,11200,1208437,27963231,517099144
2019-04-11,36839652,499405338,22700,1227237,28398263,527803601
2019-04-12,21520195,494958395,2300,1203637,27635505,522593900
2019-04-15,49821771,509010079,150600,1319537,30639647,539649726
2019-04-16,57801506,524153560,140100,1365937,32236113,556389673
2019-04-17,40867273,540056386,4000,1262355,29173023,569229409
2019-04-18,27668032,539027257,8700,1267878,29313338,568340595
2019-04-19,35445354,545023786,8700,1270078,29707124,574730910
2019-04-22,50570772,547077466,65500,1322478,29901227,576978693
2019-04-23,13017937,540341840,167900,1488878,33901752,574243592
2019-04-24,29542100,535375952,1600,1468978,33448629,568824581
2019-04-25,91135521,601851664,21200,1478426,33589837,635441501
2019-04-26,46072860,599587654,8100,1444702,32072384,631660038
2019-04-29,29163766,592652271,7100,1418355,32196658,624848929
2019-04-30,26706807,551287956,205600,1623155,37170250,588458206
2019-05-06,59454837,572205094,21800,1398055,29932357,602137451
2019-05-07,14829243,534788197,82200,1460755,32370330,567158527
2019-05-08,15335761,533655671,6900,1446055,31523999,565179670
2019-05-09,25018855,535110926,3800,1386714,29481539,564592465
2019-05-10,19721843,522873241,57700,1401993,30717666,553590907
2019-05-13,9655170,506531061,215700,1546793,34261465,540792526
2019-05-14,14215365,511199246,5900,1509493,33072991,544272237
2019-05-15,18800200,509847079,76800,1584793,35800474,545647553
2019-05-16,13958951,509164318,21200,1569693,35616334,544780652
2019-05-17,9080473,503101292,26600,1578493,35421383,538522675
2019-05-20,16198240,507686874,35700,1580293,35256336,542943210
2019-05-21,19098631,473426548,17100,1556393,35656963,509083511
2019-05-22,12918981,472208013,258400,1762593,40733523,512941536
2019-05-23,11698188,467238306,78900,1801841,40829716,508068022
2019-05-24,8068263,463200014,1100,1475641,33349487,496549501
2019-05-27,28510124,465129417,214512,1614553,36892536,502021953
2019-05-28,35276099,470894230,77203,1679356,39481658,510375888
2019-05-29,11532318,465408779,209900,1888256,44279604,509688383
2019-05-30,15332392,462788778,2900,1879256,43711493,506500271
2019-05-31,9820039,461488124,2500,1844659,42796089,504284213
2019-06-03,22747152,472697859,8650,1596094,36343059,509040918
2019-06-04,22157647,473184830,9400,1599894,35453650,508638480
2019-06-05,15657192,472132967,2300,1596295,35214267,507347234
2019-06-06,14393304,473593609,234600,1823843,40051591,513645200
2019-06-10,13325887,468015921,43100,1777743,40283655,508299576
2019-06-11,13182464,465632680,90000,1725793,40021140,505653820
2019-06-12,12189623,463713682,143254,1746547,40450028,504163710
2019-06-13,22725962,475773273,31700,1667327,38098422,513871695
2019-06-14,31292395,493561681,166355,1823482,41374806,534936487
2019-06-17,64842081,546420348,1600,1793082,40738822,587159170
2019-06-18,15450074,549920124,12500,1642482,37382890,587303014
2019-06-19,23461840,539878205,26400,1656082,38371419,578249624
2019-06-20,60616219,555748840,64900,1720535,42049875,597798715
2019-06-21,72305371,599570330,6000,1704835,40558024,640128354
2019-06-24,16739257,591426225,68131,1635209,39490298,630916523
2019-06-25,27308235,507497750,3600,1629709,38575211,546072961
2019-06-26,12833231,503823159,58800,1685463,39793781,543616940
2019-06-27,13967308,487006858,8100,1689763,40554312,527561170
2019-06-28,15195004,483096299,5900,1656663,40157511,523253810
2019-07-01,50191541,489080089,59400,1555763,38582922,527663011
2019-07-02,22746233,497021644,27700,1540343,38277524,535299168
2019-07-03,22884208,501033277,0,1538843,37532381,538565658
2019-07-04,52335780,532521655,183000,1675343,39839657,572361312
2019-07-05,26396417,536089623,106400,1781743,42369849,578459472
2019-07-08,21506616,530208214,4600,1755343,40776618,570984832
2019-07-09,15568420,531815813,6500,1289493,29954922,561770735
2019-07-10,77148912,580697772,2800,1271293,28311694,609009466
2019-07-11,64629817,619245867,0,1262993,27823736,647069603
2019-07-12,24925638,570501365,168300,1421993,32478320,602979685
2019-07-15,35469912,588834081,13600,1411293,31923447,620757528
2019-07-16,34529939,609516729,15900,1416293,31724963,641241692
2019-07-17,20666333,585677894,46400,1448693,33044686,618722580
2019-07-18,11964572,548111344,8500,1412893,32100928,580212272
2019-07-19,20977694,536987398,133900,1521593,35620491,572607889
2019-07-22,35264799,536067384,240200,1757893,41574169,577641553
2019-07-23,32309618,555943067,105400,1834269,42848522,598791589
2019-07-24,26782979,552339537,160400,1985944,46808699,599148236
2019-07-25,47614417,573527727,119800,2038744,48950243,622477970
2019-07-26,16163677,568866515,60000,1767795,42232623,611099138
2019-07-29,18830537,570555805,4800,1670974,39919568,610475373
2019-07-30,26242093,582326410,10300,1674474,39869224,622195634
2019-07-31,11609204,570042996,12800,1645874,38826168,608869164
2019-08-01,13301511,569994094,34900,1674074,39089629,609083723
2019-08-02,28323876,560508083,900,1457492,33478590,593986673
2019-08-05,21218702,557375347,70700,1371389,30801396,588176743
2019-08-06,29546983,560827377,43971,1321860,29332074,590159451
2019-08-07,16084976,568746155,55800,1362560,30112576,598858731
2019-08-08,17182647,554394903,82277,1389037,31628371,586023274
2019-08-09,12090730,543275907,14500,1328260,30257762,573533669
2019-08-12,11140348,538160658,16200,1248658,29256057,567416715
2019-08-13,11646537,532793466,41100,1070233,24947130,557740596
2019-08-14,16425223,524679175,63300,977633,22514888,547194063
2019-08-15,10474123,518059873,23100,819192,18833224,536893097
2019-08-16,10257131,511828422,127030,770792,17697384,529525806
2019-08-19,62429040,549998719,200629,907621,20675606,570674325
2019-08-20,33634367,562632391,10800,825292,18725876,581358267
2019-08-21,26449370,557984147,82900,581679,12942358,570926505
2019-08-22,10906467,539893283,84100,572100,12923739,552817022
2019-08-23,61412041,553692252,62700,453867,10593256,564285508
2019-08-26,15783714,522238025,69000,467205,10642930,532880955
2019-08-27,18049463,521708083,13200,466605,10783241,532491324
2019-08-28,28038081,530173793,14600,413705,9370418,539544211
2019-08-29,33510531,549131398,42900,437905,9774039,558905437
2019-08-30,14024975,534160560,108200,535505,12230934,546391494
2019-09-02,13586730,516345057,95700,545005,12605966,528951023
2019-09-03,7606143,500607307,47400,503005,11770317,512377624
2019-09-04,18893649,501414561,36600,503705,11837068,513251629
2019-09-05,70758670,519959862,129500,600705,14585117,534544979
2019-09-06,18257591,522276116,63100,625005,15275122,537551238
2019-09-09,79720052,572686921,61500,591705,14419850,587106771
2019-09-10,23290000,552811260,23400,528005,12835801,565647061
2019-09-11,38926366,561775209,22000,538705,13246756,575021965
2019-09-12,14825187,547965702,24300,554905,13706154,561671856
2019-09-16,54025778,591552624,5500,538805,13130677,604683301
2019-09-17,55047031,635725071,22600,471195,11219152,646944223
2019-09-18,12228457,622230322,30000,471005,11398321,633628643
2019-09-19,10511135,606194755,19800,464205,11178056,617372811
2019-09-20,15309209,592585175,11900,452895,10941942,603527117
2019-09-23,22297555,604197254,12600,453205,10786279,614983533
2019-09-24,24983131,617291646,15000,458205,10882369,628174015
2019-09-25,58910719,645954047,50700,464005,11228921,657182968
2019-09-26,120119049,684495640,405810,843115,21507863,706003503
2019-09-27,80742115,628391489,29900,506105,13062569,641454058
2019-09-30,28863067,606282611,27400,495905,12501764,618784375
2019-10-08,50104557,607016136,176900,662405,17381507,624397643
2019-10-09,77999235,591746369,339704,919211,24763544,616509913
2019-10-10,51544993,603812061,13700,556495,14997541,618809602
2019-10-11,61729733,585007505,118100,673295,18535812,603543317
2019-10-14,100737401,603846781,133802,722497,19796418,623643199
2019-10-15,93876713,612209244,55500,612995,16624424,628833668
2019-10-16,63699819,624643684,31700,581995,15696404,640340088
2019-10-17,38128459,634215934,9500,557505,14996885,649212819
2019-10-18,33925652,611178684,29900,564805,14989925,626168609
2019-10-21,57993636,588027378,105700,636305,17275681,605303059
2019-10-22,46538537,595204229,20600,545705,14586695,609790924
2019-10-23,20921970,588581097,20900,536505,14265668,602846765
2019-10-24,36491641,578062481,107400,617405,16762546,594825027
2019-10-25,33435487,585266924,16200,537405,14595919,599862843
2019-10-28,27528010,579515884,17300,541405,14617935,594133819
2019-10-29,38847672,583087579,72900,588405,16034036,599121615
2019-10-30,30943155,584076014,21000,580705,15574507,599650521
2019-10-31,28278052,561677696,275300,820205,22153736,583831432
2019-11-01,117391825,571018012,215300,967895,27555969,598573981
2019-11-04,55659578,583542566,6200,860488,24325994,607868560
2019-11-05,59332579,601321791,24600,859188,24383756,625705547
2019-11-06,45779810,607664363,83960,910148,26075740,633740103
2019-11-07,25073254,604816620,22700,863248,24792482,629609102
2019-11-08,41233235,609194644,49000,855288,24247415,633442059
2019-11-11,24336101,608506594,64600,869588,24513686,633020280
2019-11-12,50481127,630368559,55700,897688,25763646,656132205
2019-11-13,25718678,625031000,56100,890988,25705004,650736004
2019-11-14,33480987,621102416,115331,961329,27590143,648692559
2019-11-15,25262539,617676807,12500,811705,22849496,640526303
2019-11-18,36992905,614676060,154100,951005,27626695,642302755
2019-11-19,34137564,615655916,73757,982052,28479508,644135424
2019-11-20,30247369,618324441,132800,1033905,29693751,648018192
2019-11-21,25888275,618008348,24600,964105,27313095,645321443
2019-11-22,81357799,640619681,50500,852705,23534658,664154339
2019-11-25,13887385,629283640,110200,951705,26352712,655636352
2019-11-26,86735703,646588707,49800,823905,22154806,668743513
2019-11-27,13636716,633250084,152200,943105,25454405,658704489
2019-11-28,46436779,663880358,29500,911105,24299170,688179528
2019-11-29,13656761,657230534,43100,859605,22848301,680078835
2019-12-02,26512092,668197806,2900,753500,19756770,687954576
2019-12-03,28235916,677466027,46500,776400,20644477,698110504
2019-12-04,10598628,664558318,42500,803200,21373151,685931469
2019-12-05,15837865,667981599,59200,832900,22429997,690411596
2019-12-06,13470468,660756659,88400,879200,24054911,684811570
2019-12-09,17133624,655423331,9700,727000,19665350,675088681
2019-12-10,17880816,659489545,31700,744800,19915953,679405498
2019-12-11,15591167,644891245,89400,800000,21944000,666835245
2019-12-12,12299480,643907181,60300,826100,22486442,666393623
2019-12-13,21260762,629268896,72000,852000,24069000,653337896
2019-12-16,79147653,683991788,3500,766200,21208416,705200204
2019-12-17,39932596,672749084,63400,825100,23020290,695769374
2019-12-18,21072374,668657941,3200,797000,22116750,690774691
2019-12-19,20684657,652676766,74500,868100,24610635,677287401
2019-12-20,18004203,648097049,26100,860200,24171620,672268669
2019-12-23,31657602,655503101,26378,800678,22210808,677713909
2019-12-24,19490775,646295014,134000,904500,25524990,671820004
2019-12-25,33243093,662734845,13000,826900,23285503,686020348
2019-12-26,28781010,665333694,7800,802900,22601635,687935329
2019-12-27,41840946,671320576,27900,809800,22690596,694011172
2019-12-30,79679953,713456880,23600,786600,21906810,735363690
2019-12-31,29717514,703853748,21800,795100,22382065,726235813
2020-01-02,27729417,645755204,161500,953000,27732300,673487504
2020-01-03,39033291,649568914,45500,951500,27783800,677352714
2020-01-06,22586338,636872167,90800,1019200,29831984,666704151
2020-01-07,20758513,638071158,72570,1046570,30779623,668850781
2020-01-08,30784445,649264478,16200,957170,27662213,676926691
2020-01-09,23300370,647351141,118900,1071570,31611315,678962456
2020-01-10,23936693,653559884,9200,990100,28871315,682431199
2020-01-13,73340956,692492453,49400,915700,26555300,719047753
2020-01-14,66525561,706419606,35700,854000,24330461,730750067
2020-01-15,63940028,742231611,7900,781400,22074550,764306161
2020-01-16,17923960,724045782,58400,820600,23305040,747350822
2020-01-17,41220296,720268907,10400,776600,21861290,742130197
2020-01-20,46403921,736784797,4200,765300,21612073,758396870
2020-01-21,31701747,742894551,45300,777400,21642817,764537368
2020-01-22,45378844,756496164,4800,720000,19972801,776468965
2020-01-23,42352321,759918880,3000,689400,18565542,778484422
2020-02-03,42698097,735451488,34000,653700,16669350,752120838
2020-02-04,22590617,685703954,4800,649900,17300338,703004292
2020-02-05,82647378,737150104,2000,600700,15600179,752750283
2020-02-06,97466467,783682235,13700,613700,15864145,799546380
2020-02-07,91535858,811282850,6000,602500,15273375,826556225
2020-02-10,77416151,826766138,2100,597100,15237992,842004130
2020-02-11,55226563,778236862,76500,654300,17240805,795477667
2020-02-12,76696613,812487528,26700,616000,16108400,828595928
2020-02-13,30448945,807686136,9900,606000,15737820,823423956
2020-02-14,57095554,798626900,28800,617400,16330230,814957130
2020-02-17,81969744,817683229,28500,632600,17035918,834719147
2020-02-18,53325742,812992865,31300,640200,16926889,829919754
2020-02-19,64018742,842042447,24200,652800,17142527,859184974
2020-02-20,132526701,917317654,80100,723100,19321232,936638886
2020-02-21,65283183,917807803,27300,673200,17873460,935681263
2020-02-24,41921219,912181971,34900,671200,17592151,929774122
2020-02-25,61074235,931415037,50200,670200,17264351,948679388
2020-02-26,58271578,948715398,49000,668400,17224668,965940066
2020-02-27,21539788,931478496,13800,629500,16367000,947845496
2020-02-28,40116530,941035954,43300,597479,15032571,956068525
2020-03-02,47619130,900849141,167100,741179,19782069,920631210
2020-03-03,74750152,887631888,100420,832699,22374622,910006510
2020-03-04,50033774,886091783,252900,1006679,26928663,913020446
2020-03-05,117715374,893169947,213700,1187479,33083164,926253111
2020-03-06,54212799,886530205,53100,1115179,30645119,917175324
2020-03-09,93976098,898080347,96859,1142138,31088996,929169343
2020-03-10,119871917,973996780,157000,1228679,33469217,1007465997
2020-03-11,32545339,960628297,27500,1112342,29699531,990327828
2020-03-12,86078907,977941770,443534,1507776,39488654,1017430424
2020-03-13,64755764,822148421,62300,974842,25345892,847494313
2020-03-16,106172424,867491063,209600,950063,23571062,891062125
2020-03-17,53680723,889434139,100500,864363,21159606,910593745
2020-03-18,56765602,912489941,728780,1409643,32802393,945292334
2020-03-19,49615396,908877951,578034,1151926,25722508,934600459
2020-03-20,40824722,894938511,763182,1435345,33113409,928051920
2020-03-23,42826307,899146197,147200,1244445,27738679,926884876
2020-03-24,21943251,874422118,208486,1152289,26848334,901270452
2020-03-25,23453807,861874708,449800,1547689,37608843,899483551
2020-03-26,38784568,875931756,424200,1812789,44105156,920036912
2020-03-27,47765122,785093696,370106,1812395,43733091,828826787
2020-03-30,61269598,811114477,346500,1775889,41342696,852457173
2020-03-31,27583225,806393701,450200,1917289,44212683,850606384
2020-04-01,44983162,832345257,211200,1745089,39788029,872133286
2020-04-02,43045845,836703268,1920300,3462403,78769668,915472936
2020-04-03,61626576,872681118,169200,3466003,76945267,949626385
2020-04-07,36843545,823326106,658300,4059303,95190655,918516761
2020-04-08,66872182,841169243,206966,3786369,86177757,927347000
2020-04-09,26248709,807287594,309700,3652569,84703076,891990670
2020-04-10,38158079,803253864,449100,3904069,90847686,894101550
2020-04-13,31506527,810657989,273662,3574231,81957117,892615106
2020-04-14,34536492,817341290,280800,3224331,74933453,892274743
2020-04-15,63584327,845024503,326900,2950969,67341113,912365616
2020-04-16,49678900,871932864,83900,1425469,32158580,904091444
2020-04-17,40394562,837109692,826000,1946669,45201654,882311346
2020-04-20,37529248,830844007,433300,1694899,40186054,871030061
2020-04-21,36632945,838077088,536000,1778999,41699737,879776825
2020-04-22,58548750,877779817,395100,1683099,39266700,917046517
2020-04-23,47229518,885937586,261200,1454269,34029895,919967481
2020-04-24,32539733,884828460,461500,1744069,41020503,925848963
2020-04-27,67619797,853369658,668300,1735369,43158627,896528285
2020-04-28,28031756,814461435,565700,1859869,46905896,861367331
2020-04-29,55140833,804086366,576500,1959369,51100344,855186710
2020-04-30,48621000,786945978,295170,1763539,45940191,832886169
2020-05-06,32799022,771833837,117000,1401939,36394335,808228172
2020-05-07,32222448,781808690,156200,1272039,32793165,814601855
2020-05-08,72043338,804715383,360200,1500539,39359138,844074521
2020-05-11,57206834,792239886,114300,1289539,33528014,825767900
2020-05-12,39431245,805002847,90900,1164839,29784933,834787780
2020-05-13,39509268,806521853,161745,1080084,27444933,833966786
2020-05-14,67648865,838153481,19100,848639,21003815,859157296
2020-05-15,69964030,862873111,104000,888439,21971096,884844207
2020-05-18,41690915,855040028,186300,975939,24203287,879243315
2020-05-19,24397123,832354225,140000,967839,24399220,856753445
2020-05-20,57830100,844628920,253800,1117339,28480972,873109892
2020-05-21,24658208,815351354,331500,1383239,35742897,851094251
2020-05-22,43327080,826304761,275800,1476739,37450100,863754861
2020-05-25,39815128,852476647,97300,1128439,28109414,880586061
2020-05-26,13911565,846919292,364400,1199739,30173436,877092728
2020-05-27,25269021,847160928,303700,1360839,33966540,881127468
2020-05-28,39327035,801716437,683700,1946339,50293401,852009838
2020-05-29,24791156,793793996,86000,1830339,46874981,840668977
2020-06-01,32626529,778888895,142100,1735339,46142665,825031560
2020-06-02,25567757,774174936,106400,1791139,47805501,821980437
2020-06-03,40037334,759944665,204100,1286939,35081956,795026621
2020-06-04,20612081,734640062,513700,1642239,44783858,779423920
2020-06-05,16218392,722266706,332122,1529561,41940562,764207268
2020-06-08,25701947,711188046,194700,1436879,39456696,750644742
2020-06-09,40088289,733991174,36700,1208939,32629265,766620439
2020-06-10,19678840,723724093,62000,1188039,31886968,755611061
2020-06-11,45707356,735378364,199900,1184239,31145486,766523850
2020-06-12,35188341,755221587,116100,1040439,27353142,782574729
2020-06-15,104448477,843497451,55200,946539,24411242,867908693
2020-06-16,53744119,867968184,921600,1755839,45686931,913655115
2020-06-17,46322776,860006322,132100,1834786,47374175,907380497
2020-06-18,144457282,945320769,140300,1285639,32796650,978117419
2020-06-19,76105997,962568274,192720,978059,25057872,987626146
2020-06-22,104505552,991945441,578000,1361339,34401037,1026346478
2020-06-23,118483150,1042581256,45700,1382639,35257295,1077838551
2020-06-24,152810347,1122859609,137100,857199,22381465,1145241074
2020-06-29,77039812,1132587194,316292,1056228,27873858,1160461052
2020-06-30,115013401,1192447615,186100,915936,24061639,1216509254
2020-07-01,111045349,1203343690,199800,924436,25135416,1228479106
2020-07-02,131811066,1231687773,359900,1122536,31307530,1262995303
2020-07-03,91836292,1203503073,302700,1109536,31399869,1234902942
2020-07-06,342658182,1352993117,731274,1515910,47190278,1400183395
2020-07-07,180087239,1352932585,567883,1698293,53598127,1406530712
2020-07-08,189648411,1444683758,2103080,3350265,106772947,1551456705
2020-07-09,107490591,1344693450,817600,3708265,117922828,1462616278
2020-07-10,95548236,1272209486,260852,3568435,109479586,1381689072
2020-07-13,368518266,1539794514,204000,3589635,107042916,1646837430
2020-07-14,76031725,1531658865,911300,4284361,125531778,1657190643
2020-07-15,91242273,1544183839,462200,4560861,131991319,1676175158
2020-07-16,100241182,1498416038,843700,5236461,152642838,1651058876
2020-07-17,63760864,1447925154,639400,5642861,171655831,1619580985
2020-07-20,86518161,1467287282,182066,5740005,181671158,1648958440
2020-07-21,56662817,1437280878,267300,5951819,186053861,1623334739
2020-07-22,92471802,1463739753,802614,6635981,206379009,1670118762
2020-07-23,125089354,1507002800,2507533,8849734,280448072,1787450872
2020-07-24,221223729,1606497320,1130600,9825534,295552062,1902049382
2020-07-27,110397698,1608633931,150900,9384234,269796727,1878430658
2020-07-28,51724163,1601078450,304800,9634834,280180972,1881259422
2020-07-29,55022781,1580830358,1535983,8651017,256589164,1837419522
2020-07-30,64632148,1598463038,1190095,9395012,273864600,1872327638
2020-07-31,54617134,1588948770,2376300,11692012,338717587,1927666357
2020-08-03,91286319,1602767200,1776882,13377294,393961309,1996728509
2020-08-04,216571054,1679251045,2222315,14506126,444902885,2124153930
2020-08-05,69223704,1656138303,735400,14753976,449406108,2105544411
2020-08-06,93326912,1611311287,519965,15236822,481331207,2092642494
2020-08-07,132823083,1637490076,178500,14042722,447822406,2085312482
2020-08-10,248082677,1733811988,1147845,15046467,504658504,2238470492
2020-08-11,105221047,1541003901,60100,14995167,495290366,2036294267
2020-08-12,135607338,1552790566,1035800,15884647,524034505,2076825071
2020-08-13,46070584,1507209294,1220699,17038433,549148697,2056357991
2020-08-14,72898338,1514847914,357688,17368021,582870783,2097718697
2020-08-17,128070492,1551354104,219100,17547921,606631629,2157985733
2020-08-18,151300542,1645639531,62900,17500021,607250729,2252890260
2020-08-19,247139321,1797165993,174500,17659621,619322910,2416488903
2020-08-20,156691382,1894375582,3600,17331740,588759208,2483134790
2020-08-21,52227969,1847705166,486712,17423752,607914709,2455619875
2020-08-24,102686566,1636900095,284209,17642061,588715576,2225615671
2020-08-25,48905210,1593613366,105400,17710361,610121936,2203735302
2020-08-26,70254783,1563207633,63700,17736761,611740888,2174948521
2020-08-27,31080939,1521642455,394700,17883361,618048955,2139691410
2020-08-28,161943159,1534308534,457200,18171761,660180077,2194488611
2020-08-31,116370463,1519427465,409714,18336375,650941314,2170368779
2020-09-01,93826444,1546867848,800800,19068575,660344752,2207212600
2020-09-02,90689652,1544549654,28100,18973480,649272486,2193822140
2020-09-03,112684127,1593409096,57200,18934180,639217916,2232627012
2020-09-04,35850269,1560270252,33024,18795204,633398375,2193668627
2020-09-07,76757945,1562856938,51400,18794304,622843235,2185700173
2020-09-08,57882310,1491024758,449900,19023817,639770965,2130795723
2020-09-09,44214407,1477832364,25500,18947617,628681932,2106514296
2020-09-10,67598557,1466367954,705400,19611517,647964523,2114332477
2020-09-11,45596041,1433839103,481200,19988317,650619719,2084458822
2020-09-14,75790543,1453408590,138400,20097917,658022783,2111431373
2020-09-15,69644510,1453683796,99300,19899117,653884984,2107568780
2020-09-16,52947963,1450855055,26400,19882017,654118360,2104973415
2020-09-17,47708007,1434148232,315700,20115817,669454389,2103602621
2020-09-18,56150256,1407947819,116100,20163617,691410428,2099358247
2020-09-21,37525310,1405140850,96800,20215201,691359875,2096500725
2020-09-22,72325746,1433662027,73200,20169801,688395307,2122057334
2020-09-23,22408959,1418914061,73400,19659801,665680861,2084594922
2020-09-24,43702263,1402963369,319400,19807001,653829102,2056792471
2020-09-25,38089480,1408781379,427000,19859101,650385559,2059166938
2020-09-28,16171169,1394442805,979828,20826629,690194486,2084637291
2020-09-29,58487639,1421826802,1282514,21997343,712933886,2134760688
2020-09-30,75717696,1435882772,61500,20763984,653650216,2089532988
2020-10-09,99600708,1456306093,737649,21412433,674063391,2130369484
2020-10-12,62444000,1381237220,1129563,22479696,748124283,2129361503
2020-10-13,23629302,1357757527,985580,23426976,789957631,2147715158
2020-10-14,46640650,1339500454,376300,23499010,790506697,2130007151
2020-10-15,86158598,1323222280,935832,24371942,853505410,2176727690
2020-10-16,58615617,1322009260,115500,24439442,859535175,2181544435
2020-10-19,120660181,1366801944,115754,24433296,868115007,2234916951
2020-10-20,51405765,1365793363,65500,24408296,859172019,2224965382
2020-10-21,76998147,1370268830,209000,24541248,890356477,2260625307
2020-10-22,56007038,1379486491,100300,24524648,875529933,2255016424
2020-10-23,77400236,1361276051,119899,24550247,879880853,2241156904
2020-10-26,76423011,1392251812,94600,24435348,838621142,2230872954
2020-10-27,21578449,1383747347,103400,24482148,847082319,2230829666
2020-10-28,40379824,1386666663,115600,24475948,840259295,2226925958
2020-10-29,51663620,1316288501,222657,24634905,869612147,2185900648
2020-10-30,87486358,1355773742,394900,24867405,844994421,2200768163
2020-11-02,52033895,1359538831,104000,24775285,830467554,2190006385
2020-11-03,59442297,1374827027,324200,25021237,843215686,2218042713
2020-11-04,136423385,1426012088,310300,25121517,891813855,2317825943
2020-11-05,130920772,1485582602,139271,23188633,798848407,2284431009
2020-11-06,125286617,1531551504,1072305,23912838,801080074,2332631578
2020-11-09,69172108,1527851146,190400,23996902,830292808,2358143954
2020-11-10,43362184,1498769223,104483,23983206,829339263,2328108486
2020-11-11,41546396,1488126832,655900,24410006,856791210,2344918042
2020-11-12,41635496,1484615964,270300,23423637,803430749,2288046713
2020-11-13,69974308,1506951508,2028196,25220333,839837089,2346788597
2020-11-16,79183451,1540943512,515800,23670705,779476315,2320419827
2020-11-17,115111105,1546035362,426493,23896798,826351275,2372386637
2020-11-18,56400958,1472736208,278477,23882775,844972580,2317708788
2020-11-19,63941383,1434464697,80975,23615325,853693999,2288158696
2020-11-20,100177095,1483830952,123186,23510865,832284621,2316115573
2020-11-23,64277562,1433426091,236876,23544252,872079095,2305505186
2020-11-24,48660068,1350943558,466699,23861351,875711581,2226655139
2020-11-25,101545641,1394562833,1180829,24852480,889967308,2284530141
2020-11-26,77503541,1375514552,1162402,25901782,946710132,2322224684
2020-11-27,81615197,1370044497,123600,25876587,971665841,2341710338
2020-11-30,100944912,1356987819,663284,26344871,972125740,2329113559
2020-12-01,84223334,1378689902,149500,26247408,982178006,2360867908
2020-12-02,51148186,1357738861,139500,26265808,998100704,2355839565
2020-12-03,52384441,1366761119,282500,26044032,969619312,2336380431
2020-12-04,56283598,1379692430,1307254,26979302,994726866,2374419296
2020-12-07,135619322,1471558071,49600,26888502,954810704,2426368775
2020-12-08,27441060,1433242736,2343944,29145289,1041652629,2474895365
2020-12-09,64442521,1461906648,1144800,30202889,1063141692,2525048340
2020-12-10,73223981,1486670880,796100,30823289,1079123347,2565794227
2020-12-11,56595388,1472524394,1192200,31701389,1117473964,2589998358
2020-12-14,78419339,1487812156,1204700,32815589,1151170863,2638983019
2020-12-15,67227547,1488754828,74460,32119291,1124175185,2612930013
2020-12-16,71840314,1511538953,999755,33068042,1165317801,2676856754
2020-12-17,97406453,1558634466,543300,33508342,1183514640,2742149106
2020-12-18,83430627,1573639351,1093011,34525353,1191815188,2765454539
2020-12-21,87961801,1579424985,109600,34524020,1178650043,2758075028
2020-12-22,71714642,1546230036,789152,35165554,1185079169,2731309205
2020-12-23,94441041,1571505569,649500,35589204,1200423850,2771929419
2020-12-24,46714760,1523354602,765200,36141504,1237123681,2760478283
2020-12-25,55572840,1526175672,353200,36356804,1245947674,2772123346
2020-12-28,58935199,1494136586,153500,36381504,1272625009,2766761595
2020-12-29,48325531,1451368947,285900,36553404,1298376912,2749745859
2020-12-30,121975313,1514161520,1224953,37587657,1314816241,2828977761
2020-12-31,61411655,1459829297,202577,37642234,1330276550,2790105847
2021-01-04,106426320,1470481414,224400,37128955,1297285688,2767767102
2021-01-05,126824103,1474659529,159000,36405455,1291665542,2766325071
2021-01-06,164503886,1489466287,587720,36365275,1345878827,2835345114
2021-01-07,83225280,1454871483,1723940,37481815,1398064357,2852935840
2021-01-08,73452908,1426894176,1210434,37023674,1392090141,2818984317
2021-01-11,68808471,1326686951,1118240,37902410,1444460846,2771147797
2021-01-12,73609736,1281863362,115168,36305278,1423166897,2705030259
2021-01-13,64151364,1246085750,317689,36281460,1385588959,2631674709
2021-01-14,38486799,1231138968,2011644,38176404,1449939823,2681078791
2021-01-15,112824024,1205869297,729203,37987007,1458321200,2664190497
2021-01-18,65199107,1168800880,146100,34479937,1396437451,2565238331
2021-01-19,120705881,1236989088,418571,33555193,1304961455,2541950543
2021-01-20,41765361,1207961567,944222,32483515,1255487856,2463449423
2021-01-21,36367899,1193672738,42300,31161415,1209062904,2402735642
2021-01-22,121659637,1268303928,104000,31119657,1176011839,2444315767
2021-01-25,133425756,1295776589,260600,31225057,1174686644,2470463233
2021-01-26,31976680,1276411816,116688,29463718,1103710874,2380122690
2021-01-27,58669638,1223361312,204020,29481667,1164820663,2388181975
2021-01-28,56574826,1231499842,118900,28771447,1106262136,2337761978
2021-01-29,43054586,1232499774,96400,25577660,984228357,2216728131
2021-02-01,61848535,1215474787,338000,25457360,998692232,2214167019
2021-02-02,43316039,1195658592,141100,25528985,1011968963,2207627555
2021-02-03,57007323,1175389636,479087,25890547,1046237004,2221626640
2021-02-04,70817774,1139816226,122700,24815872,1025391832,2165208058
2021-02-05,68190520,1113184640,125600,24543072,1055352096,2168536736
2021-02-08,53939807,1060508990,85100,24432870,1054766998,2115275988
2021-02-09,33997577,1031742129,172740,24383910,1047045098,2078787227
2021-02-10,63298523,1012041002,53100,23527793,1000637037,2012678039
2021-02-18,37049815,991289478,219200,23087705,996465348,1987754826
2021-02-19,48512635,978673435,61300,23052205,994933168,1973606603
2021-02-22,48065854,913194711,454432,23326337,959878768,1873073479
2021-02-23,24874064,876149087,147300,23437137,986000355,1862149442
2021-02-24,46231845,877957031,1232624,24545861,1019635066,1897592097
2021-02-25,38635316,885023538,133934,24079571,1017361875,1902385413
2021-02-26,74557720,922448072,96000,23412537,938842734,1861290806
2021-03-01,28911012,915541234,255844,23361481,955718186,1871259420
2021-03-02,43623812,925887815,680699,23234136,931224171,1857111986
2021-03-03,67081041,871413313,223700,23358836,1029891081,1901304394
2021-03-04,116775307,943227722,565200,23710536,1005326728,1948554450
2021-03-05,153551337,988294964,268800,23868036,957108244,1945403208
2021-03-08,66984209,984728362,307100,24098536,944180639,1928909001
2021-03-09,88977409,1024490917,74400,23517037,880477866,1904968783
2021-03-10,79153368,1068023378,696900,23752781,884078510,1952101888
2021-03-11,99369206,1059484070,1247500,24937581,967578143,2027062213
2021-03-12,26589392,1028091874,73400,24759881,991138036,2019229910
2021-03-15,70054041,1004413770,303200,24979581,1025411799,2029825569
2021-03-16,37940469,1003276440,158500,23741881,1003094473,2006370913
2021-03-17,60186525,1010748040,56166,20065790,817078970,1827827010
2021-03-18,31275073,1008116152,105600,19522290,794557204,1802673356
2021-03-19,51597037,1015910062,333300,19238797,751467410,1767377472
2021-03-22,36292666,1014267515,218000,19326297,774984510,1789252025
2021-03-23,39479756,1024620456,65200,19253297,759927633,1784548089
2021-03-24,33613546,1025358069,220600,19345197,756397203,1781755272
2021-03-25,23871716,1028207500,89500,18701597,732167522,1760375022
2021-03-26,27011692,1017453338,260661,18821058,744937476,1762390814
2021-03-29,50179840,1035983417,143100,18784058,740091884,1776075301
2021-03-30,50418825,1060153890,217200,17777173,700953931,1761107821
2021-03-31,30646924,1066661180,475249,18027481,700908460,1767569640
2021-04-01,15742624,1026776967,329749,18182630,723486847,1750263814
2021-04-02,60881389,1061129172,85500,18190230,708509460,1769638632
2021-04-06,39057786,1074603559,371601,18517303,721248953,1795852512
2021-04-07,27512968,1057979839,90400,18521803,727536421,1785516260
2021-04-08,24725025,1039352225,139300,18579903,724616217,1763968442
2021-04-09,17983460,1033062789,165398,18723801,726483478,1759546267
2021-04-12,30753075,1045586928,25700,18679901,715066610,1760653538
2021-04-13,19500456,1046713761,68100,18664201,709239638,1755953399
2021-04-14,20544462,1048061537,422402,19034503,725404910,1773466447
2021-04-15,29995517,1048476284,111200,19072041,726835483,1775311767
2021-04-16,34245651,1048816815,34800,18770580,708777100,1757593915
2021-04-19,35602337,1032784833,100400,18326280,716191023,1748975856
2021-04-20,30765467,1006082574,42200,17875797,701982548,1708065122
2021-04-21,79507123,1012037111,631187,17480684,717756885,1729793996
2021-04-22,76285528,1056579368,45700,17375530,698670062,1755249430
2021-04-23,78338309,1084796354,39300,17204870,700410258,1785206612
2021-04-26,47340895,965734660,109700,17172165,716251002,1681985662
2021-04-27,29536885,962813475,28300,16975565,700581568,1663395043
2021-04-28,22097171,940571788,64300,16894065,712084839,1652656627
2021-04-29,36356764,940389187,65400,16889365,713406778,1653795965
2021-04-30,28093219,927248427,36870,16661935,703633515,1630881942
2021-05-06,24359576,924571348,464400,17107635,725876952,1650448300
2021-05-07,33110620,906703220,70600,17154335,735406343,1642109563
2021-05-10,25702665,908398607,22500,17010435,721072339,1629470946
2021-05-11,15458580,893443010,73700,17011035,719226559,1612669569
2021-05-12,17027652,884185296,80100,16978535,726511512,1610696808
2021-05-13,12498781,876226473,63191,16989226,725779736,1602006209
2021-05-14,52108710,891936884,47900,16307539,692581182,1584518066
2021-05-17,28964986,878975899,103600,16387539,708433311,1587409210
2021-05-18,17903332,876164575,35300,16304461,705004894,1581169469
2021-05-19,36913219,892154370,30400,16012463,673324069,1565478439
2021-05-20,18132731,862207337,94300,16075063,689620203,1551827540
2021-05-21,24977288,870223863,70500,16047363,678803455,1549027318
2021-05-24,19245703,868626997,164700,15937493,666187207,1534814204
2021-05-25,25139089,817444850,318400,16131893,710609886,1528054736
2021-05-26,62289562,851044389,33000,15909593,692862776,1543907165
2021-05-27,54966060,871704903,409900,16243193,698782163,1570487066
2021-05-28,45482231,889503170,69100,15479725,660210271,1549713441
2021-05-31,50689410,919049683,42600,15283635,646497761,1565547444
2021-06-01,33086676,925868501,237431,15294666,650023306,1575891807
2021-06-02,39698629,935652152,23500,14697906,620986528,1556638680
2021-06-03,20668401,916184805,717672,15344278,644152791,1560337596
2021-06-04,27385277,897812014,258010,15536990,665915391,1563727405
2021-06-07,24952494,898596322,463500,15796490,672930475,1571526797
2021-06-08,60209836,944799448,183000,15875690,659793676,1604593124
2021-06-09,39935021,959523284,82300,15904790,661003072,1620526356
2021-06-10,55138969,989567706,36500,15655249,643587287,1633154993
2021-06-11,90939241,1044412603,63900,15388349,620304347,1664716950
2021-06-15,38966221,1052516337,56344,15319211,616445051,1668961388
2021-06-16,23430079,1043117051,165300,15437510,625991030,1669108081
2021-06-17,46215658,1057149215,491767,15887477,637087829,1694237044
2021-06-18,52614910,1070609910,134100,15933977,628754732,1699364642
2021-06-21,56450258,1090706770,461000,16327933,637932343,1728639113
2021-06-22,30025913,1057703332,80100,16344116,653601200,1711304532
2021-06-23,71686675,1095443155,37299,15852615,618569038,1714012193
2021-06-24,64311991,1106128194,61100,15823815,626623075,1732751269
2021-06-25,82668472,1142504969,73400,15509315,622698997,1765203966
2021-06-28,166170660,1265151211,28800,15452616,601570340,1866721551
2021-06-29,34226532,1269700818,48700,15443816,596131298,1865832116
2021-06-30,31543374,1243738370,63900,15431616,601370076,1845108446
2021-07-01,61263169,1245761931,204400,15591516,621321913,1867083844
2021-07-02,68330109,1278333194,20200,15376516,579694654,1858027848
2021-07-05,72357216,1312477654,124600,15452416,583019656,1895497310
2021-07-06,42189978,1309184978,278300,15697216,596180264,1905365242
2021-07-07,42520269,1324854858,47800,15647116,592399813,1917254671
2021-07-08,154315420,1421407369,67500,15595316,559248033,1980655402
2021-07-09,62844649,1412743137,165510,15697626,550986674,1963729811
2021-07-12,77670441,1426988865,38800,15661726,545184681,1972173546
2021-07-13,29031842,1394595850,53300,15683426,552370264,1946966114
2021-07-14,26300812,1371789562,118500,15766026,552914533,1924704095
2021-07-15,59575082,1366255895,181800,15592699,572719834,1938975729
2021-07-16,30782726,1297537268,51597,15383826,569970753,1867508021
2021-07-19,18361998,1177016831,69200,15361226,575585139,1752601970
2021-07-20,62067672,1205047892,57500,15278126,548790285,1753838177
2021-07-21,36115733,1190172690,94599,15318825,549945817,1740118507
2021-07-22,34015911,1182679415,223600,15475735,559447819,1742127234
2021-07-23,22621378,1170283302,47676,15446707,548975967,1719259269
2021-07-26,33223260,1162249828,360072,15335732,525248822,1687498650
2021-07-27,109883864,1219311350,2044226,17283058,561699385,1781010735
2021-07-28,15836618,1184883299,605424,17838758,603841958,1788725257
2021-07-29,41567770,1079580059,872225,18513659,615394026,1694974085
2021-07-30,49297599,1078808388,152300,18596959,602541471,1681349859
2021-08-02,41041286,1069201207,551675,18992134,633007827,1702209034
2021-08-03,40450544,1078321740,103400,18931234,629084905,1707406645
2021-08-04,48392551,1070607988,84400,18952159,616324211,1686932199
2021-08-05,57285312,1081177508,34800,18930259,616179930,1697357438
2021-08-06,69655588,1099514828,232400,18928659,601931357,1701446185
2021-08-09,36666057,1000335387,218300,18968987,648170285,1648505672
2021-08-10,48520072,993951071,182700,18962375,676767165,1670718236
2021-08-11,50711657,987576036,153200,18766875,675044494,1662620530
2021-08-12,47663203,1010466121,100600,18702475,662067615,1672533736
2021-08-13,78546073,1054655613,118600,18699075,672044757,1726700370
2021-08-16,96910262,1082150693,128600,18721175,646629385,1728780078
2021-08-17,35407304,1030149059,143400,18769075,656166861,1686315920
2021-08-18,91739286,1038480113,1072300,19551575,713828002,1752308115
2021-08-19,82030653,1061524548,134699,19503227,687488752,1749013300
2021-08-20,39018858,1032195009,66800,19514627,685743993,1717939002
2021-08-23,31686039,1032740486,205300,19657827,684878693,1717619179
2021-08-24,103512670,1082293957,66900,19621127,673985713,1756279670
2021-08-25,44005933,1074490862,47800,19501627,660910139,1735401001
2021-08-26,63348520,1085223878,139600,19596327,646874754,1732098632
2021-08-27,36172372,1075165985,110000,19637127,644097766,1719263751
2021-08-30,94236705,1123901560,477246,19246817,604927457,1728829017
2021-08-31,41324302,1093593603,415084,19636301,634252523,1727846126
2021-09-01,46980054,1073425599,87100,19616401,654206974,1727632573
2021-09-02,30050382,1011034633,64900,19423579,672832776,1683867409
2021-09-03,28180650,975833080,86700,19213879,666337322,1642170402
2021-09-06,18340472,962369337,56200,19216079,666797941,1629167278
2021-09-07,53152124,981994416,123100,19192579,673659523,1655653939
2021-09-08,23120868,966036110,78800,19039579,666385265,1632421375
2021-09-09,14240967,948217796,113459,18958589,672271565,1620489361
2021-09-10,48108653,942417190,200263,19069052,691062444,1633479634
2021-09-13,32340586,941213601,73800,19033052,678908965,1620122566
2021-09-14,30253305,940252682,121100,18525952,642480014,1582732696
2021-09-15,27158792,934666453,68800,18502189,628889405,1563555858
2021-09-16,17236787,929331727,367229,17516210,588544657,1517876384
2021-09-17,18489476,901975391,75700,17393510,610338267,1512313658
2021-09-22,27239494,894709853,62100,17313508,598181702,1492891555
2021-09-23,32567791,904522316,103600,17336808,589798209,1494320525
2021-09-24,18913750,901002302,196763,16662271,565684100,1466686402
2021-09-27,33885026,915526401,133809,16682880,556540876,1472067277
2021-09-28,20466851,893720715,94000,16478180,568497211,1462217926
2021-09-29,40078134,847582302,205500,16454280,598771249,1446353551
2021-09-30,50462287,869988246,125900,16368825,575364198,1445352444
2021-10-08,40571783,854535598,130300,16444416,596274523,1450810121
2021-10-11,49798073,848161314,461866,16793582,631438683,1479599997
2021-10-12,62374215,868427234,158708,16929490,646706518,1515133752
2021-10-13,30521009,853767081,80048,16915938,648726222,1502493303
2021-10-14,42898060,872540786,54000,16564338,614702583,1487243369
2021-10-15,27051832,863591219,77100,14268620,536500112,1400091331
2021-10-18,19803922,851423896,92352,14302572,531626601,1383050497
2021-10-19,32878199,863244853,102400,13982072,524187880,1387432733
2021-10-20,42096887,887761605,137300,12719487,468204316,1355965921
2021-10-21,35193889,853134159,548519,12776302,485882765,1339016924
2021-10-22,34589726,841244194,112900,12777722,486320099,1327564293
2021-10-25,60127728,866055629,95384,12747706,492571359,1358626988
2021-10-26,39233493,868069275,169300,12761106,494237635,1362306910
2021-10-27,24783046,866876115,65544,12660568,486798839,1353674954
2021-10-28,57243725,891116482,116057,11624156,440323027,1331439509
2021-10-29,33321741,868478132,359200,11628956,444226119,1312704251
2021-11-01,29026233,801924846,288900,11850356,469274099,1271198945
2021-11-02,57892031,825481246,249700,11418266,436177761,1261659007
2021-11-03,14618241,802039812,77700,10319103,395840792,1197880604
2021-11-04,37606934,807013492,145700,10159103,384623640,1191637132
2021-11-05,28507999,807809084,73200,9914999,369829463,1177638547
2021-11-08,25979069,808926249,143500,9905699,368888231,1177814480
2021-11-09,29182630,817948806,131500,9911599,364845960,1182794766
2021-11-10,20067567,810266321,104400,9818599,364466396,1174732717
2021-11-11,36771283,802088574,231700,9946799,387129416,1189217990
2021-11-12,10666021,781258123,103700,9478897,369866561,1151124684
2021-11-15,9188951,770367397,88273,9424970,373794310,1144161707
2021-11-16,21392664,757923002,115500,9218394,365970241,1123893243
2021-11-17,37336032,766532954,87300,8673771,335588200,1102121154
2021-11-18,24659533,768226549,277818,8890416,338902660,1107129209
2021-11-19,54286983,787320366,114543,4695100,181982077,969302443
2021-11-22,119025160,859804973,381827,4545468,171000508,1030805481
2021-11-23,24652293,814073268,94999,3567448,138702378,952775646
2021-11-24,0,809634238,0,3566948,138682938,948317176
2021-11-25,0,806197564,0,3545504,137849195,944046759
2021-11-26,0,799216955,0,3515504,136682795,935899750
2021-11-29,0,795517652,0,3515504,136682795,932200447
2021-11-30,0,791970598,0,3505804,136305659,928276257
2021-12-01,0,789727621,0,3492802,135800141,925527762
2021-12-02,62580406,813809164,20600,2684008,98288374,912097538
2021-12-03,22955767,762160615,290800,2605808,101548338,863708953
2021-12-06,32568476,771505655,315000,2840997,109435205,880940860
2021-12-07,43703524,780151560,34700,2827897,108167060,888318620
2021-12-08,42944359,794010830,74600,2869097,110976672,904987502
2021-12-09,42389739,765606366,42300,2871797,114039058,879645424
2021-12-10,34890037,775772521,56300,2910197,115534821,891307342
2021-12-13,57804420,798837108,20800,2838297,109302817,908139925
2021-12-14,39481686,812569538,22000,2834353,107563696,920133234
2021-12-15,31450818,819475134,76175,2898575,110783537,930258671
2021-12-16,17626728,791775527,112569,2977144,115989530,907765057
2021-12-17,53182082,792855151,53227,2999771,117501030,910356181
2021-12-20,28702263,786002965,65370,2981984,117370889,903373854
2021-12-21,50008823,802971986,153218,3125202,120945317,923917303
2021-12-22,45865905,828936223,23200,3103102,117917876,946854099
2021-12-23,40481299,817984296,26780,3060622,117068792,935053088
2021-12-24,38472662,805938476,12400,3019502,115918682,921857158
2021-12-27,68155777,851495530,79880,3056882,114847057,966342587
2021-12-28,29222171,844635123,49900,3060262,115830918,960466041
2021-12-29,21145022,843497044,37400,3062370,114593885,958090929
2021-12-30,17738301,815558112,40600,3055462,116718649,932276761
2021-12-31,15672412,805644433,208660,3231722,123710319,929354752
2022-01-04,28433571,806406020,64160,3178932,119845736,926251756
2022-01-05,31372125,769020486,72630,3133747,121683397,890703883
2022-01-06,15436195,752137301,53428,3119972,121242112,873379413
2022-01-07,18180467,732818351,90700,3169892,124576756,857395107
2022-01-10,68017846,760201329,63390,3147432,122561002,882762331
2022-01-11,65210782,787442389,54700,3085932,118561507,906003896
2022-01-12,28590146,767394591,34500,3072832,118611315,886005906
2022-01-13,69475727,804992301,49110,3039362,114462372,919454673
2022-01-14,50567860,828629099,63400,3045362,111460249,940089348
2022-01-17,55917337,861811591,44090,2965435,107793563,969605154
2022-01-18,35473665,763656197,256100,3139854,121951930,885608127
2022-01-19,22199606,725707730,43850,2942165,116097830,841805560
2022-01-20,35248845,707753326,132710,3018375,122546025,830299351
2022-01-21,36242632,706208159,70638,2964902,118507133,824715292
2022-01-24,29341979,721336480,67100,2762142,109739901,831076381
2022-01-25,11671365,699440068,67622,2720798,108587047,808027115
2022-01-26,15398865,692346615,43650,2682026,107281040,799627655
2022-01-27,12802021,681290207,51500,2665953,106904715,788194922
2022-01-28,28760807,686925079,90500,2680053,104763273,791688352
2022-02-07,20058524,668880779,73400,2727253,111544648,780425427
2022-02-08,51551756,700366751,51400,2698653,109295448,809662199
2022-02-09,78300186,749363691,199100,2767753,110018182,859381873
2022-02-10,52081601,743268550,60700,2437154,97729875,840998425
2022-02-11,16760152,691472823,80400,2464654,100853641,792326464
2022-02-14,31118511,704821782,83800,2468854,98285077,803106859
2022-02-15,44799537,733100146,60500,2457154,96099293,829199439
2022-02-16,25058203,728941207,49200,2395692,94510049,823451256
2022-02-17,25073409,718032502,47500,2370792,95021344,813053846
2022-02-18,29616323,718642704,49500,1663792,66767972,785410676
2022-02-21,12729607,712307943,14300,1555422,61812471,774120414
2022-02-22,11599024,710376185,30800,1553321,61449378,771825563
2022-02-23,57994335,752806520,71400,1527182,59651729,812458249
2022-02-24,36483539,755526796,32900,1523682,58296072,813822868
2022-02-25,53612507,783826478,119091,1588473,60012510,843838988
2022-02-28,20984723,774681702,58600,1626432,61967059,836648761
2022-03-01,24087973,750451972,51000,1632932,62769907,813221879
2022-03-02,23064329,749881193,44580,1629912,62115946,811997139
2022-03-03,15492292,695953395,88000,1669932,65795321,761748716
2022-03-04,20966531,678956920,60200,1655432,63982448,742939368
2022-03-07,31434179,696774924,79800,1652832,61733275,758508199
2022-03-08,28585662,707565015,72000,1667932,60829481,768394496
2022-03-09,26816807,702996428,35860,1522992,55010472,758006900
2022-03-10,26990936,706718253,192190,1644982,59860895,766579148
2022-03-11,25748065,708999532,152768,1721050,62250379,771249911
2022-03-14,32909809,719467239,171180,1822330,62615259,782082498
2022-03-15,50695422,728496429,102300,1836887,58817122,787313551
2022-03-16,45623601,722305669,136600,1870127,63116786,785422455
2022-03-17,33434378,699951535,222800,2059827,71681980,771633515
2022-03-18,45121890,717384902,33800,1958827,67540355,784925257
2022-03-21,34708740,715184858,55600,1950727,67963329,783148187
2022-03-22,29526613,715925809,134700,1999627,70106922,786032731
2022-03-23,11528928,692572895,113500,1721727,61448437,754021332
2022-03-24,63878338,718127099,73400,1612527,58534730,776661829
2022-03-25,44711113,733244995,160000,1702927,61475665,794720660
2022-03-28,49121112,770669513,60978,1610605,57804614,828474127
2022-03-29,6243014,755545144,114800,1482005,54552603,810097747
2022-03-30,20497315,761162704,87200,1445605,53617490,814780194
2022-03-31,17043582,755397816,85490,1510895,56492364,811890180
2022-04-01,13063118,741967066,167200,1489215,57334778,799301844
2022-04-06,25715870,748359208,264717,1685032,65598295,813957503
2022-04-07,24076411,737523813,231312,1856544,71941080,809464893
2022-04-08,13139703,711836522,114660,1913214,75897200,787733722
2022-04-11,25011805,708168345,76799,1866953,74118034,782286379
2022-04-12,29433982,720608585,118633,1858687,71708144,792316729
2022-04-13,9626607,710017538,109480,1883034,73042889,783060427
2022-04-14,74755648,764616862,132200,1731324,65045843,829662705
2022-04-15,35712395,746219907,144934,1627037,62331788,808551695
2022-04-18,18303511,728350489,153350,1651801,63098798,791449287
2022-04-19,35716256,741225599,187660,1622641,61141113,802366712
2022-04-20,19061867,739208530,150000,1621741,59971981,799180511
2022-04-21,28431521,734596093,144250,1598431,58886199,793482292
2022-04-22,24198796,725659375,167440,1520303,56266413,781925788
2022-04-25,26445620,719471084,200727,1524330,53427766,772898850
2022-04-26,27826193,713688191,362397,1775927,62423834,776112025
2022-04-27,32157784,709261518,73360,1696375,59508835,768770353
2022-04-28,33156471,703599870,166749,1694024,61493071,765092941
2022-04-29,28928953,701132704,132000,1706624,61967518,763100222
2022-05-05,38397020,715647853,73600,1705424,61958054,777605907
2022-05-06,25023092,715614002,102200,1723214,61691062,777305064
2022-05-09,20191876,713258051,31300,1628064,57145047,770403098
2022-05-10,43408870,738224595,149000,1635764,56106705,794331300
2022-05-11,32402265,741296869,98550,1661754,57097867,798394736
2022-05-12,18875708,735691949,29406,1671060,56782618,792474567
2022-05-13,24589056,738715790,24100,1667460,56943760,795659550
2022-05-16,33643569,741714996,52400,1640560,55040787,796755783
2022-05-17,33068528,744170016,88500,1646215,56020696,800190712
2022-05-18,65340639,775993690,71300,1662915,55258664,831252354
2022-05-19,42580894,801316661,23600,1660115,54036743,855353404
2022-05-20,55465581,793912730,99900,1712909,57142643,851055373
