日期,融资买入额(元),融资余额(元),融券卖出量,融券余量,融券余额(元),融资融券余额(元)
2017-07-12,4320783,514376501,12600,72653,773028,515149529
2017-07-13,9799601,511149492,23200,83253,891640,512041132
2017-07-14,5857572,510575389,12600,82853,877413,511452802
2017-07-17,14092323,493879480,13000,73053,707884,494587364
2017-07-18,6477867,488863777,22800,82853,802846,489666623
2017-07-19,11239324,491032637,13000,73053,712267,491744904
2017-07-20,8110631,487141502,22800,82853,809474,487950976
2017-07-21,13778148,489565776,0,22913,224089,489789865
2017-07-24,11104669,490006033,13000,13113,127983,490134016
2017-07-25,6412495,487740012,22800,22913,222027,487962039
2017-07-26,6020233,483930286,13000,35913,346560,484276846
2017-07-27,19617532,495744549,0,113,1112,495745661
2017-07-28,7572990,488407851,30900,31013,302997,488710848
2017-07-31,9836015,489573283,4900,5013,48877,489622160
2017-08-01,16603378,491133761,30900,31013,311060,491444821
2017-08-02,11437843,490249760,4900,4963,48737,490298497
2017-08-03,12503210,494283056,30850,30913,306039,494589095
2017-08-04,46710509,484178753,4900,5013,54291,484233044
2017-08-07,24452836,481334692,0,52,540,481335232
2017-08-08,22530267,488502484,35900,35952,365991,488868475
2017-08-09,12208520,485589676,0,52,533,485590209
2017-08-10,15795538,480773791,85900,85952,888744,481662535
2017-08-11,17903607,480376417,0,50052,511031,480887448
2017-08-14,15578010,477139723,0,30052,320054,477459777
2017-08-15,51356687,493684753,55900,85952,947191,494631944
2017-08-16,24448790,486499834,5000,35052,382768,486882602
2017-08-17,16796967,480068612,16500,51552,558308,480626920
2017-08-18,12582371,479847801,24850,24902,264957,480112758
2017-08-21,9245701,481151311,0,20102,214488,481365799
2017-08-22,16073439,486654578,2950,23052,247348,486901926
2017-08-23,6608260,485996560,0,20152,213410,486209970
2017-08-24,5734238,486145245,40700,60852,638337,486783582
2017-08-25,24507347,482544328,35000,75852,820719,483365047
2017-08-28,44258313,499776632,20000,50152,552174,500328806
2017-08-29,39088020,486354154,55700,105852,1209888,487564042
2017-08-30,20984654,472694065,0,50152,576246,473270311
2017-08-31,12051953,465429625,0,50152,574742,466004367
2017-09-01,12032713,454159928,19950,55102,633673,454793601
2017-09-04,24887105,460143342,0,50102,573167,460716509
2017-09-05,15698157,457610613,35400,85502,972158,458582771
2017-09-06,44108122,465978013,34900,85152,982654,466960667
2017-09-07,22941838,463194417,35700,120852,1389798,464584215
2017-09-08,33718248,474535651,10000,95152,1103763,475639414
2017-09-11,40225125,479303217,35700,105852,1245878,480549095
2017-09-12,23561531,469963495,10000,80152,947397,470910892
2017-09-13,14208504,472496782,35700,110852,1300294,473797076
2017-09-14,56631945,501215273,55000,165852,2003492,503218765
2017-09-15,26648788,494121625,0,95452,1159742,495281367
2017-09-18,13895867,484603411,0,69252,835872,485439283
2017-09-19,25246993,488799233,26650,90902,1090824,489890057
2017-09-20,12214669,480240129,25000,77402,928824,481168953
2017-09-21,23591100,488315314,33500,90902,1068099,489383413
2017-09-22,40753080,494240760,20000,75102,909485,495150245
2017-09-25,36326619,496754974,35800,50902,605734,497360708
2017-09-26,17960044,487073069,0,25252,300751,487373820
2017-09-27,8199453,483127892,0,5052,59412,483187304
2017-09-28,15173797,469043078,0,5052,58098,469101176
2017-09-29,12951370,464625930,15000,15052,173098,464799028
2017-10-09,14933349,458784092,23300,38352,446801,459230893
2017-10-10,32706218,465295582,17400,32502,389699,465685281
2017-10-11,70913608,472886675,68100,90602,1137055,474023730
2017-10-12,34973457,465220247,15000,65102,817030,466037277
2017-10-13,116361117,518783992,70800,125902,1656870,520440862
2017-10-16,83901129,555515348,0,95902,1250562,556765910
2017-10-17,76129472,561457186,30000,80102,1061352,562518538
2017-10-18,68423223,563959867,35800,85902,1082365,565042232
2017-10-19,53764641,568652950,10000,60102,727234,569380184
2017-10-20,70144898,581747057,75800,135902,1758572,583505629
2017-10-23,54324649,601011681,0,94502,1224746,602236427
2017-10-24,36715160,602097696,7600,67702,857784,602955480
2017-10-25,46423159,586492236,1200,37302,473362,586965598
2017-10-26,38937299,594935689,0,36702,457674,595393363
2017-10-27,25899981,583899251,52489,89191,1108644,585007895
2017-10-30,21842695,582888676,14994,85685,1019652,583908328
2017-10-31,16255238,567768687,10000,46185,554682,568323369
2017-11-01,16876774,562697692,7500,43685,523346,563221038
2017-11-02,18394387,566454441,45700,81885,974432,567428873
2017-11-03,35617436,582447309,0,46166,540142,582987451
2017-11-06,17378869,585240951,0,10166,119044,585359995
2017-11-07,18026752,590544472,90700,100866,1187193,591731665
2017-11-08,43745257,586091641,65000,115066,1385395,587477036
2017-11-09,22428638,578784619,0,75066,900792,579685411
2017-11-10,25954656,583260022,0,75033,891392,584151414
2017-11-13,22758271,580079062,11900,76933,890884,580969946
2017-11-14,27116603,587847730,20000,76933,857803,588705533
2017-11-15,10033088,579123182,37500,102533,1149395,580272577
2017-11-16,19402718,573895200,21300,76333,851113,574746313
2017-11-17,13929053,566824488,19200,84233,880235,567704723
2017-11-20,8607948,562100167,1300,51433,532846,562633013
2017-11-21,4756629,555315919,25489,75622,764538,556080457
2017-11-22,8434028,553940837,1300,51422,515248,554456085
2017-11-23,9575331,545426942,25450,75572,743628,546170570
2017-11-24,6805742,545208621,1300,51372,506014,545714635
2017-11-27,5394344,543742848,10600,60672,589125,544331973
2017-11-28,7948719,547355309,0,50072,489704,547845013
2017-11-29,9594710,544997017,36800,86872,861770,545858787
2017-11-30,7006874,541171076,0,50028,494777,541665853
2017-12-01,7798502,541710790,0,50028,495277,542206067
2017-12-04,4463500,539874844,19986,70014,688938,540563782
2017-12-05,6304951,534934277,6900,15014,144435,535078712
2017-12-06,4823186,533631566,6400,6514,62404,533693970
2017-12-07,6908569,536345199,0,6514,63186,536408385
2017-12-08,5037072,536633065,0,6514,63316,536696381
2017-12-11,10025487,541836312,45400,45514,443762,542280074
2017-12-12,6302322,539598718,0,25114,245113,539843831
2017-12-13,6311724,540566506,0,25114,244862,540811368
2017-12-14,6886704,540317413,11000,36114,357529,540674942
2017-12-15,6497184,538243345,39900,40014,395338,538638683
2017-12-18,5175508,533148253,0,40014,394938,533543191
2017-12-19,8857846,537248101,16900,56914,557757,537805858
2017-12-20,6842221,536278938,25000,81914,779002,537057940
2017-12-21,5661335,534622160,0,55114,521930,535144090
2017-12-22,4936773,533368517,30000,85114,803476,534171993
2017-12-25,5825674,532031621,1000,56114,522982,532554603
2017-12-26,8027712,532060706,25800,81914,762619,532823325
2017-12-27,4087086,529615438,0,31914,293609,529909047
2017-12-28,7137802,529764730,0,31914,293290,530058020
2017-12-29,7989894,526385759,35100,67014,629932,527015691
2018-01-02,7078109,526466518,0,67014,625911,527092429
2018-01-03,13479268,523651729,34850,86964,842681,524494410
2018-01-04,25146566,528682679,3100,70064,692232,529374911
2018-01-05,10692133,521396866,20000,90064,911448,522308314
2018-01-08,20446160,523212141,11800,30514,307581,523519722
2018-01-09,11912274,518467565,4997,35511,347298,518814863
2018-01-10,19225895,523832700,66400,96914,957510,524790210
2018-01-11,21349428,517019532,5000,10114,101848,517121380
2018-01-12,31011362,509543062,91750,96864,987044,510530106
2018-01-15,17359577,504792910,0,71864,685583,505478493
2018-01-16,9363202,498049821,5000,18864,179774,498229595
2018-01-17,15526521,494478109,16100,21164,203386,494681495
2018-01-18,5522725,494600974,13800,21964,208438,494809412
2018-01-19,6987759,484764834,13000,34964,326913,485091747
2018-01-22,16988723,490212376,21900,21964,207340,490419716
2018-01-23,5203609,482677303,26800,26864,254133,482931436
2018-01-24,10709425,484758226,43700,43764,421447,485179673
2018-01-25,11677033,481175691,33100,33164,318374,481494065
2018-01-26,8709151,478722560,43700,50064,489125,479211685
2018-01-29,15345799,481176074,46800,96864,946361,482122435
2018-01-30,123326978,550811043,0,72064,774688,551585731
2018-01-31,96901978,522461358,24800,34264,360800,522822158
2018-02-01,74775994,544112082,92598,92662,878436,544990518
2018-02-02,33431516,506655763,34200,64264,613079,507268842
2018-02-05,36279974,496059536,62600,92664,972045,497031581
2018-02-06,114868710,513140310,34200,64264,659349,513799659
2018-02-07,60940651,522918418,12600,42664,439013,523357431
2018-02-08,52844819,521259959,34200,64264,628502,521888461
2018-02-09,36689037,492882352,81200,111264,979123,493861475
2018-02-12,15501442,487501386,44300,94364,829460,488330846
2018-02-13,34807469,494766606,62500,156864,1389815,496156421
2018-02-14,30915719,484941115,0,156864,1476090,486417205
2018-02-22,66959156,501527554,21300,148164,1533497,503061051
2018-02-23,64683403,521226539,38700,90064,934864,522161403
2018-02-26,76171601,526737153,102900,182928,1937208,528674361
2018-02-27,72368279,510190600,14000,111828,1199914,511390514
2018-02-28,64615619,523254869,80100,180128,1930972,525185841
2018-03-01,122071890,547634212,26800,121828,1394931,549029143
2018-03-02,105406379,555814789,90050,160078,1826490,557641279
2018-03-05,92071040,558718624,36800,81928,940533,559659157
2018-03-06,75106531,562206580,110000,180028,2043318,564249898
2018-03-07,110447620,577711587,61900,155328,1821997,579533584
2018-03-08,92727514,593238437,55800,211128,2322408,595560845
2018-03-09,72412002,602355887,25800,215028,2416915,604772802
2018-03-12,156772924,600136659,36900,181928,2199510,602336169
2018-03-13,73699403,606087271,25000,150028,1770330,607857601
2018-03-14,69398308,613200508,76900,151928,1797308,614997816
2018-03-15,72693686,597537407,60000,146928,1742566,599279973
2018-03-16,88094160,599964706,130000,241928,2944264,602908970
2018-03-19,69007843,615460663,25000,195028,2344237,617804900
2018-03-20,52444712,615919134,21900,161928,1862172,617781306
2018-03-21,47496733,613700229,35000,156928,1795256,615495485
2018-03-22,52056692,600270140,111750,233678,2589152,602859292
2018-03-23,50611061,586199974,109900,199928,1999280,588199254
2018-03-26,36101362,585648988,61000,187228,1920959,587569947
2018-03-27,59372033,595285798,83800,210028,2289305,597575103
2018-03-28,93987202,629144840,73400,148428,1666846,630811686
2018-03-29,28928610,622237411,36700,153128,1722690,623960101
2018-03-30,85668310,649433153,145450,280178,3306100,652739253
2018-04-02,98109813,678159654,21900,228628,2752681,680912335
2018-04-03,140690960,728327710,55000,161928,2037054,730364764
2018-04-04,102257366,754233151,139600,256528,3293820,757526971
2018-04-09,92976193,765281757,84000,257828,3222850,768504607
2018-04-10,75307601,721253171,74400,248928,2800440,724053611
2018-04-11,85449840,757556750,62600,204528,2356163,759912913
2018-04-12,156181189,820887762,126400,293428,3717733,824605495
2018-04-13,108660170,831365519,44800,294728,3796097,835161616
2018-04-16,0,816495471,1000,260728,3694516,820189987
2018-04-17,355039716,818575825,57900,270828,3696802,822272627
2018-04-18,194369023,844611677,58700,251628,3203224,847814901
2018-04-19,221215508,858955459,128350,302478,3829371,862784830
2018-04-20,152751369,840449687,100700,288078,3347466,843797153
2018-04-23,71169825,808612759,86900,335078,3933816,812546575
2018-04-24,82481310,790396407,46800,154928,1837446,792233853
2018-04-25,103788674,778689629,105000,221828,2584296,781273925
2018-04-26,78032070,749927235,23200,183228,2042992,751970227
2018-04-27,50661980,722104687,76800,180028,2021714,724126401
2018-05-02,56788285,714363032,102800,187828,2032299,716395331
2018-05-03,56855325,700538104,34900,119928,1309614,701847718
2018-05-04,48247773,683594478,125000,244928,2708904,686303382
2018-05-07,58674539,695269222,41100,224528,2516959,697786181
2018-05-08,149909772,720395172,105800,227528,2698482,723093654
2018-05-09,98778159,717079709,60000,209828,2459184,719538893
2018-05-10,135201212,722545061,92300,224428,2764953,725310014
2018-05-11,80684623,710379926,60399,204327,2486660,712866586
2018-05-14,65153508,672059083,45000,191828,2244388,674303471
2018-05-15,88608343,703746217,88600,238728,2879060,706625277
2018-05-16,220765360,745734300,111900,284028,3635558,749369858
2018-05-17,125949284,758329320,9200,237328,2942867,761272187
2018-05-18,111634544,755512324,80500,270528,3395126,758907450
2018-05-21,133056869,751483264,59100,239018,3054650,754537914
2018-05-22,83641965,749432548,32000,261718,3326436,752758984
2018-05-23,147388032,775194957,91800,303518,3866819,779061776
2018-05-24,174585989,804136296,78300,311728,4096106,808232402
2018-05-25,110926660,797277640,76400,346628,4599754,801877394
2018-05-28,143695849,787451223,56500,318228,4308807,791760030
2018-05-29,126639710,777617838,46000,286028,3695482,781313320
2018-05-30,90550479,741507615,80600,233528,2797665,744305280
2018-05-31,50282757,724294387,26100,225728,2751624,727046011
2018-06-01,60647110,701686862,96700,295728,3374256,705061118
2018-06-04,39547973,696717745,63800,236328,2698866,699416611
2018-06-05,27846546,685593228,22500,182328,2116828,687710056
2018-06-06,47085528,686790076,60650,204478,2404661,689194737
2018-06-07,66401768,681604869,157200,321778,3594260,685199129
2018-06-08,39838314,661274609,67800,269378,2855407,664130016
2018-06-11,55818700,656015723,126300,338128,3851278,659867001
2018-06-12,46491849,659568075,25000,234828,2604243,662172318
2018-06-13,29250968,660201796,79200,276528,3022451,663224247
2018-06-14,35330745,653414014,91100,322628,3381141,656795155
2018-06-15,48885130,647279595,64800,259528,2813284,650092879
2018-06-19,29315992,614232520,77750,201778,1969353,616201873
2018-06-20,31516336,604601345,127000,300028,2826264,607427609
2018-06-21,35598870,593689601,34600,160928,1411339,595100940
2018-06-22,16526450,579426225,77300,209828,1869567,581295792
2018-06-25,10407855,572555988,42850,212178,1877776,574433764
2018-06-26,14738700,572369524,51600,221428,1997281,574366805
2018-06-27,16877818,576800346,82200,303628,2693180,579493526
2018-06-28,8491768,568383335,20000,251428,2124567,570507902
2018-06-29,11563730,562528280,35000,168928,1503459,564031739
2018-07-02,11176187,555260668,98200,192128,1696490,556957158
2018-07-03,16020992,558264747,4000,144328,1294622,559559369
2018-07-04,11161142,551779176,34400,169728,1469844,553249020
2018-07-05,16324164,551703082,155344,285172,2463886,554166968
2018-07-06,19249742,543890693,35400,228072,1861068,545751761
2018-07-09,10607300,543479309,12500,193828,1595204,545074513
2018-07-10,11344387,540274782,84400,270728,2244335,542519117
2018-07-11,11800541,533568708,21800,253228,2008098,535576806
2018-07-12,12631884,531846904,10800,187328,1526723,533373627
2018-07-13,8131589,529000750,22500,209828,1718491,530719241
2018-07-16,8066261,527350375,5200,59228,476193,527826568
2018-07-17,20595299,525056224,166400,215628,1811275,526867499
2018-07-18,11298011,526405215,10800,152128,1250492,527655707
2018-07-19,12942228,521257695,63600,208928,1717388,522975083
2018-07-20,23354743,487223674,0,144828,1167314,488390988
2018-07-23,13367181,482465356,43200,148028,1176823,483642179
2018-07-24,29981382,497108924,55000,134828,1086714,498195638
2018-07-25,25058850,490928422,101900,206728,1697237,492625659
2018-07-26,27062566,486824486,56200,191028,1570250,488394736
2018-07-27,12374633,484796944,11900,136728,1114333,485911277
2018-07-30,7899683,478947361,29000,85128,671660,479619021
2018-07-31,7335116,480007486,10000,73028,577651,480585137
2018-08-01,8005657,475247845,50500,115528,911516,476159361
2018-08-02,10326313,465913148,81400,150928,1095737,467008885
2018-08-03,9594154,461715067,68800,147828,1020013,462735080
2018-08-06,6342823,457652586,75600,194628,1337094,458989680
2018-08-07,10778275,457469717,3000,157028,1116469,458586186
2018-08-08,5718510,452857542,15900,87928,612858,453470400
2018-08-09,11760064,455368957,110600,185028,1321100,456690057
2018-08-10,6009741,448649367,5000,120028,859400,449508767
2018-08-13,8852280,449717422,0,75028,537200,450254622
2018-08-14,8419070,448648048,46900,121928,871785,449519833
2018-08-15,10058092,445067572,86700,162728,1155369,446222941
2018-08-16,4757633,444325480,12900,135628,945327,445270807
2018-08-17,4341248,426607271,2700,132728,910514,427517785
2018-08-20,9923097,429964764,101400,224628,1585874,431550638
2018-08-21,9419525,426888173,6600,132728,935732,427823905
2018-08-22,5835024,426080832,23300,122728,843141,426923973
2018-08-23,5502859,425557764,47400,142128,976419,426534183
2018-08-24,3168874,413407944,32500,170628,1117613,414525557
2018-08-27,8170746,413270687,0,138728,932252,414202939
2018-08-28,4143533,410219773,0,138728,935027,411154800
2018-08-29,4027086,408319921,12550,149778,1003513,409323434
2018-08-30,6187659,407445384,0,139778,909955,408355339
2018-08-31,8219202,405252679,50900,186678,1172338,406425017
2018-09-03,4216381,405154268,40000,194778,1207624,406361892
2018-09-04,7354385,408531247,15900,146678,915271,409446518
2018-09-05,8040566,405993968,20000,152228,913368,406907336
2018-09-06,6549407,404660316,46900,176628,1047404,405707720
2018-09-07,1340512,400051241,0,146628,956015,401007256
2018-09-10,24735016,397638326,55000,184728,1228441,398866767
2018-09-11,18169414,402820961,8900,168628,1072474,403893435
2018-09-12,11192005,405035677,17700,148428,924706,405960383
2018-09-13,14158506,407757322,5000,134728,844745,408602067
2018-09-14,12021007,406100489,33700,166628,1008099,407108588
2018-09-17,6340644,405373385,3000,119728,720763,406094148
2018-09-18,8766914,399768968,166900,281628,1746094,401515062
2018-09-19,15123440,405439508,4950,131678,816404,406255912
2018-09-20,32197421,404194143,91900,223578,1524802,405718945
2018-09-21,55637155,388286527,63000,189778,1360708,389647235
2018-09-25,52143327,382842883,96800,269778,2128548,384971431
2018-09-26,64270256,405733042,16800,221678,1706921,407439963
2018-09-27,73963554,432280496,4900,149778,1087388,433367884
2018-09-28,43642598,425320796,16800,131678,942814,426263610
2018-10-08,34319802,427957666,90000,144728,1030463,428988129
2018-10-09,43674778,439469408,11900,76628,540227,440009635
2018-10-10,37159505,434362848,140000,194728,1415673,435778521
2018-10-11,21285491,423824563,500,85228,557391,424381954
2018-10-12,19157742,416192976,11400,66128,438429,416631405
2018-10-15,44587568,402576766,190500,245228,1709239,404286005
2018-10-16,28076256,393830101,11400,146128,1015590,394845691
2018-10-17,25606344,383219509,50500,145228,1029667,384249176
2018-10-18,17317645,369926362,99800,194528,1248870,371175232
2018-10-19,23095487,377212251,2100,96828,632287,377844538
2018-10-22,37121826,381211956,159800,253528,1779767,382991723
2018-10-23,32067311,363610538,100,93828,680253,364290791
2018-10-24,19363296,364556976,11800,105528,752415,365309391
2018-10-25,22295556,361029822,150100,243828,1816519,362846341
2018-10-26,15393342,352670779,11800,115528,849131,353519910
2018-10-29,17996250,359580180,100,103828,730949,360311129
2018-10-30,20785633,366138554,11800,105628,749959,366888513
2018-10-31,19814486,366993281,0,93728,654221,367647502
2018-11-01,27905972,366743028,41900,135628,930408,367673436
2018-11-02,45070882,372377599,120000,213728,1553803,373931402
2018-11-05,30608225,372068425,41900,135628,1002291,373070716
2018-11-06,23760055,374861895,65000,158728,1150778,376012673
2018-11-07,56616166,388710828,96900,190628,1429710,390140538
2018-11-08,36251132,390702042,50000,143728,1057838,391759880
2018-11-09,19870360,383203520,100000,193728,1429713,384633233
2018-11-12,41990547,398098446,11900,105628,796435,398894881
2018-11-13,53311886,396352009,90000,183728,1422055,397774064
2018-11-14,30800627,392867771,0,143728,1079397,393947168
2018-11-15,32137136,394054474,109200,202928,1554428,395608902
2018-11-16,28978580,390169240,2700,96428,733817,390903057
2018-11-19,24808454,385852437,19200,103628,779283,386631720
2018-11-20,24152205,380659125,85000,166728,1217114,381876239
2018-11-21,14542981,377063897,11900,93628,676930,377740827
2018-11-22,11219715,377166649,40000,133628,950095,378116744
2018-11-23,9388479,368928607,0,81728,548395,369477002
2018-11-26,7101908,368262704,41900,123628,825835,369088539
2018-11-27,9378016,368660901,0,81728,557385,369218286
2018-11-28,26524058,380255221,161200,242928,1705355,381960576
2018-11-29,18313825,377632784,700,92528,619938,378252722
2018-11-30,10289895,378553993,41100,120828,797465,379351458
2018-12-03,19380744,374301229,70800,150528,1019075,375320304
2018-12-04,19182261,376536798,91100,181628,1247784,377784582
2018-12-05,31813327,366384296,62000,151728,1043889,367428185
2018-12-06,23968458,378073480,91900,181628,1207826,379281306
2018-12-07,11980404,374039607,60000,149728,1025637,375065244
2018-12-10,9955443,374776615,41900,119628,806293,375582908
2018-12-11,36023470,381740931,120000,209628,1500936,383241867
2018-12-12,27672657,388722435,0,99628,694407,389416842
2018-12-13,30210850,403686545,0,98028,689137,404375682
2018-12-14,51439763,400942523,140000,227728,1614592,402557115
2018-12-17,21453651,385168793,11900,99628,686437,385855230
2018-12-18,11207601,378007634,30000,107728,727164,378734798
2018-12-19,19378767,381210661,131900,209628,1423374,382634035
2018-12-20,23690612,385483115,0,77728,538655,386021770
2018-12-21,23874455,382365167,103100,180828,1263988,383629155
2018-12-24,45803935,396574815,31300,142128,1024743,397599558
2018-12-25,79208307,412567774,41500,119228,894210,413461984
2018-12-26,66866586,412842146,64400,183028,1352577,414194723
2018-12-27,61708354,423468389,0,81128,604404,424072793
2018-12-28,33034605,406602820,52500,133628,971476,407574296
2019-01-02,56520312,415602990,0,91728,687960,416290950
2019-01-03,30735994,407431606,34800,116528,845993,408277599
2019-01-04,65087492,420464992,10000,110628,833029,421298021
2019-01-07,67297980,429932001,83000,160728,1224747,431156748
2019-01-08,76169856,430680654,32900,151728,1186513,431867167
2019-01-09,71023439,425372211,41900,153628,1219806,426592017
2019-01-10,123254212,459710309,50000,161728,1342342,461052651
2019-01-11,87609658,463545625,41900,133628,1093077,464638702
2019-01-14,63031499,449453401,30000,163628,1255027,450708428
2019-01-15,46271170,456541665,1100,142828,1095491,457637156
2019-01-16,38375473,455963141,10000,152828,1144682,457107823
2019-01-17,39535845,456841877,51900,164728,1233813,458075690
2019-01-18,31583812,459388063,0,120728,886144,460274207
2019-01-21,36210717,462463079,54000,174728,1322691,463785770
2019-01-22,25272387,464414472,0,120728,892180,465306652
2019-01-23,15082543,461022664,4000,124728,915504,461938168
2019-01-24,29371551,457824272,15000,139728,1042371,458866643
2019-01-25,15704630,450390408,0,135728,992172,451382580
2019-01-28,32798287,449687198,21700,156328,1172460,450859658
2019-01-29,25359014,433666644,19500,127228,888051,434554695
2019-01-30,16389902,420902682,51900,159628,1034389,421937071
2019-01-31,13193344,413986348,34000,171728,1062996,415049344
2019-02-01,7380840,405318853,0,121728,788797,406107650
2019-02-11,15697755,408762380,30000,151728,1018095,409780475
2019-02-12,29385699,417866875,21900,173628,1201506,419068381
2019-02-13,48962579,428084045,30000,149628,1093781,429177826
2019-02-14,27129966,433152418,10000,129628,928136,434080554
2019-02-15,18026023,437438651,14000,143628,1029813,438468464
2019-02-18,45212195,450739958,30000,149628,1107247,451847205
2019-02-19,47048611,450376561,29000,136728,1010420,451386981
2019-02-20,49159614,447328984,36900,129628,987765,448316749
2019-02-21,67207183,457389744,32800,110528,835592,458225336
2019-02-22,68424679,425381538,73100,150828,1167409,426548947
2019-02-25,89722010,433096832,42300,133128,1088987,434185819
2019-02-26,88957751,443880942,70500,150528,1208740,445089682
2019-02-27,61623662,451596109,53100,133128,1042392,452638501
2019-02-28,51219260,452053697,70500,150528,1196698,453250395
2019-03-01,43192044,452985969,13100,123628,975425,453961394
2019-03-04,97077340,482847917,50000,131728,1053824,483901741
2019-03-05,77481227,491063545,61952,143680,1188234,492251779
2019-03-06,89331287,465551152,14900,106628,896741,466447893
2019-03-07,177345280,524400116,97000,193728,1791984,526192100
2019-03-08,150815587,539379647,9900,91628,823736,540203383
2019-03-11,77254335,537172933,32000,123628,1149740,538322673
2019-03-12,95907674,500567130,30000,111728,1030132,501597262
2019-03-13,60706017,498712045,11900,123628,1078036,499790081
2019-03-14,44764739,494623190,15000,131928,1095002,495718192
2019-03-15,32915251,496300883,14400,93828,783464,497084347
2019-03-18,42831981,495770758,7500,86928,741496,496512254
2019-03-19,48154748,469976742,99400,178828,1595146,471571888
2019-03-20,42526075,460587917,10400,119828,1082047,461669964
2019-03-21,88340654,487685127,56100,166328,1523564,489208691
2019-03-22,77504583,503769256,22500,132728,1202516,504971772
2019-03-25,50768653,507231247,4400,84628,741341,507972588
2019-03-26,31180347,495704426,42000,122228,1059717,496764143
2019-03-27,29953135,496357040,11900,93328,789555,497146595
2019-03-28,32950549,501208735,55000,136428,1156909,502365644
2019-03-29,43187368,508116943,11900,93328,807287,508924230
2019-04-01,83108216,523131926,40000,133328,1206618,524338544
2019-04-02,65681318,528675197,20000,118328,1056669,529731866
2019-04-03,93562421,535956784,82400,163828,1530154,537486938
2019-04-04,60381597,528998560,11900,94428,862128,529860688
2019-04-08,159194846,559050561,50000,132528,1305401,560355962
2019-04-09,62755808,543567478,11900,94428,909342,544476820
2019-04-10,45001275,538124673,45000,127528,1200038,539324711
2019-04-11,39745485,524767943,14000,106528,963013,525730956
2019-04-12,28868910,518627963,2300,102528,936081,519564044
2019-04-15,74022473,529688202,71300,168228,1561156,531249358
2019-04-16,85422922,553793842,10700,107628,1057983,554851825
2019-04-17,62707037,553843052,6300,108328,1044282,554887334
2019-04-18,117173180,550663618,70600,117628,1179809,551843427
2019-04-19,111242990,584700451,31300,83328,837446,585537897
2019-04-22,116808284,593421786,95600,167628,1734950,595156736
2019-04-23,55639746,574918520,6300,111428,1091994,576010514
2019-04-24,70577719,575637635,62300,164328,1689292,577326927
2019-04-25,70302425,547754133,39600,86628,801309,548555442
2019-04-26,39174586,543848904,60250,105978,927308,544776212
2019-04-29,25847487,527335929,16600,61328,521901,527857830
2019-04-30,18902205,525616143,29600,90528,793025,526409168
2019-05-06,18737032,500307960,83400,130128,1025409,501333369
2019-05-07,23457345,493017764,38800,133528,1028166,494045930
2019-05-08,14657622,493949040,35400,155128,1171216,495120256
2019-05-09,9024974,491312103,11500,131228,989459,492301562
2019-05-10,5164670,485765567,800,132028,1094512,486860079
2019-05-13,33261820,484766618,31900,152428,1269725,486036343
2019-05-14,27643397,493197509,12500,108428,903205,494100714
2019-05-15,16661655,483083522,31500,127028,1065765,484149287
2019-05-16,21349925,483688416,37900,133428,1114124,484802540
2019-05-17,24921426,478312720,60700,156228,1290443,479603163
2019-05-20,19050737,481460157,36900,153928,1288377,482748534
2019-05-21,26876942,487806995,31000,148028,1255277,489062272
2019-05-22,43799893,490677389,45900,162128,1433212,492110601
2019-05-23,30961339,489854864,31000,172228,1407103,491261967
2019-05-24,17806377,486268450,12700,153928,1194481,487462931
2019-05-27,25488176,487940947,1000,143028,1135642,489076589
2019-05-28,19106803,486603139,0,117528,928471,487531610
2019-05-29,15471313,490461680,37354,154382,1222705,491684385
2019-05-30,12515742,491470988,10500,139428,1100087,492571075
2019-05-31,8402976,491381232,500,117528,915543,492296775
2019-06-03,13875075,489957828,42400,157928,1247631,491205459
2019-06-04,14786934,460216747,500,116028,909660,461126407
2019-06-05,23137736,464730457,46400,161928,1301901,466032358
2019-06-06,24640869,437940092,42000,166528,1223981,439164073
2019-06-10,15314723,444209111,12400,129428,950002,445159113
2019-06-11,16980021,437261129,500,119128,900608,438161737
2019-06-12,30744694,446496764,43800,160028,1232216,447728980
2019-06-13,15659092,447838662,3100,144328,1091120,448929782
2019-06-14,8507564,442862644,6600,148928,1099089,443961733
2019-06-17,5420487,440848719,5200,119928,882670,441731389
2019-06-18,6433897,438789064,9200,125428,915624,439704688
2019-06-19,9536594,437872597,13700,129928,957569,438830166
2019-06-20,16337012,438515317,9200,125428,935693,439451010
2019-06-21,26665815,448195237,2500,120428,915253,449110490
2019-06-24,19536803,451810991,8700,124928,953201,452764192
2019-06-25,5842612,442438465,200,125128,947219,443385684
2019-06-26,15295790,445598152,28500,146928,1125468,446723620
2019-06-27,15371177,443769372,2800,123028,954697,444724069
2019-06-28,10284212,440440534,3800,122928,928106,441368640
2019-07-01,33880455,451760370,61000,178028,1393959,453154329
2019-07-02,36769168,459666660,30900,164928,1289737,460956397
2019-07-03,13809863,453927628,0,153028,1172194,455099822
2019-07-04,9639452,444374039,40900,193928,1499063,445873102
2019-07-05,7538250,433664263,1000,153028,1198209,434862472
2019-07-08,6856829,432056594,10900,162928,1221960,433278554
2019-07-09,10511090,432492936,2000,128228,968121,433461057
2019-07-10,12071111,429807632,2300,130528,965907,430773539
2019-07-11,11838682,430837767,3700,134228,973153,431810920
2019-07-12,3383786,429618090,4900,131128,951989,430570079
2019-07-15,7478112,426548735,8000,94228,683153,427231888
2019-07-16,9531865,429151555,30100,124328,911324,430062879
2019-07-17,5235783,427446084,0,94328,683878,428129962
2019-07-18,3972198,424283989,2200,94428,662885,424946874
2019-07-19,14846270,432048677,13200,90128,653428,432702105
2019-07-22,5170046,427492803,6900,88528,619696,428112499
2019-07-23,3140579,422878913,6000,94528,666422,423545335
2019-07-24,10241530,426910484,3100,85828,613670,427524154
2019-07-25,5544300,424259643,100,85928,610089,424869732
2019-07-26,3756776,421511383,100,76028,535997,422047380
2019-07-29,4681434,422442228,16600,92328,648143,423090371
2019-07-30,5409679,421658879,100,91428,641825,422300704
2019-07-31,7120374,419649883,200,79728,546137,420196020
2019-08-01,5464202,413415630,5000,84728,567678,413983308
2019-08-02,4489297,406597836,7900,82628,554434,407152270
2019-08-05,5820243,407883696,7500,63228,409717,408293413
2019-08-06,7348886,404267733,11700,66428,404547,404672280
2019-08-07,9866989,403230499,7500,62228,391414,403621913
2019-08-08,5548811,401892295,10400,65128,411609,402303904
2019-08-09,16412789,404236714,7400,66128,436445,404673159
2019-08-12,6067212,395005325,3800,59528,390504,395395829
2019-08-13,2517922,394489445,20000,78228,501441,394990886
2019-08-14,2271960,392991867,16200,87828,561221,393553088
2019-08-15,4932916,392542614,7100,78828,517112,393059726
2019-08-16,4054962,391567666,100,75828,490607,392058273
2019-08-19,11120070,397130181,10800,82528,548811,397678992
2019-08-20,11089468,390798260,46100,128628,854090,391652350
2019-08-21,5656190,389995850,1000,82728,541868,390537718
2019-08-22,15712014,371145552,65000,146728,1012423,372157975
2019-08-23,20109698,384347811,0,105728,699919,385047730
2019-08-26,4920506,381125055,1500,93828,601437,381726492
2019-08-27,23756853,395841154,3000,93828,612697,396453851
2019-08-28,4789937,392854766,51400,143728,939981,393794747
2019-08-29,6611370,393388551,1900,104628,693684,394082235
2019-08-30,9329488,393330349,10600,115228,730546,394060895
2019-09-02,2694802,390263559,0,89828,586577,390850136
2019-09-03,5033594,388446667,17900,107728,709928,389156595
2019-09-04,5211974,387799050,0,90928,601034,388400084
2019-09-05,12558513,389139871,2400,92228,614238,389754109
2019-09-06,8712845,386616750,3600,93428,630639,387247389
2019-09-09,20960346,389555973,42400,92228,648363,390204336
2019-09-10,19606114,387742288,100,52328,378331,388120619
2019-09-11,16657581,393630291,11800,63028,441196,394071487
2019-09-12,13202191,372131908,44600,106228,749970,372881878
2019-09-16,16797678,378022192,100,60928,432589,378454781
2019-09-17,5800200,372254106,0,49928,343505,372597611
2019-09-18,6841771,370329787,12800,62628,435891,370765678
2019-09-19,5696649,367449427,100,49928,346500,367795927
2019-09-20,7204656,362286641,12800,62628,430254,362716895
2019-09-23,5470581,357867531,100,49928,338013,358205544
2019-09-24,11069257,361784153,3400,53228,356095,362140248
2019-09-25,7001119,359671952,5900,52628,341556,360013508
2019-09-26,4107791,357553265,7000,51428,321425,357874690
2019-09-27,5542091,345579177,0,50428,314671,345893848
2019-09-30,3329859,341004330,3300,53628,329276,341333606
2019-10-08,4493439,341132268,6000,56328,345854,341478122
2019-10-09,2603793,340056563,500,56828,355175,340411738
2019-10-10,4228445,337800353,0,44928,282148,338082501
2019-10-11,8901492,337014941,27000,71428,459282,337474223
2019-10-14,10171282,341186685,0,44428,286116,341472801
2019-10-15,2935124,339945074,10000,49428,313374,340258448
2019-10-16,5691100,339885516,13900,53328,341299,340226815
2019-10-17,6493109,341125629,400,41828,260170,341385799
2019-10-18,6629110,338290532,11900,52728,322168,338612700
2019-10-21,2193108,336599002,1300,54028,332272,336931274
2019-10-22,3787299,336497355,0,42128,261194,336758549
2019-10-23,5306530,337545667,11800,53928,330039,337875706
2019-10-24,1929055,333474735,100,54028,333353,333808088
2019-10-25,3903150,331865900,30000,84028,523494,332389394
2019-10-28,7641218,330164926,2200,47928,307218,330472144
2019-10-29,5211305,329441903,400,36728,231754,329673657
2019-10-30,20875773,335549677,30800,67528,432854,335982531
2019-10-31,5974729,333941900,10800,47228,292814,334234714
2019-11-01,7840521,336098754,0,44328,282369,336381123
2019-11-04,10722358,341319820,4000,40428,257931,341577751
2019-11-05,4610039,339932340,9900,46328,294183,340226523
2019-11-06,9342909,340554358,34000,72428,469333,341023691
2019-11-07,5709504,334644708,10000,52428,349695,334994403
2019-11-08,17299382,343973226,0,42428,280025,344253251
2019-11-11,3759452,339338130,7900,46328,301132,339639262
2019-11-12,4179700,340934539,0,38428,252088,341186627
2019-11-13,6120562,343059498,100,38528,247735,343307233
2019-11-14,4511231,343133093,0,38528,246194,343379287
2019-11-15,6443540,335284528,20200,58628,359390,335643918
2019-11-18,18070867,328315093,34700,93328,629031,328944124
2019-11-19,18200924,333637659,0,54628,373656,334011315
2019-11-20,31653103,346497327,11800,66328,452357,346949684
2019-11-21,45979547,347648606,36400,102728,724232,348372838
2019-11-22,43079607,359631173,0,64428,425225,360056398
2019-11-25,19971920,358746962,0,64428,402675,359149637
2019-11-26,6930123,357823536,100,52728,330077,358153613
2019-11-27,7189909,351994839,0,52728,325332,352320171
2019-11-28,8190897,350632326,11800,64428,390434,351022760
2019-11-29,9188806,350769039,100,52728,325332,351094371
2019-12-02,4285828,351271261,9200,61828,379006,351650267
2019-12-03,4777929,349756730,2700,55328,341374,350098104
2019-12-04,4592896,349617705,6900,57528,355523,349973228
2019-12-05,7504551,350976873,5000,55628,346562,351323435
2019-12-06,4674108,350314238,0,55628,348231,350662469
2019-12-09,7223337,351966062,0,50628,317944,352284006
2019-12-10,8251412,352049880,6900,57528,358399,352408279
2019-12-11,5725763,347804324,0,53528,334015,348138339
2019-12-12,6908783,347226503,4000,49628,307197,347533700
2019-12-13,14480938,347859604,0,49628,313649,348173253
2019-12-16,9031543,347784590,0,49628,318115,348102705
2019-12-17,10520122,340710003,2000,51528,333901,341043904
2019-12-18,19912873,343383352,30000,81528,534824,343918176
2019-12-19,7809837,344623496,0,51528,338024,344961520
2019-12-20,27039677,352343356,30000,81528,547053,352890409
2019-12-23,10542965,348324857,0,51528,332871,348657728
2019-12-24,12287811,348207525,30000,81528,543792,348751317
2019-12-25,9617724,346600984,6000,51628,346424,346947408
2019-12-26,6735135,347852363,6400,52028,347547,348199910
2019-12-27,9975350,348362275,2500,54028,356045,348718320
2019-12-30,9421056,352819549,0,51628,341777,353161326
2019-12-31,6364027,349215029,0,51628,343842,349558871
2020-01-02,11332635,348687451,0,45628,313008,349000459
2020-01-03,12260786,342588888,10300,55928,391496,342980384
2020-01-06,16015558,339131840,11900,67828,476831,339608671
2020-01-07,13114656,337972600,0,53628,383440,338356040
2020-01-08,13826557,339652237,0,53628,377541,340029778
2020-01-09,11854852,343803732,0,41728,297103,344100835
2020-01-10,9899237,344759332,11900,53628,387194,345146526
2020-01-13,5688253,341506140,0,53628,387194,341893334
2020-01-14,22640618,341179414,0,41728,306701,341486115
2020-01-15,10096909,340369978,11900,53628,397920,340767898
2020-01-16,11654329,334771919,0,53628,397920,335169839
2020-01-17,12271038,333979717,0,53628,382368,334362085
2020-01-20,8520765,335672823,0,53628,381831,336054654
2020-01-21,11413045,339777202,0,53628,378077,340155279
2020-01-22,5927492,333661860,0,53628,379150,334041010
2020-01-23,18588230,336486423,0,41728,295017,336781440
2020-02-03,780372,332769260,0,41728,265390,333034650
2020-02-04,28420970,338552723,0,11728,73769,338626492
2020-02-05,21013398,331454751,0,1728,11042,331465793
2020-02-06,13626496,327534256,0,1728,11439,327545695
2020-02-07,14413700,315754342,10000,11728,85380,315839722
2020-02-10,58672630,340915394,41900,51928,401923,341317317
2020-02-11,21722843,315458121,9600,49628,384121,315842242
2020-02-12,43132443,322501339,30900,53828,447849,322949188
2020-02-13,40282521,311470445,13000,31928,265002,311735447
2020-02-14,27061837,300532092,13800,17728,152815,300684907
2020-02-17,70642222,337804710,26900,44628,387371,338192081
2020-02-18,71597474,346740465,35900,49628,417371,347157836
2020-02-19,41851406,332506893,4000,45728,387773,332894666
2020-02-20,27703474,346319142,7900,49628,415386,346734528
2020-02-21,41926310,326269060,1100,49628,416379,326685439
2020-02-24,50315221,316556410,30900,72628,657283,317213693
2020-02-25,51078932,324219756,7900,49628,452111,324671867
2020-02-26,53304535,330316163,26900,72528,670884,330987047
2020-02-27,41293115,340854259,2000,47628,427699,341281958
2020-02-28,21874772,330175469,30400,72128,631120,330806589
2020-03-02,46964761,341852301,8400,77028,666292,342518593
2020-03-03,69570720,369830707,3500,53628,448330,370279037
2020-03-04,30060723,354400565,26900,80528,655498,355056063
2020-03-05,34191605,355770690,0,30628,246555,356017245
2020-03-06,27347529,353415108,26900,54828,427110,353842218
2020-03-09,40343655,359116561,23000,50928,412008,359528569
2020-03-10,43129297,361268579,0,27928,227613,361496192
2020-03-11,34660281,363298569,26900,54828,431496,363730065
2020-03-12,19042894,351960317,0,26628,199710,352160027
2020-03-13,20568492,347250094,27000,27028,203791,347453885
2020-03-16,29516626,351581164,44300,47028,352240,351933404
2020-03-17,14673334,358581156,24100,35628,266854,358848010
2020-03-18,7027553,352842773,18000,29528,218212,353060985
2020-03-19,17213062,351337519,5900,17428,127399,351464918
2020-03-20,8858295,342415917,9900,21428,155567,342571484
2020-03-23,6210977,341207630,5800,5828,39456,341247086
2020-03-24,5699961,335907164,5900,5928,40785,335947949
2020-03-25,9582448,335377711,0,5928,41140,335418851
2020-03-26,5646650,332366120,0,5928,40310,332406430
2020-03-27,5433099,324400845,0,28,190,324401035
2020-03-30,7541492,323685070,5900,5928,38117,323723187
2020-03-31,7464086,326173049,6000,6028,38639,326211688
2020-04-01,3978965,319913667,0,6028,38218,319951885
2020-04-02,8481051,319235295,0,6028,39122,319274417
2020-04-03,8376788,318820448,0,28,182,318820630
2020-04-07,24221737,322630607,68600,68628,491376,323121983
2020-04-08,10358246,311428444,0,24028,176366,311604810
2020-04-09,12105405,308032521,44600,68628,522945,308555466
2020-04-10,9780690,303269777,0,41728,315046,303584823
2020-04-13,6252587,302739958,0,41728,317133,303057091
2020-04-14,5638770,299483673,0,41728,316716,299800389
2020-04-15,6685748,299162619,0,41728,309622,299472241
2020-04-16,7073175,301077197,0,27928,203037,301280234
2020-04-17,6022376,301111426,0,10028,72202,301183628
2020-04-20,7803112,303894221,0,10028,72603,303966824
2020-04-21,3216883,303250662,11900,21928,158320,303408982
2020-04-22,4693865,301598742,0,21928,159197,301757939
2020-04-23,7886577,302413091,0,21928,157662,302570753
2020-04-24,6642225,297826239,0,10028,70798,297897037
2020-04-27,4712309,295906360,11900,21928,152619,296058979
2020-04-28,9649681,294643290,26900,36928,265882,294909172
2020-04-29,9437206,297525915,0,10028,70898,297596813
2020-04-30,7767970,300955699,0,10028,70998,301026697
2020-05-06,10993866,304573155,0,10028,71500,304644655
2020-05-07,8956170,304153881,31900,41928,301462,304455343
2020-05-08,14040291,309061638,5100,35128,253273,309314911
2020-05-11,8777855,310294991,1100,36228,261204,310556195
2020-05-12,7683618,312268757,0,36228,262653,312531410
2020-05-13,4066970,310256471,11800,48028,343400,310599871
2020-05-14,5336863,309004044,0,24528,171205,309175249
2020-05-15,2177208,308949047,20000,44528,310805,309259852
2020-05-18,7520834,311834323,3600,39828,274415,312108738
2020-05-19,2845028,308565907,1000,40828,288246,308854153
2020-05-20,6252684,307182384,10300,46528,325696,307508080
2020-05-21,3382542,306836197,0,41428,283368,307119565
2020-05-22,17401050,316348944,2500,32828,228811,316577755
2020-05-25,5673845,317177841,17200,50028,351697,317529538
2020-05-26,3111295,313680796,3600,28128,202522,313883318
2020-05-27,16921690,316721019,0,28128,207866,316928885
2020-05-28,11797150,321671035,8300,30328,217148,321888183
2020-05-29,4387334,321049613,0,30328,215026,321264639
2020-06-01,44068477,326578427,19700,48028,362611,326941038
2020-06-02,25872773,332869922,5600,33928,253103,333123025
2020-06-03,18294559,331604015,0,33928,250049,331854064
2020-06-04,20973342,338256788,0,33928,253103,338509891
2020-06-05,12729350,332754473,0,31928,241376,332995849
2020-06-08,15503925,333736613,0,31928,243611,333980224
2020-06-09,8915061,335547433,21700,53628,409182,335956615
2020-06-10,6249498,327485707,0,31928,243611,327729318
2020-06-11,10637330,327472428,0,31928,240099,327712527
2020-06-12,4215381,327082296,0,31928,238502,327320798
2020-06-15,8063912,328442235,0,31928,235309,328677544
2020-06-16,8341528,331421954,0,31928,238183,331660137
2020-06-17,5240281,329300532,0,31928,236906,329537438
2020-06-18,11865357,337518031,0,31928,234671,337752702
2020-06-19,8454777,340037792,0,31928,234352,340272144
2020-06-22,6012258,340455317,0,31928,232436,340687753
2020-06-23,5693760,338694314,0,31928,231159,338925473
2020-06-24,3617520,334271686,0,31928,229562,334501248
2020-06-29,7746501,338742012,11300,23228,169564,338911576
2020-06-30,4039628,336260726,0,1528,11139,336271865
2020-07-01,13020998,343908700,0,1528,11109,343919809
2020-07-02,9671912,344705894,0,28,206,344706100
2020-07-03,13729089,343398637,0,28,206,343398843
2020-07-06,27746452,351044547,0,28,213,351044760
2020-07-07,24953484,348387000,0,28,213,348387213
2020-07-08,30925923,343977615,0,28,214,343977829
2020-07-09,35587056,342624276,0,28,218,342624494
2020-07-10,24718844,335680562,11900,11928,90056,335770618
2020-07-13,44615193,342566766,0,28,223,342566989
2020-07-14,59559266,365617259,11900,11928,94947,365712206
2020-07-15,48634343,391805463,0,11928,92084,391897547
2020-07-16,24975656,395117434,0,28,210,395117644
2020-07-17,8343914,394802367,0,28,209,394802576
2020-07-20,22141793,392462287,0,28,221,392462508
2020-07-21,13567897,386316754,6300,6328,49358,386366112
2020-07-22,22568096,387406457,0,6328,48219,387454676
2020-07-23,18142026,390084497,5600,5628,41703,390126200
2020-07-24,8867066,383442947,6300,6328,44359,383487306
2020-07-27,13604019,380613729,0,6328,43980,380657709
2020-07-28,7997217,375226719,0,6328,43916,375270635
2020-07-29,13578554,375921808,5600,10028,70798,375992606
2020-07-30,9403171,371624755,0,28,195,371624950
2020-07-31,6039401,370147943,0,28,197,370148140
2020-08-03,24077408,377791204,0,28,206,377791410
2020-08-04,37821653,390534760,8800,8828,66298,390601058
2020-08-05,31089134,376595796,4100,10828,81210,376677006
2020-08-06,22755360,378479288,5200,11928,85882,378565170
2020-08-07,10070859,378998741,0,5028,35598,379034339
2020-08-10,8995207,376612341,0,4928,35482,376647823
2020-08-11,8129145,373983312,0,28,198,373983510
2020-08-12,7722223,375142087,8200,8228,58254,375200341
2020-08-13,6407474,372609047,0,8228,58583,372667630
2020-08-14,7341923,370660172,7000,15228,110555,370770727
2020-08-17,8833381,366914380,0,8228,60147,366974527
2020-08-18,7582450,360034958,0,8228,61134,360096092
2020-08-19,15907278,359096595,0,8228,60723,359157318
2020-08-20,9969510,359902816,0,8228,60558,359963374
2020-08-21,9873292,362088235,0,8228,58995,362147230
2020-08-24,35044149,379295215,71400,79628,605173,379900388
2020-08-25,17790643,372629086,0,20128,151363,372780449
2020-08-26,24425165,371432680,26000,46128,352879,371785559
2020-08-27,18348394,376917977,0,20128,151966,377069943
2020-08-28,13668569,374617194,0,20128,150759,374767953
2020-08-31,26803116,381835865,0,8228,63026,381898891
2020-09-01,12132978,381839198,0,8228,62204,381901402
2020-09-02,11342137,380963881,2100,10328,77770,381041651
2020-09-03,13423019,379068023,5300,15628,118460,379186483
2020-09-04,25687881,385173636,0,15628,120179,385293815
2020-09-07,26013885,388022062,4500,20128,155388,388177450
2020-09-08,30012378,389374554,9400,29528,233862,389608416
2020-09-09,41523417,404799106,13500,33628,259272,405058378
2020-09-10,18825635,392492918,0,33628,244476,392737394
2020-09-11,12567887,391798489,11200,23128,166059,391964548
2020-09-14,16064273,398857689,1300,6328,46574,398904263
2020-09-15,5499608,393846047,9400,15728,115286,393961333
2020-09-16,5902107,392745378,0,14428,104314,392849692
2020-09-17,9929919,383052625,0,14428,103449,383156074
2020-09-18,7840258,379244655,0,14428,104747,379349402
2020-09-21,7865422,377902699,0,14428,103593,378006292
2020-09-22,6368537,371396356,0,11928,82900,371479256
2020-09-23,5437286,370865653,0,11928,84092,370949745
2020-09-24,3914343,365756309,0,4628,31517,365787826
2020-09-25,3615938,365927083,0,4628,31193,365958276
2020-09-28,1219073,363321024,0,4628,31008,363352032
2020-09-29,3096810,361645897,2300,6928,47526,361693423
2020-09-30,7916142,360761570,15300,22228,156263,360917833
2020-10-09,6558647,363787239,0,5428,38322,363825561
2020-10-12,15499164,370062131,0,5428,39027,370101158
2020-10-13,7483045,368806672,6500,11928,84331,368891003
2020-10-14,2745897,366219046,0,11928,83735,366302781
2020-10-15,5108172,363736160,0,11928,84689,363820849
2020-10-16,1983663,362082397,0,11928,84570,362166967
2020-10-19,5354552,361858028,0,11928,83615,361941643
2020-10-20,2285608,360176582,0,11928,83973,360260555
2020-10-21,3869480,360648692,4600,16528,117184,360765876
2020-10-22,2923772,360503081,0,11928,84212,360587293
2020-10-23,3036153,357672849,0,11928,83257,357756106
2020-10-26,2549869,352980478,0,11928,84212,353064690
2020-10-27,14509823,350168643,0,11928,86955,350255598
2020-10-28,22281541,363155427,4500,16428,121896,363277323
2020-10-29,3754148,363282732,0,5328,39480,363322212
2020-10-30,8287738,363769205,0,5328,38948,363808153
2020-11-02,3506091,361692403,0,5328,38841,361731244
2020-11-03,6868485,358924212,0,5328,39800,358964012
2020-11-04,10617718,362656340,0,5328,39907,362696247
2020-11-05,13056912,362136275,0,5328,39800,362176075
2020-11-06,8427205,361796985,6600,11928,86597,361883582
2020-11-09,8699335,354040039,0,11928,88864,354128903
2020-11-10,8368727,355769454,0,11928,89460,355858914
2020-11-11,9244292,358143150,0,11928,89579,358232729
2020-11-12,11514782,363668919,0,11928,90414,363759333
2020-11-13,10850833,368812211,0,11928,91130,368903341
2020-11-16,14370712,371973948,0,11928,89579,372063527
2020-11-17,11426017,376272517,0,11928,88744,376361261
2020-11-18,11402299,369231202,6500,18428,140790,369371992
2020-11-19,11782942,375852151,0,11928,90772,375942923
2020-11-20,12764971,376119259,0,11928,91726,376210985
2020-11-23,12732031,381230643,0,11928,89937,381320580
2020-11-24,11166045,383476518,0,11928,87552,383564070
2020-11-25,7714490,382180972,5000,16928,121204,382302176
2020-11-26,4063861,383186862,0,16928,121543,383308405
2020-11-27,3459143,381768609,20600,32528,231925,382000534
2020-11-30,3849507,377650773,21100,41728,296269,377947042
2020-12-01,3742679,375559919,0,41728,297521,375857440
2020-12-02,5036870,377416345,0,41728,295852,377712197
2020-12-03,2754243,377556294,0,41728,295852,377852146
2020-12-04,5823168,374181032,10900,52628,373133,374554165
2020-12-07,5394850,373042341,0,52628,368922,373411263
2020-12-08,2184817,372735013,0,52628,366291,373101304
2020-12-09,2080184,371381558,500,53128,366052,371747610
2020-12-10,1497810,362518860,0,53128,369240,362888100
2020-12-11,2511330,360459545,0,53128,371896,360831441
2020-12-14,1656845,358300077,0,53128,377740,358677817
2020-12-15,1379487,357594053,500,53628,377005,357971058
2020-12-16,1751670,357793652,0,53628,370569,358164221
2020-12-17,3936923,356857140,26000,79628,580488,357437628
2020-12-18,6664360,356705827,0,41728,306701,357012528
2020-12-21,5429579,358280200,11900,53628,383976,358664176
2020-12-22,7994465,361600807,0,53628,381295,361982102
2020-12-23,6480322,356769640,0,53628,383440,357153080
2020-12-24,5858114,355198562,0,53628,366816,355565378
2020-12-25,3920329,353877769,0,53628,365207,354242976
2020-12-28,8452011,350157701,26000,79628,504045,350661746
2020-12-29,2546460,348063875,0,53628,344292,348408167
2020-12-30,2826470,347229037,900,54528,346253,347575290
2020-12-31,1692854,344163368,0,54528,348434,344511802
2021-01-04,4451745,343546601,0,54528,357158,343903759
2021-01-05,4088337,343538339,0,54528,350070,343888409
2021-01-06,5559613,346412262,0,46728,293919,346706181
2021-01-07,1521641,343981754,0,46728,290181,344271935
2021-01-08,3209122,342586482,0,46728,296256,342882738
2021-01-11,2846525,343079045,7800,11928,74192,343153237
2021-01-12,2759544,338859071,0,3228,20078,338879149
2021-01-13,2427118,336303776,8700,11928,72761,336376537
2021-01-14,3658417,334339000,7500,19428,122202,334461202
2021-01-15,1296327,334035017,0,18428,117018,334152035
2021-01-18,2575034,335428823,0,7528,48029,335476852
2021-01-19,3840111,333184747,20900,28428,185351,333370098
2021-01-20,3868202,331999521,0,19428,123562,332123083
2021-01-21,2753646,331901110,0,19428,122785,332023895
2021-01-22,1427928,330379252,0,19428,122396,330501648
2021-01-25,5328012,331295281,0,19428,124339,331419620
2021-01-26,1178634,330234002,0,11928,74908,330308910
2021-01-27,2264981,331151627,12400,24328,150590,331302217
2021-01-28,1991232,330388377,0,7528,45770,330434147
2021-01-29,3687478,312233928,4400,11928,65843,312299771
2021-02-01,2516386,310406611,0,28,155,310406766
2021-02-02,1108588,310048854,0,28,156,310049010
2021-02-03,3967771,310694378,8800,8828,50761,310745139
2021-02-04,2558700,308647251,8500,8628,49956,308697207
2021-02-05,1408613,308462513,0,3228,18432,308480945
2021-02-08,2205990,308841731,5500,8728,48004,308889735
2021-02-09,2254322,307124878,0,3228,18238,307143116
2021-02-10,1596836,304634105,7500,7528,43361,304677466
2021-02-18,3306254,306223554,4400,11928,69660,306293214
2021-02-19,2381740,305697107,41700,53628,320159,306017266
2021-02-22,4954698,305693267,0,3728,22480,305715747
2021-02-23,1512698,304459976,8200,8228,49533,304509509
2021-02-24,896005,302061774,0,7028,42098,302103872
2021-02-25,1551833,302328625,4900,11928,69779,302398404
2021-02-26,927050,301582001,0,3828,22470,301604471
2021-03-01,1884159,301733246,0,3828,22777,301756023
2021-03-02,1810667,301119647,8100,11928,70494,301190141
2021-03-03,2125365,300959508,0,11928,71329,301030837
2021-03-04,3076185,302570897,0,3628,21623,302592520
2021-03-05,3101683,302181386,0,28,168,302181554
2021-03-08,6683382,306764681,15500,15528,91770,306856451
2021-03-09,1825332,307079505,4600,16528,94540,307174045
2021-03-10,1148568,307205912,0,11928,67512,307273424
2021-03-11,1179157,308048030,0,28,160,308048190
2021-03-12,983096,308187869,11900,11928,67870,308255739
2021-03-15,1327068,308291586,0,11928,67274,308358860
2021-03-16,453971,305695405,0,28,161,305695566
2021-03-17,668401,301497475,11900,11928,68467,301565942
2021-03-18,6826263,303640691,0,3228,18626,303659317
2021-03-19,2357320,303906196,0,3228,18529,303924725
2021-03-22,2305974,303657826,0,3228,18626,303676452
2021-03-23,9279670,309273368,15000,15028,88365,309361733
2021-03-24,2480240,308440236,15000,15028,87914,308528150
2021-03-25,6493797,310325321,26700,41728,249533,310574854
2021-03-26,2465936,309994172,0,1728,10316,310004488
2021-03-29,2735944,310634927,0,1728,10195,310645122
2021-03-30,1627343,309886815,100,1828,10749,309897564
2021-03-31,1332947,306918088,0,1828,10694,306928782
2021-04-01,1481435,307146240,51800,53628,316405,307462645
2021-04-02,892972,305663985,0,43628,257405,305921390
2021-04-06,1794063,304367421,0,43628,260459,304627880
2021-04-07,1720049,297401790,0,43628,263077,297664867
2021-04-08,1992411,296390657,0,43628,261768,296652425
2021-04-09,3936990,293281686,10000,53628,323377,293605063
2021-04-12,8945831,295978315,0,53628,326058,296304373
2021-04-13,4530325,294776889,0,53628,330348,295107237
2021-04-14,1728510,294155808,0,53628,329276,294485084
2021-04-15,2329929,292518407,0,53628,329276,292847683
2021-04-16,12213777,299386776,0,23628,152401,299539177
2021-04-19,12043095,303458489,2400,26028,184799,303643288
2021-04-20,28725353,320418335,12300,37528,260820,320679155
2021-04-21,3678752,319196350,7300,41528,282806,319479156
2021-04-22,3826348,318490122,3800,40128,270463,318760585
2021-04-23,4116527,317368381,8800,41428,278810,317647191
2021-04-26,4355635,317911024,7300,47528,317012,318228036
2021-04-27,4799857,317372534,4000,42528,287489,317660023
2021-04-28,5514294,318268200,0,16128,104187,318372387
2021-04-29,2049287,316022472,0,16128,103542,316126014
2021-04-30,4167516,314881066,7200,23328,152798,315033864
2021-05-06,6141825,316274037,0,23328,158397,316432434
2021-05-07,5810750,317784303,0,23328,155131,317939434
2021-05-10,3856978,320108438,3000,26328,173238,320281676
2021-05-11,2898434,318283777,0,14028,93426,318377203
2021-05-12,4419486,319391472,0,14028,92024,319483496
2021-05-13,5386765,318374608,0,9728,64594,318439202
2021-05-14,3088504,319424122,7500,17228,115083,319539205
2021-05-17,5798458,322115378,0,7528,49384,322164762
2021-05-18,9128082,322573464,27200,34728,236150,322809614
2021-05-19,6312837,324474480,4400,24928,165023,324639503
2021-05-20,6218150,325266024,22100,47028,319790,325585814
2021-05-21,3817578,325183843,0,21928,147137,325330980
2021-05-24,6686861,325259145,0,11928,80753,325339898
2021-05-25,5941178,326166063,0,11928,80514,326246577
2021-05-26,5750977,327713728,22000,22028,148909,327862637
2021-05-27,4532227,328231005,0,22028,147147,328378152
2021-05-28,2549444,327909892,0,22028,146486,328056378
2021-05-31,2972611,325437380,0,22028,145385,325582765
2021-06-01,5098575,323194155,11900,33928,225282,323419437
2021-06-02,3769508,325247186,0,33928,221211,325468397
2021-06-03,4359972,319035836,7000,40928,273808,319309644
2021-06-04,2254979,311919280,3300,36728,247914,312167194
2021-06-07,4593415,309346763,0,26428,177068,309523831
2021-06-08,5437616,310133504,7500,11928,80275,310213779
2021-06-09,5506318,310249796,0,11928,78248,310328044
2021-06-10,8011977,308376728,20300,32228,213672,308590400
2021-06-11,7136724,305346454,43400,75628,511245,305857699
2021-06-15,6549299,303473117,0,43528,287285,303760402
2021-06-16,5079865,303656301,0,33928,219175,303875476
2021-06-17,3007407,303439942,0,33928,217818,303657760
2021-06-18,3513363,303476962,0,33928,216121,303693083
2021-06-21,3877713,305173642,0,33928,214086,305387728
2021-06-22,2463347,305068015,0,32228,204648,305272663
2021-06-23,2894264,306956080,1700,4028,25215,306981295
2021-06-24,2802121,304965813,7900,11928,73715,305039528
2021-06-25,2104833,305441644,0,11928,74192,305515836
2021-06-28,2640297,305394321,0,11928,73357,305467678
2021-06-29,3557150,306986946,0,7028,42941,307029887
2021-06-30,1380397,304159356,0,28,177,304159533
2021-07-01,5833815,306814949,0,28,175,306815124
2021-07-02,3109541,308198403,5300,5328,32820,308231223
2021-07-05,3473026,309438380,0,5328,32767,309471147
2021-07-06,3645364,309233107,0,5328,33780,309266887
2021-07-07,3238792,308937159,0,28,178,308937337
2021-07-08,890348,307287801,0,28,177,307287978
2021-07-09,927726,305850724,0,28,176,305850900
2021-07-12,910653,302745651,0,28,174,302745825
2021-07-13,4643890,303586747,1900,1928,12474,303599221
2021-07-14,3573625,302424513,0,28,180,302424693
2021-07-15,4340386,304997946,11900,11928,77055,305075001
2021-07-16,15289428,314047026,1000,10328,67855,314114881
2021-07-19,4276448,310306125,6200,15528,101087,310407212
2021-07-20,4681706,306147867,3400,5428,36205,306184072
2021-07-21,5494049,305507481,3400,3428,22728,305530209
2021-07-22,3287664,302379780,3000,3028,20227,302400007
2021-07-23,3611620,302208517,11900,11928,80037,302288554
2021-07-26,6000133,296964443,0,11928,80633,297045076
2021-07-27,2760787,295522165,0,28,186,295522351
2021-07-28,2406870,294449765,14600,14628,95667,294545432
2021-07-29,2835305,295391084,0,5028,33185,295424269
2021-07-30,4089016,294501036,0,5028,33185,294534221
2021-08-02,10290370,293202791,3600,8628,58843,293261634
2021-08-03,7338794,293718654,1000,9628,64700,293783354
2021-08-04,8804238,297044153,0,1328,8844,297052997
2021-08-05,4082331,291148903,4600,5928,40133,291189036
2021-08-06,3581808,288663579,10600,11928,80275,288743854
2021-08-09,4446343,289227729,0,28,187,289227916
2021-08-10,5715014,292729041,0,28,184,292729225
2021-08-11,2211740,291894332,0,28,184,291894516
2021-08-12,7173543,291245173,0,28,188,291245361
2021-08-13,8862630,292095591,0,28,190,292095781
2021-08-16,6769846,293864262,0,28,186,293864448
2021-08-17,5744379,292526235,11900,11928,76816,292603051
2021-08-18,6060464,296055117,0,11728,77522,296132639
2021-08-19,2638271,295915968,0,28,181,295916149
2021-08-20,2690415,295510697,11900,11928,76220,295586917
2021-08-23,7865418,299859117,0,11928,76936,299936053
2021-08-24,4766253,296511862,0,11928,78367,296590229
2021-08-25,6262372,293032166,0,28,183,293032349
2021-08-26,12878641,300829987,0,28,184,300830171
2021-08-27,7370155,304144646,0,28,183,304144829
2021-08-30,3461048,301182915,0,28,186,301183101
2021-08-31,4806628,301996792,0,28,183,301996975
2021-09-01,9020393,306793283,21900,21928,141436,306934719
2021-09-02,5943304,310014298,4000,14128,90702,310105000
2021-09-03,3055738,308720922,7800,18028,116100,308837022
2021-09-06,2601271,306195680,3900,21928,140778,306336458
2021-09-07,6749385,302339939,0,10028,65784,302405723
2021-09-08,5472289,302773545,0,10028,66085,302839630
2021-09-09,2881375,300308532,14100,14128,94375,300402907
2021-09-10,32950864,309575368,24600,37428,259750,309835118
2021-09-13,14999907,314548584,1400,13428,90236,314638820
2021-09-14,13720619,317592491,2300,5028,34442,317626933
2021-09-15,19460807,321918366,34200,34228,238569,322156935
2021-09-16,9215408,319548898,10700,13128,90977,319639875
2021-09-17,5683995,313856527,11900,11928,81230,313937757
2021-09-22,5910816,302204138,0,11928,82303,302286441
2021-09-23,10452184,304755199,0,828,5771,304760970
2021-09-24,10543004,306576322,11100,11928,80872,306657194
2021-09-27,24519793,311128485,0,11928,82661,311211146
2021-09-28,10936268,305777647,0,11928,84212,305861859
2021-09-29,13584799,313430857,0,28,192,313431049
2021-09-30,9806459,304475147,0,28,200,304475347
2021-10-08,15738302,298619636,0,28,205,298619841
2021-10-11,3990174,297667419,2000,2028,14804,297682223
2021-10-12,8016389,298967971,12900,12928,92952,299060923
2021-10-13,16761923,293903048,16400,28728,185870,294088918
2021-10-14,6681291,297639948,1600,13928,88025,297727973
2021-10-15,3886208,294255793,41100,53428,348885,294604678
2021-10-18,4643188,295991061,0,13428,86879,296077940
2021-10-19,3710153,297312216,1600,13928,88025,297400241
2021-10-20,4980646,299138702,14400,27328,177359,299316061
2021-10-21,1969273,298141437,0,7428,47911,298189348
2021-10-22,2653766,295951477,0,2928,18622,295970099
2021-10-25,2725513,297583463,0,1328,8273,297591736
2021-10-26,4109440,299053102,0,1328,8180,299061282
2021-10-27,2374540,295900414,11000,12328,74338,295974752
2021-10-28,3620403,296235057,0,12328,76927,296311984
2021-10-29,2827541,297043048,0,528,3268,297046316
2021-11-01,1339127,295959672,3700,4228,25622,295985294
2021-11-02,4114774,293094955,20100,22628,131242,293226197
2021-11-03,1023446,293372532,0,22328,130396,293502928
2021-11-04,1209006,292435610,0,22328,130396,292566006
2021-11-05,525376,291903258,11700,23328,134836,292038094
2021-11-08,1392952,292558900,0,11628,67326,292626226
2021-11-09,2078212,292399491,0,3028,17805,292417296
2021-11-10,3289995,293415978,8400,11428,66968,293482946
2021-11-11,4996004,294841387,0,2728,16286,294857673
2021-11-12,2322521,294545991,0,128,768,294546759
2021-11-15,3296568,294573754,0,128,772,294574526
2021-11-16,2183312,294410852,0,28,166,294411018
2021-11-17,2387481,291593648,0,28,168,291593816
2021-11-18,1229608,290322281,11900,11928,71329,290393610
2021-11-19,3737458,291827351,0,11928,71807,291899158
2021-11-22,5499169,293696835,1800,13728,81407,293778242
2021-11-23,5320882,294413234,0,11928,70852,294484086
2021-11-24,3245935,293957217,0,11928,70733,294027950
2021-11-25,1988757,292885768,0,11928,71210,292956978
2021-11-26,1198114,292138255,0,11928,70733,292208988
2021-11-29,5930071,292196427,0,28,164,292196591
2021-11-30,1798695,292628856,0,28,165,292629021
2021-12-01,3730086,291949624,0,28,169,291949793
2021-12-02,2260171,288914954,11900,11928,71687,288986641
2021-12-03,1743532,288930420,0,11928,71329,289001749
2021-12-06,4121297,291245891,0,11928,70494,291316385
2021-12-07,2910478,290564107,0,11928,70494,290634601
2021-12-08,3974235,291699292,0,11928,71091,291770383
2021-12-09,5789418,292889429,0,11928,71210,292960639
2021-12-10,2594641,292637142,0,11928,71091,292708233
2021-12-13,1875578,292993142,0,11928,70852,293063994
2021-12-14,9797859,294923375,22000,33928,207639,295131014
2021-12-15,11281286,296928215,0,33928,208657,297136872
2021-12-16,1880040,295484102,0,33928,208657,295692759
2021-12-17,1482074,294293016,0,11928,72761,294365777
2021-12-20,2455296,293942343,0,28,170,293942513
2021-12-21,3713295,294790247,0,28,174,294790421
2021-12-22,1833937,294955226,0,28,174,294955400
2021-12-23,2881974,295163252,0,28,171,295163423
2021-12-24,4501464,293873428,31900,31928,196996,294070424
2021-12-27,4891775,290385802,0,31928,197954,290583756
2021-12-28,9126614,292593584,0,31928,201466,292795050
2021-12-29,8192988,296155951,3300,35228,222289,296378240
2021-12-30,11964031,290706869,2000,25428,164519,290871388
2021-12-31,6409694,286414432,11800,12828,82484,286496916
2022-01-04,4759997,287129281,8000,20828,136007,287265288
2022-01-05,14550372,294713790,6600,18528,122100,294835890
2022-01-06,16316251,298361426,8600,14628,97861,298459287
2022-01-07,8035053,299842715,7500,14728,96027,299938742
2022-01-10,12360642,301097582,42000,50728,345965,301443547
2022-01-11,11746705,303948630,7900,36628,243210,304191840
2022-01-12,6171138,301726293,12300,48928,329285,302055578
2022-01-13,6357222,305055522,2800,49128,332105,305387627
2022-01-14,5541337,305700049,2300,51428,342510,306042559
2022-01-17,3122164,301513206,1200,47528,316536,301829742
2022-01-18,14341425,300807368,6100,53628,353945,301161313
2022-01-19,7561857,298398753,22000,63728,429527,298828280
2022-01-20,7574574,300612516,11900,11928,76697,300689213
2022-01-21,3829598,295634874,3000,3028,20076,295654950
2022-01-24,4899728,289398349,8600,8628,55478,289453827
2022-01-25,8764542,289069422,4800,11928,72522,289141944
2022-01-26,1721782,284988478,0,4828,30416,285018894
2022-01-27,7159839,288058928,7100,11928,70972,288129900
2022-01-28,1605768,283350470,1700,13628,84357,283434827
2022-02-07,3553372,285289236,0,11928,73954,285363190
2022-02-08,4398626,281474612,1000,1028,6559,281481171
2022-02-09,3307029,279431055,0,1028,6651,279437706
2022-02-10,3833235,280815349,34600,35628,229801,281045150
2022-02-11,3281768,281678975,0,35628,227663,281906638
2022-02-14,1620651,282692079,0,23728,151859,282843938
2022-02-15,0,280731428,40000,63728,448645,281180073
2022-02-16,22407185,279782502,0,23728,163486,279945988
2022-02-17,16085223,280402789,0,1728,11457,280414246
2022-02-18,8376706,277778184,0,1728,11543,277789727
2022-02-21,6659659,273901649,0,1728,11595,273913244
2022-02-22,6273093,274718519,11900,13628,89945,274808464
2022-02-23,7416638,275274144,4000,17628,114582,275388726
2022-02-24,10841537,274893508,18000,29928,187349,275080857
2022-02-25,4638536,274752531,0,11928,73834,274826365
2022-02-28,3019898,275602658,1700,13628,83948,275686606
2022-03-01,3328789,274728617,7000,8728,54725,274783342
2022-03-02,2935566,274508777,0,8728,54986,274563763
2022-03-03,2915075,273459544,18600,27328,171620,273631164
2022-03-04,2710642,274855200,4800,25428,158671,275013871
2022-03-07,1954587,274297481,0,17628,108412,274405893
2022-03-08,7312376,274987779,23200,35128,213578,275201357
2022-03-09,4330021,274560635,0,19328,115002,274675637
2022-03-10,1226201,271125662,0,11928,71926,271197588
2022-03-11,2373295,272039829,0,11928,72403,272112232
2022-03-14,2091742,270393619,41700,53628,324449,270718068
2022-03-15,4577152,272527406,6700,60328,343266,272870672
2022-03-16,2366789,271749808,3000,3128,18705,271768513
2022-03-17,5492768,274477767,18300,21428,125782,274603549
2022-03-18,2449431,270454692,8400,11528,68822,270523514
2022-03-21,1697361,270691438,10200,13328,79968,270771406
2022-03-22,2507454,269766414,43400,53228,322029,270088443
2022-03-23,891258,269172421,3500,40028,242570,269414991
2022-03-24,2444257,269494247,15100,51628,307187,269801434
2022-03-25,1878934,268184760,3500,46728,277097,268461857
2022-03-28,1755769,266472431,8400,51628,309768,266782199
2022-03-29,1748928,266629221,3500,46728,275228,266904449
2022-03-30,2375643,265776821,8400,51628,305121,266081942
2022-03-31,7126247,267042653,3500,46728,279433,267322086
2022-04-01,3478755,264428197,8400,9928,58774,264486971
2022-04-06,5392267,264980001,0,1528,9336,264989337
2022-04-07,2755625,261637840,11900,13428,80568,261718408
2022-04-08,2216615,261001645,20000,21528,127876,261129521
2022-04-11,1624358,258929374,11900,13428,76002,259005376
2022-04-12,573578,256845157,0,1528,8801,256853958
2022-04-13,1199755,257298697,15900,17428,98120,257396817
2022-04-14,949054,255731433,20000,25528,141680,255873113
2022-04-15,3635472,252922329,34400,59928,315821,253238150
2022-04-18,2070489,253110644,0,46328,248781,253359425
2022-04-19,717613,252985574,0,46328,251098,253236672
2022-04-20,3563761,254783350,11900,55128,305960,255089310
2022-04-21,2593726,255687335,0,40328,215755,255903090
