日期,融资买入额(元),融资余额(元),融券卖出量,融券余量,融券余额(元),融资融券余额(元)
2017-07-12,298124701,3579098127,399500,663997,7728925,3586827052
2017-07-13,231022513,3546679924,80000,409497,4639601,3551319525
2017-07-14,184232374,3503110846,200000,570497,6423796,3509534642
2017-07-17,289740278,3401950920,195500,499497,5154809,3407105729
2017-07-18,161944029,3378598232,396000,701997,7441168,3386039400
2017-07-19,210391142,3331019429,238500,469497,5079958,3336099387
2017-07-20,352469085,3349082593,474900,705897,7891928,3356974521
2017-07-21,186803537,3331034900,80000,455997,5047887,3336082787
2017-07-24,317345188,3376664746,479500,770497,8760551,3385425297
2017-07-25,234357949,3394430106,120000,425997,4745607,3399175713
2017-07-26,185771077,3341264975,409500,695497,7699152,3348964127
2017-07-27,232936931,3327741995,160000,415997,4509407,3332251402
2017-07-28,587194752,3395989180,524500,785497,9017506,3405006686
2017-07-31,399510733,3371595746,130000,450997,5213525,3376809271
2017-08-01,308041173,3432014793,85000,420997,4790946,3436805739
2017-08-02,325283753,3397759692,464500,695497,7866071,3405625763
2017-08-03,214152187,3392209852,72500,440697,4874109,3397083961
2017-08-04,185991956,3323535164,352000,580097,6317256,3329852420
2017-08-07,129488215,3339553520,0,298097,3267143,3342820663
2017-08-08,131123217,3349696733,30000,298097,3252238,3352948971
2017-08-09,131423420,3345863437,16400,219997,2367168,3348230605
2017-08-10,178460244,3361450295,298600,483097,5270588,3366720883
2017-08-11,155690822,3324738957,175000,335197,3569848,3328308805
2017-08-14,120366680,3327274115,174100,419297,4532601,3331806716
2017-08-15,179684231,3276816402,436000,755697,8320224,3285136626
2017-08-16,194811928,3240403814,72500,435897,4799226,3245203040
2017-08-17,0,3192784751,0,289397,3186261,3195971012
2017-08-18,0,3159876057,0,289397,3186261,3163062318
2017-08-21,0,3136436464,0,289397,3186261,3139622725
2017-08-22,0,3113938267,0,249397,2745861,3116684128
2017-08-23,0,3095269775,0,238397,2624751,3097894526
2017-08-24,0,3078411310,0,238397,2624751,3081036061
2017-08-25,202252225,3035132061,519500,757897,7935182,3043067243
2017-08-28,291541062,3169563263,49600,409797,4216811,3173780074
2017-08-29,163703966,3150104012,150000,518697,5394449,3155498461
2017-08-30,120636791,3145617652,0,363697,3742442,3149360094
2017-08-31,168276042,3186954008,120000,445097,4531087,3191485095
2017-09-01,145119024,3183600505,205000,460097,4711393,3188311898
2017-09-04,156796543,3230219911,150000,420597,4327943,3234547854
2017-09-05,99514198,3236370281,30000,325597,3334113,3239704394
2017-09-06,327500155,3270346916,482200,687297,7305967,3277652883
2017-09-07,242675060,3314629494,66900,403397,4215499,3318844993
2017-09-08,129090893,3291926991,51000,312997,3245779,3295172770
2017-09-11,563889417,3461317350,564300,767297,8424921,3469742271
2017-09-12,693034060,3640588593,92000,495397,5404781,3645993374
2017-09-13,290229853,3635117589,180190,614087,6693548,3641811137
2017-09-14,609578576,3765422211,333100,626997,7078796,3772501007
2017-09-15,419734612,3795376842,40000,528797,5859071,3801235913
2017-09-18,497668683,3939516933,393000,826797,9334538,3948851471
2017-09-19,426985400,3990133092,65000,503797,5546805,3995679897
2017-09-20,291831115,4031740190,22000,440797,4870807,4036610997
2017-09-21,328364352,4033690344,140000,549797,5954302,4039644646
2017-09-22,277961426,3992389767,65000,502297,5319325,3997709092
2017-09-25,424094110,4010417852,487910,856307,9282367,4019700219
2017-09-26,848115319,4174920431,153900,574297,6506785,4181427216
2017-09-27,602087598,4153608814,374000,816297,9248645,4162857459
2017-09-28,645218558,4216580951,193500,566897,6479633,4223060584
2017-09-29,372335532,4044523149,260000,721097,8162818,4052685967
2017-10-09,701435271,4266425348,268700,668697,7643207,4274068555
2017-10-10,397661632,4287146006,50000,488897,5500091,4292646097
2017-10-11,669016267,4347930897,498600,848597,9690978,4357621875
2017-10-12,428232059,4363762452,0,398497,4443242,4368205694
2017-10-13,235368564,4373850774,188000,586497,6545307,4380396081
2017-10-16,296221109,4323094327,63400,479897,5221279,4328315606
2017-10-17,146590334,4288794586,90500,510397,5502080,4294296666
2017-10-18,205063253,4287293211,399900,782597,8467700,4295760911
2017-10-19,205226152,4255969577,17700,447097,4690048,4260659625
2017-10-20,118366876,4194633135,80000,467097,4946557,4199579692
2017-10-23,113622428,4179876032,0,347097,3696583,4183572615
2017-10-24,136977729,4172894132,198200,544597,5838080,4178732212
2017-10-25,121150365,4183049282,50000,491397,5257948,4188307230
2017-10-26,187719059,4177658329,392500,733897,7918749,4185577078
2017-10-27,150891891,4177460448,0,403897,4277269,4181737717
2017-10-30,181121951,4163185636,137400,480597,4897283,4168082919
2017-10-31,133795503,4169026334,426300,886897,9170515,4178196849
2017-11-01,114906082,4157596741,0,428097,4439366,4162036107
2017-11-02,224413996,4148064561,360800,590297,6192216,4154256777
2017-11-03,130528454,4120984546,118200,481997,5036869,4126021415
2017-11-06,157280000,4134219359,300814,635311,6753356,4140972715
2017-11-07,144678229,4151003011,105000,384497,4087203,4155090214
2017-11-08,218219142,4169922448,235000,589497,6289933,4176212381
2017-11-09,150203324,4175502751,5300,339797,3601848,4179104599
2017-11-10,168663858,4165329339,25600,360097,3755812,4169085151
2017-11-13,202666739,4148617433,272100,556597,5916626,4154534059
2017-11-14,349356921,4194255994,358400,759997,8245967,4202501961
2017-11-15,233071276,4198577354,15000,428597,4555986,4203133340
2017-11-16,159581876,4193730780,8700,437297,4556635,4198287415
2017-11-17,179348541,4161220939,61000,431097,4392878,4165613817
2017-11-20,152322314,4104577738,144200,496297,4977859,4109555597
2017-11-21,150563828,4086947480,70000,400597,3945880,4090893360
2017-11-22,133077476,4074400117,156200,402997,3985640,4078385757
2017-11-23,155933193,4017214115,212400,469697,4401061,4021615176
2017-11-24,122712435,3995085657,324000,576297,5371088,4000456745
2017-11-27,72815916,3989188475,0,275297,2557509,3991745984
2017-11-28,97268918,3980247080,260900,536197,5067062,3985314142
2017-11-29,71560479,3958403841,182900,468897,4440455,3962844296
2017-11-30,112520518,3957223022,100000,360197,3436279,3960659301
2017-12-01,57524270,3937277730,165000,420197,4017083,3941294813
2017-12-04,84280789,3928027281,111800,386997,3711301,3931738582
2017-12-05,98556495,3891651286,33400,366397,3396500,3895047786
2017-12-06,71274723,3885935981,5000,276497,2599072,3888535053
2017-12-07,79412849,3869024616,438000,670897,6326559,3875351175
2017-12-08,76672640,3857573921,21000,250497,2394751,3859968672
2017-12-11,86193274,3838326442,247630,458127,4430088,3842756530
2017-12-12,129572543,3839081790,319700,526197,5088325,3844170115
2017-12-13,108605483,3838660985,84500,336497,3274116,3841935101
2017-12-14,79412373,3843504187,0,256497,2470066,3845974253
2017-12-15,52701531,3817386254,60000,315497,3038236,3820424490
2017-12-18,64904401,3821713985,340800,576297,5497873,3827211858
2017-12-19,48946012,3805932925,0,235897,2259893,3808192818
2017-12-20,69432997,3788705859,0,214897,2013585,3790719444
2017-12-21,61017082,3782361729,169000,381297,3595631,3785957360
2017-12-22,69586229,3784806608,456400,628297,5943690,3790750298
2017-12-25,67137665,3751797497,120000,316997,2948072,3754745569
2017-12-26,52911819,3734989208,35400,232397,2179884,3737169092
2017-12-27,81556193,3740214705,387400,569797,5356092,3745570797
2017-12-28,75603342,3737198661,7500,211897,1972761,3739171422
2017-12-29,44943684,3707245538,220800,412697,3871098,3711116636
2018-01-02,103883051,3701081616,150000,351897,3353578,3704435194
2018-01-03,130481079,3717470725,0,214397,2053923,3719524648
2018-01-04,158588116,3717920136,659500,853897,8282801,3726202937
2018-01-05,111243006,3704140809,20000,284397,2724523,3706865332
2018-01-08,107896061,3734379277,0,184397,1759147,3736138424
2018-01-09,123847399,3756098543,1400,185397,1744586,3757843129
2018-01-10,72831007,3741574642,1000,186397,1737220,3743311862
2018-01-11,89476485,3731055045,330000,515497,4866292,3735921337
2018-01-12,91960922,3693362477,51000,316497,2990897,3696353374
2018-01-15,123888936,3698837992,149800,385297,3533173,3702371165
2018-01-16,65139293,3688149860,25600,289497,2657582,3690807442
2018-01-17,90183665,3682975097,40500,280197,2541387,3685516484
2018-01-18,49368149,3646664247,1500,241197,2173185,3648837432
2018-01-19,36605162,3616381936,700,241397,2165331,3618547267
2018-01-22,79763825,3634592808,150000,315497,2864713,3637457521
2018-01-23,41857169,3623895697,6400,171897,1557387,3625453084
2018-01-24,95747607,3614045119,140000,270997,2466073,3616511192
2018-01-25,101426602,3622467314,12100,163097,1484183,3623951497
2018-01-26,62333891,3586508370,10300,161297,1458125,3587966495
2018-01-29,102241513,3563050755,41600,182897,1614981,3564665736
2018-01-30,129295009,3519995290,348900,479897,4079125,3524074415
2018-01-31,106426389,3500682662,177900,373297,3049836,3503732498
2018-02-01,107986320,3456263522,342300,506997,3858247,3460121769
2018-02-02,86125776,3442337405,220000,449497,3537541,3445874946
2018-02-05,40133871,3410587483,30300,205697,1620892,3412208375
2018-02-06,61040223,3361298589,131600,337297,2546592,3363845181
2018-02-07,51352511,3344283120,38200,243597,1873261,3346156381
2018-02-08,44919944,3336570860,0,180997,1415397,3337986257
2018-02-09,44838099,3293522689,102000,282997,2142287,3295664976
2018-02-12,39655256,3266177106,0,162997,1268117,3267445223
2018-02-13,33606713,3236104571,0,136097,1058835,3237163406
2018-02-14,20975084,3199547029,0,135497,1058232,3200605261
2018-02-22,55561073,3195725453,30000,165497,1323976,3197049429
2018-02-23,59148473,3199957114,7800,140297,1137809,3201094923
2018-02-26,80745863,3191592001,52200,192497,1576550,3193168551
2018-02-27,79501515,3216024728,4000,146497,1186626,3217211354
2018-02-28,104377325,3244073819,272300,398797,3278111,3247351930
2018-03-01,56356935,3211240143,12400,159397,1315025,3212555168
2018-03-02,68219640,3221012205,0,146997,1202435,3222214640
2018-03-05,36280896,3212973033,500,147497,1206525,3214179558
2018-03-06,105612764,3215415572,361000,487997,4065015,3219480587
2018-03-07,96984093,3190904681,53200,251197,2084935,3192989616
2018-03-08,48726786,3186270996,0,147997,1226895,3187497891
2018-03-09,66368608,3160454413,19000,166997,1402775,3161857188
2018-03-12,115425728,3158516453,800,153297,1313755,3159830208
2018-03-13,71685257,3146529140,21000,174297,1471067,3148000207
2018-03-14,73164873,3153586986,500,153797,1287281,3154874267
2018-03-15,65191846,3148359501,68500,202797,1675103,3150034604
2018-03-16,40862266,3135519437,33500,167797,1382647,3136902084
2018-03-19,29442651,3126563040,60000,200997,1646165,3128209205
2018-03-20,48783990,3127093430,0,200997,1648175,3128741605
2018-03-21,48941132,3114016562,86500,287497,2337351,3116353913
2018-03-22,35156733,3100406485,36000,283497,2307666,3102714151
2018-03-23,99847879,3052096904,210000,365697,2713472,3054810376
2018-03-26,74471531,3046073653,140000,380897,2845301,3048918954
2018-03-27,45878307,3020452319,13500,394397,3005305,3023457624
2018-03-28,61114659,3018085354,126400,503097,3868816,3021954170
2018-03-29,37019708,2985510743,0,500197,3861521,2989372264
2018-03-30,39437937,2967988235,600,356297,2757739,2970745974
2018-04-02,68861182,2965386728,42900,276197,2165384,2967552112
2018-04-03,62802619,2966264699,205000,428297,3263623,2969528322
2018-04-04,40349009,2949254863,8500,231797,1743113,2950997976
2018-04-09,37149899,2944127512,100900,282197,2102368,2946229880
2018-04-10,69476049,2953390839,0,272197,2076863,2955467702
2018-04-11,36648377,2941099408,60000,318697,2431658,2943531066
2018-04-12,51077315,2945397082,142375,310872,2334648,2947731730
2018-04-13,42762493,2953041798,75000,223297,1663563,2954705361
2018-04-16,31794677,2954856144,1000,179297,1319626,2956175770
2018-04-17,25980988,2952813410,166500,308797,2272746,2955086156
2018-04-18,39988025,2944227412,50100,274197,2020832,2946248244
2018-04-19,119914683,2965047828,261000,440297,3425511,2968473339
2018-04-20,87441552,2938346958,2600,207397,1576217,2939923175
2018-04-23,139461078,2964182875,280900,413797,3289686,2967472561
2018-04-24,130244464,2976376448,81200,378597,3040134,2979416582
2018-04-25,144624211,2996268028,89700,392997,3163626,2999431654
2018-04-26,127062963,3026528402,19500,294997,2292127,3028820529
2018-04-27,50636185,2994918015,4000,168497,1319332,2996237347
2018-05-02,64874932,2981792809,148100,316597,2475789,2984268598
2018-05-03,77340768,2964822006,4900,258197,2008773,2966830779
2018-05-04,63132575,2954726071,0,223297,1748416,2956474487
2018-05-07,123479622,2989225089,100000,254297,2036919,2991262008
2018-05-08,88676112,2984178512,0,154297,1226661,2985405173
2018-05-09,87000185,2990867233,100000,254297,2031833,2992899066
2018-05-10,103834172,3009854353,2500,196797,1554696,3011409049
2018-05-11,57591019,2993460391,66000,222797,1748956,2995209347
2018-05-14,48148773,2994989182,23500,246297,1928506,2996917688
2018-05-15,292972246,3017511068,321000,541297,4454874,3021965942
2018-05-16,203899085,3021824172,0,427697,3541331,3025365503
2018-05-17,120437210,3038986063,13800,330597,2724119,3041710182
2018-05-18,134916667,3047215367,229000,408597,3346409,3050561776
2018-05-21,189273149,3070367406,34800,214397,1803079,3072170485
2018-05-22,145574038,3114395146,60700,243297,2019365,3116414511
2018-05-23,115315864,3135432643,96000,277797,2277935,3137710578
2018-05-24,86572166,3152112445,60000,282797,2301968,3154414413
2018-05-25,111213737,3159486659,126000,342797,2711524,3162198183
2018-05-28,71149595,3162679884,46000,300297,2339314,3165019198
2018-05-29,80904353,3166059163,92500,372797,2907817,3168966980
2018-05-30,77812183,3138658127,95200,375497,2786188,3141444315
2018-05-31,61170145,3136993815,76595,430792,3269711,3140263526
2018-06-01,59310873,3139252760,50000,244297,1824899,3141077659
2018-06-04,58961902,3134728471,70200,312997,2303658,3137032129
2018-06-05,81913101,3160644382,20000,272997,2031098,3162675480
2018-06-06,54392757,3134746116,75300,328297,2406417,3137152533
2018-06-07,47109994,3129206092,0,268297,1969300,3131175392
2018-06-08,80444475,3118812058,209800,332797,2399466,3121211524
2018-06-11,31963287,3112407138,73300,286997,2046289,3114453427
2018-06-12,44413221,3114236277,60000,277697,1996641,3116232918
2018-06-13,42403555,3106391160,65000,342697,2457137,3108848297
2018-06-14,41026791,3103740673,0,183397,1313123,3105053796
2018-06-15,107271578,3044185521,296300,393597,2766987,3046952508
2018-06-19,93121981,2995118750,204000,539597,3415649,2998534399
2018-06-20,58526455,2961280928,23400,458997,2854961,2964135889
2018-06-21,84129538,2916852532,125200,442797,2656782,2919509314
2018-06-22,50608917,2909394301,31200,171297,1031208,2910425509
2018-06-25,35561728,2902103373,62300,201897,1193211,2903296584
2018-06-26,45200001,2898704750,146132,346229,2066987,2900771737
2018-06-27,60628182,2891111475,170000,375397,2259890,2893371365
2018-06-28,41408914,2884266216,125000,340397,2021958,2886288174
2018-06-29,86554694,2915072671,115000,258300,1565298,2916637969
2018-07-02,53891305,2883372718,180300,408600,2422998,2885795716
2018-07-03,55542258,2883786760,42000,315600,1893600,2885680360
2018-07-04,24800483,2871158402,175513,396113,2333106,2873491508
2018-07-05,35921813,2850059214,115900,436800,2524704,2852583918
2018-07-06,52932443,2829728507,95300,262600,1512576,2831241083
2018-07-09,34221525,2819517125,179500,367100,2132851,2821649976
2018-07-10,99453257,2847717930,265000,385600,2317456,2850035386
2018-07-11,49495117,2837783282,80000,270600,1577598,2839360880
2018-07-12,77264307,2856616711,126700,322300,1937023,2858553734
2018-07-13,43951581,2815340340,0,66100,394617,2815734957
2018-07-16,85652530,2828298549,398500,464600,2829414,2831127963
2018-07-17,113434940,2845864056,188700,444568,2760767,2848624823
2018-07-18,133512522,2859230117,162800,498668,3051848,2862281965
2018-07-19,48324856,2841841897,95000,353800,2154642,2843996539
2018-07-20,51644266,2826198692,178000,353800,2172332,2828371024
2018-07-23,62311128,2826068109,115000,290800,1794236,2827862345
2018-07-24,121184510,2851212665,384800,560600,3520568,2854733233
2018-07-25,100288134,2860219435,16700,307500,1918800,2862138235
2018-07-26,76800764,2875579620,160000,388800,2430000,2878009620
2018-07-27,33589739,2867807696,8500,184300,1129759,2868937455
2018-07-30,55812802,2844973389,40000,201300,1217865,2846191254
2018-07-31,84095248,2899780773,202493,373793,2272661,2902053434
2018-08-01,56320810,2898717795,77200,300293,1792749,2900510544
2018-08-02,79957707,2900544010,196700,406000,2322320,2902866330
2018-08-03,24456053,2880045669,14800,249100,1402433,2881448102
2018-08-06,38969074,2860720738,246700,420800,2314400,2863035138
2018-08-07,41547700,2861633871,0,232500,1311300,2862945171
2018-08-08,49411781,2865916238,181600,414100,2277550,2868193788
2018-08-09,57172893,2851851811,0,252500,1414000,2853265811
2018-08-10,49055077,2846050346,11600,174100,980183,2847030529
2018-08-13,32367084,2840325733,63300,225800,1280286,2841606019
2018-08-14,52028159,2839579365,101700,264200,1511224,2841090589
2018-08-15,27443401,2822170154,40000,222500,1237100,2823407254
2018-08-16,21537622,2820401158,161000,363500,2002885,2822404043
2018-08-17,15688365,2804830594,1000,313500,1708575,2806539169
2018-08-20,28700233,2793576824,112700,265200,1445340,2795022164
2018-08-21,29813639,2801604177,75000,299200,1648592,2803252769
2018-08-22,13729862,2794958179,105000,329200,1780972,2796739151
2018-08-23,23546921,2787269171,85000,339200,1852032,2789121203
2018-08-24,21638601,2773833950,77000,151200,819504,2774653454
2018-08-27,57336722,2803934774,75000,117500,648600,2804583374
2018-08-28,58367692,2826402346,96600,139100,759486,2827161832
2018-08-29,37584914,2811967939,75000,192500,1027950,2812995889
2018-08-30,24351239,2798994661,16600,134100,713412,2799708073
2018-08-31,27136422,2787759050,83300,125800,674288,2788433338
2018-09-03,28886218,2771220810,113700,164200,875186,2772095996
2018-09-04,41035862,2769833301,135300,209800,1137116,2770970417
2018-09-05,29268694,2749027410,90700,218700,1170045,2750197455
2018-09-06,21963058,2747279552,75000,205100,1093183,2748372735
2018-09-07,26889797,2741093566,81400,211400,1130990,2742224556
2018-09-10,17046956,2722861174,101000,237400,1248724,2724109898
2018-09-11,19843183,2710069019,75000,211000,1105640,2711174659
2018-09-12,18609744,2701079813,500,136500,722085,2701801898
2018-09-13,30609626,2683847981,10800,147300,788055,2684636036
2018-09-14,23010145,2671983712,23400,100500,535665,2672519377
2018-09-17,17429227,2661887878,28100,120800,632992,2662520870
2018-09-18,23560079,2657104030,81000,191218,1021104,2658125134
2018-09-19,46440342,2654935997,19200,205318,1104611,2656040608
2018-09-20,30413968,2658724896,138100,330218,1783177,2660508073
2018-09-21,49787807,2653553037,58500,230118,1256444,2654809481
2018-09-25,27068743,2653411872,7000,171318,928544,2654340416
2018-09-26,31395182,2655576773,23900,139918,758356,2656335129
2018-09-27,17729037,2630949376,19900,139918,751360,2631700736
2018-09-28,26520764,2612552113,10000,130018,704698,2613256811
2018-10-08,34331723,2605757342,142800,250818,1311778,2607069120
2018-10-09,29126101,2604744760,104890,213508,1112377,2605857137
2018-10-10,14578265,2604643161,137500,261708,1363499,2606006660
2018-10-11,78133829,2476142564,363849,547357,2758679,2478901243
2018-10-12,34364267,2447062551,69700,379093,1906837,2448969388
2018-10-15,24580438,2439260178,98300,440293,2135422,2441395600
2018-10-16,17787004,2401461943,71500,488593,2271957,2403733900
2018-10-17,35991210,2376774205,52600,478293,2195365,2378969570
2018-10-18,37490131,2332803180,63000,518693,2209632,2335012812
2018-10-19,42872257,2324653425,24000,346693,1504648,2326158073
2018-10-22,58985372,2326477353,126600,446293,2017244,2328494597
2018-10-23,59351832,2330109919,64900,483393,2097926,2332207845
2018-10-24,30246631,2332707649,57000,389793,1680007,2334387656
2018-10-25,43402502,2335104087,69800,317893,1338330,2336442417
2018-10-26,152279810,2406299853,304300,472793,2189032,2408488885
2018-10-29,130849546,2360130596,109700,401793,1844230,2361974826
2018-10-30,114623293,2365723181,413500,704293,3331306,2369054487
2018-10-31,72528576,2368265464,39400,507457,2390123,2370655587
2018-11-01,103477933,2400223345,71000,490457,2300244,2402523589
2018-11-02,109417001,2386531401,172300,387457,1855919,2388387320
2018-11-05,85616987,2402789078,169100,392457,1864171,2404653249
2018-11-06,45359808,2404352684,55700,436557,2060549,2406413233
2018-11-07,88140417,2396868374,236326,617183,2937791,2399806165
2018-11-08,42866968,2400412088,45700,469857,2213027,2402625115
2018-11-09,34319318,2399254732,11100,304157,1408247,2400662979
2018-11-12,73551299,2404485548,286700,486657,2335953,2406821501
2018-11-13,129748547,2405793121,365600,636057,3180285,2408973406
2018-11-14,70237838,2400842193,67100,496257,2436622,2403278815
2018-11-15,69955807,2392162816,237100,656657,3276719,2395439535
2018-11-16,107537437,2386630670,181400,413657,2088967,2388719637
2018-11-19,89625346,2388937353,227400,497857,2563963,2391501316
2018-11-20,97582724,2397289150,257100,661557,3354094,2400643244
2018-11-21,56443858,2394736700,64400,480557,2431618,2397168318
2018-11-22,40631954,2382830155,25100,377957,1897344,2384727499
2018-11-23,82029115,2370352705,106700,377957,1780178,2372132883
2018-11-26,24173709,2360837232,176800,467957,2213437,2363050669
2018-11-27,26426889,2353502242,116700,546757,2602563,2356104805
2018-11-28,43320300,2352652338,140300,553757,2658033,2355310371
2018-11-29,31740079,2345584917,71600,468957,2185339,2347770256
2018-11-30,30702389,2343554945,86000,338257,1589808,2345144753
2018-12-03,65164896,2346086020,211400,472857,2307542,2348393562
2018-12-04,46897811,2353560022,26800,444208,2181061,2355741083
2018-12-05,33251881,2345059384,31400,475208,2290503,2347349887
2018-12-06,30513301,2346724234,390400,838608,3966616,2350690850
2018-12-07,12635245,2329474502,20200,286808,1353734,2330828236
2018-12-10,75033061,2320781644,618100,875208,4288519,2325070163
2018-12-11,33867944,2317836249,2800,369808,1815757,2319652006
2018-12-12,47403690,2334299005,64200,434008,2152680,2336451685
2018-12-13,47360517,2322226688,33500,323708,1612066,2323838754
2018-12-14,44903335,2303749276,11800,296708,1427165,2305176441
2018-12-17,25648839,2294938381,12800,297608,1416614,2296354995
2018-12-18,18241030,2288243592,18700,304408,1439850,2289683442
2018-12-19,18607624,2291233474,76900,368608,1739830,2292973304
2018-12-20,25610318,2295075219,33800,340808,1612022,2296687241
2018-12-21,16480882,2294969223,8000,290808,1366798,2296336021
2018-12-24,15716253,2297875139,8300,295308,1390901,2299266040
2018-12-25,35662383,2295934386,260500,543308,2520949,2298455335
2018-12-26,14727952,2283581618,13900,314708,1438216,2285019834
2018-12-27,27540014,2285759483,71500,373308,1694818,2287454301
2018-12-28,16272138,2277867043,6900,302308,1360386,2279227429
2019-01-02,9155175,2273259786,7000,309308,1382607,2274642393
2019-01-03,17484387,2262466720,112100,414108,1859345,2264326065
2019-01-04,32655278,2258830942,43100,333008,1531837,2260362779
2019-01-07,23318771,2246458093,59417,380825,1774644,2248232737
2019-01-08,109896361,2282979590,542600,888318,4352758,2287332348
2019-01-09,49236565,2271944001,25200,426418,2063863,2274007864
2019-01-10,51977063,2280120639,97000,451618,2190348,2282310987
2019-01-11,51207319,2285765593,32100,353118,1730278,2287495871
2019-01-14,39922649,2281991587,177300,519418,2539954,2284531541
2019-01-15,55235181,2287164361,11500,367318,1807204,2288971565
2019-01-16,25294802,2267102790,52300,415618,2024060,2269126850
2019-01-17,63107390,2254774651,76400,384118,1770784,2256545435
2019-01-18,59391738,2256241833,571300,906218,4204851,2260446684
2019-01-21,40236409,2241059894,92100,676218,3151176,2244211070
2019-01-22,53850850,2254260798,196800,762018,3566244,2257827042
2019-01-23,59380570,2258653120,350700,760718,3484089,2262137209
2019-01-24,70968546,2197596433,12300,556118,2458041,2200054474
2019-01-25,59637235,2202488048,286000,749818,3344189,2205832237
2019-01-28,31226086,2199578100,35500,592718,2613886,2202191986
2019-01-29,38788061,2180373404,122900,623700,2669436,2183042840
2019-01-30,26427445,2169043563,15500,476910,1988715,2171032278
2019-01-31,34421717,2156639935,10000,475210,1948361,2158588296
2019-02-01,47725712,2149792545,8400,447110,1904689,2151697234
2019-02-11,43270079,2155873029,161600,599110,2624102,2158497131
2019-02-12,60508730,2150976130,148000,670210,3029349,2154005479
2019-02-13,252061285,2246712119,702400,1229610,6111162,2252823281
2019-02-14,324147879,2282382622,210900,1411800,7044882,2289427504
2019-02-15,333074630,2367691847,107400,1238200,6537696,2374229543
2019-02-18,356245381,2442039081,78800,949600,5175320,2447214401
2019-02-19,371203857,2505019872,542200,1413000,7771500,2512791372
2019-02-20,281529566,2564341786,98000,1007800,5421964,2569763750
2019-02-21,318465032,2552978097,260000,1081000,5794160,2558772257
2019-02-22,259763570,2537845048,147900,1007300,5489785,2543334833
2019-02-25,485560456,2568708281,387500,1232400,7209540,2575917821
2019-02-26,477380688,2578972051,210500,1027500,5938950,2584911001
2019-02-27,238821424,2550043715,355400,1106900,6209709,2556253424
2019-02-28,168806759,2563593105,109500,851000,4825170,2568418275
2019-03-01,146518461,2540145596,641900,1390000,7950800,2548096396
2019-03-04,380870885,2599420855,102900,865000,5017000,2604437855
2019-03-05,559552134,2767125240,687700,1359700,8525319,2775650559
2019-03-06,314691388,2636091441,133500,945600,5881632,2641973073
2019-03-07,338402234,2628311347,375700,1059900,6624375,2634935722
2019-03-08,525721995,2704854997,720000,1387200,8836464,2713691461
2019-03-11,532271184,2851302711,483200,1227300,8210637,2859513348
2019-03-12,455303052,2867350884,180500,951900,6301578,2873652462
2019-03-13,314055048,2808968718,601400,1307800,8265296,2817234014
2019-03-14,232302263,2780205185,164400,1148700,6995583,2787200768
2019-03-15,149677629,2780791054,86800,907600,5572664,2786363718
2019-03-18,215342468,2777773678,946352,1605152,10160612,2787934290
2019-03-19,182948909,2748324481,241100,1140400,7252944,2755577425
2019-03-20,135588262,2731236202,174300,1161800,7249632,2738485834
2019-03-21,185841156,2711116452,678800,1433175,9014671,2720131123
2019-03-22,126519105,2605494077,338900,1163275,7282102,2612776179
2019-03-25,132321870,2597285495,313400,1326675,8105984,2605391479
2019-03-26,137344037,2555926426,251800,1138575,6649278,2562575704
2019-03-27,82922253,2542143722,504900,1365075,8026641,2550170363
2019-03-28,110212768,2556445228,440700,1243375,7224009,2563669237
2019-03-29,163981984,2573848422,473200,1191375,7195905,2581044327
2019-04-01,216547997,2597257164,495600,1260275,7864116,2605121280
2019-04-02,223529423,2609506810,870700,1519275,9571433,2619078243
2019-04-03,149931553,2622847686,61100,896375,5629235,2628476921
2019-04-04,284370759,2640386153,1127100,1809875,11619398,2652005551
2019-04-08,258557357,2610209930,237700,1124675,6995479,2617205409
2019-04-09,110834219,2589481887,147187,915962,5669805,2595151692
2019-04-10,160781381,2566483801,832800,1532862,9641702,2576125503
2019-04-11,136381125,2554402460,196773,1181435,7159496,2561561956
2019-04-12,68588183,2548055155,397400,1174835,7131248,2555186403
2019-04-15,83104613,2523643128,123800,822562,4894244,2528537372
2019-04-16,89552642,2508557195,469500,1039562,6372515,2514929710
2019-04-17,247383515,2569392339,1107300,1712362,10839251,2580231590
2019-04-18,215063681,2592496366,494000,1472362,9349499,2601845865
2019-04-19,705675627,2776320223,802000,1778762,12433546,2788753769
2019-04-22,864004783,2836162644,510800,1609162,11650333,2847812977
2019-04-23,426839428,2823057846,505082,1513944,10264540,2833322386
2019-04-24,325237293,2811126239,787302,1798564,12661891,2823788130
2019-04-25,291271933,2790689332,561700,1727264,11296307,2801985639
2019-04-26,157674899,2754655954,326100,1568964,9915852,2764571806
2019-04-29,153369142,2680219490,545400,1428864,8315988,2688535478
2019-04-30,119709047,2641127805,942300,1753864,10821341,2651949146
2019-05-06,134674631,2597059548,404300,1330364,7596378,2604655926
2019-05-07,102404300,2589473463,360600,1365064,7958323,2597431786
2019-05-08,91945018,2599148054,384500,1368264,7785422,2606933476
2019-05-09,60527259,2583514956,63900,1081064,6118822,2589633778
2019-05-10,114264055,2581307457,529100,1529764,8903226,2590210683
2019-05-13,66795428,2588110215,171200,1306564,7460480,2595570695
2019-05-14,51037742,2578619600,549800,1658964,9356557,2587976157
2019-05-15,86431931,2577539290,455400,1426162,8286001,2585825291
2019-05-16,172381197,2501281622,634400,1564500,8573460,2509855082
2019-05-17,175663284,2337214965,731000,1891600,9439084,2346654049
2019-05-20,96560582,2295241051,307200,1634700,7732131,2302973182
2019-05-21,90005941,2262838221,674400,2022200,10232332,2273070553
2019-05-22,44756495,2251369543,35200,1671500,8290640,2259660183
2019-05-23,92996920,2254546119,515600,1887300,9493119,2264039238
2019-05-24,34927338,2248196553,21300,1152900,5706855,2253903408
2019-05-27,69586811,2266961489,520500,1435100,7304659,2274266148
2019-05-28,95432756,2261446265,946000,2093700,10845366,2272291631
2019-05-29,66848005,2253622958,181100,1737700,8966532,2262589490
2019-05-30,51384405,2256781196,255100,1721400,8693070,2265474266
2019-05-31,36409425,2253626106,86913,1335113,6675565,2260301671
2019-06-03,37485698,2250080618,144700,1346013,6635844,2256716462
2019-06-04,25734654,2233738000,215500,1430713,6953265,2240691265
2019-06-05,28800898,2227235236,373400,1429513,7033204,2234268440
2019-06-06,25114028,2222354606,123700,1164391,5600721,2227955327
2019-06-10,53053249,2226270831,1048100,2116191,10623279,2236894110
2019-06-11,82182461,2227917378,52300,1338891,6881900,2234799278
2019-06-12,74476325,2237342978,48900,1291691,6548873,2243891851
2019-06-13,43547215,2236414885,257400,1438391,7335794,2243750679
2019-06-14,47877436,2232521822,142600,1341591,6600628,2239122450
2019-06-17,19509258,2226054949,35300,966785,4785586,2230840535
2019-06-18,17875645,2221797209,231000,1171685,5811558,2227608767
2019-06-19,69153062,2212125787,894499,1773784,8975347,2221101134
2019-06-20,93660006,2234518286,310500,1191084,6098350,2240616636
2019-06-21,115064181,2225173995,962800,1742484,9235166,2234409161
2019-06-24,99952105,2240777931,27800,1261684,6598608,2247376539
2019-06-25,64777834,2226946998,618861,1698245,8779926,2235726924
2019-06-26,52415657,2243996308,16300,1472184,7581748,2251578056
2019-06-27,43778827,2242876391,32500,1105184,5724853,2248601244
2019-06-28,48774385,2234347566,711700,1481084,7612772,2241960338
2019-07-01,184121257,2251169344,802800,1598684,8728815,2259898159
2019-07-02,84498069,2249853466,263600,1331384,7149532,2257002998
2019-07-03,70745320,2243276799,179300,1153081,6111330,2249388129
2019-07-04,39630340,2229244382,22200,1003681,5289399,2234533781
2019-07-05,28928629,2216131682,3000,852881,4494683,2220626365
2019-07-08,78475351,2206389146,430900,1159681,5810002,2212199148
2019-07-09,26941224,2209273253,36100,959281,4805998,2214079251
2019-07-10,36282134,2204070017,323300,1092081,5416722,2209486739
2019-07-11,26152478,2190018901,224600,970781,4805366,2194824267
2019-07-12,24443004,2186404771,211000,1014781,5033314,2191438085
2019-07-15,41799187,2196644054,142200,973781,4888381,2201532435
2019-07-16,36717420,2184629475,348900,1048981,5297354,2189926829
2019-07-17,89866638,2199771856,683700,1471281,7444682,2207216538
2019-07-18,49406343,2200067658,8400,1270281,6275188,2206342846
2019-07-19,31439346,2191935661,15700,947781,4691516,2196627177
2019-07-22,41442809,2160873546,462700,1167482,5568889,2166442435
2019-07-23,17086403,2149867475,149200,1026882,4939302,2154806777
2019-07-24,60652601,2165306432,1010300,1371282,6732995,2172039427
2019-07-25,36890081,2153850307,178100,906682,4460875,2158311182
2019-07-26,18870338,2144344914,282600,925382,4534372,2148879286
2019-07-29,34875010,2140112218,549400,1204082,5851839,2145964057
2019-07-30,28558895,2135080256,132100,904282,4412896,2139493152
2019-07-31,27257821,2130576000,20000,734982,3542613,2134118613
2019-08-01,23034181,2124638076,377500,939882,4539630,2129177706
2019-08-02,30825640,2108541453,36600,737482,3466165,2112007618
2019-08-05,25263647,2108437912,136900,839082,3868168,2112306080
2019-08-06,44135817,2041048518,196000,816482,3608850,2044657368
2019-08-07,11862633,2032921582,4000,817582,3597361,2036518943
2019-08-08,14321798,2028732375,97515,884497,3927167,2032659542
2019-08-09,15862824,2020841448,73453,890150,3889956,2024731404
2019-08-12,19998751,2015541709,209500,934350,4167201,2019708910
2019-08-13,17159004,2006003384,0,669650,2946460,2008949844
2019-08-14,75486920,2021582509,839300,1334050,6069928,2027652437
2019-08-15,37448700,2015200924,165200,1025650,4646195,2019847119
2019-08-16,41801454,2004723507,337000,956650,4381457,2009104964
2019-08-19,55710747,1998620459,468800,1041150,4945463,2003565922
2019-08-20,70121296,2004586722,390900,1090550,5201924,2009788646
2019-08-21,58280342,2009278963,206200,972581,4717018,2013995981
2019-08-22,32097176,2005322353,0,802081,3874051,2009196404
2019-08-23,28775831,1982176012,24500,765381,3666175,1985842187
2019-08-26,28980392,1972690071,339500,1037981,4868131,1977558202
2019-08-27,33789559,1968100731,97200,840181,3982458,1972083189
2019-08-28,39118626,1972411647,3000,664981,3112111,1975523758
2019-08-29,20970873,1973297071,115000,728381,3394255,1976691326
2019-08-30,43039666,1975713618,28700,607181,2762674,1978476292
2019-09-02,38993361,1965194919,326900,903581,4246831,1969441750
2019-09-03,43291300,1967553135,36100,655981,3122470,1970675605
2019-09-04,126130401,1978880911,995800,1518081,7560043,1986440954
2019-09-05,117834716,1971912747,181900,698081,3483424,1975396171
2019-09-06,53955477,1961564801,429500,946681,4771272,1966336073
2019-09-09,141812747,1997663776,558600,1119653,5833392,2003497168
2019-09-10,113497347,2025595835,310600,1011453,5198868,2030794703
2019-09-11,112690366,2030312357,430400,1002853,5154664,2035467021
2019-09-12,197198031,2053442890,704600,1241053,6701686,2060144576
2019-09-16,134440809,2063065429,251300,913353,4950373,2068015802
2019-09-17,115930153,2081917751,382400,1112853,5753450,2087671201
2019-09-18,83128027,2100106614,199906,919659,4699457,2104806071
2019-09-19,134677354,2074153714,688400,1426159,7686997,2081840711
2019-09-20,302194938,2133652027,191500,983359,5654314,2139306341
2019-09-23,247056751,2141144855,642000,1546959,9204406,2150349261
2019-09-24,233574935,2180060191,214100,1191759,6781109,2186841300
2019-09-25,186183498,2198636419,35900,1086659,5944025,2204580444
2019-09-26,141996924,2169697607,485100,1435259,7807809,2177505416
2019-09-27,206338731,2186265739,681800,1644859,9556631,2195822370
2019-09-30,126631600,2170473698,262600,1353359,7687079,2178160777
2019-10-08,151600133,2198332338,492800,1679659,9288514,2207620852
2019-10-09,109420069,2178280846,108800,1412059,7610998,2185891844
2019-10-10,137342128,2189323698,524100,1719159,9558524,2198882222
2019-10-11,105111652,2177427421,187300,1347459,7249329,2184676750
2019-10-14,108144305,2187149399,177300,1302359,7110880,2194260279
2019-10-15,82396657,2188224381,96700,1241059,6577613,2194801994
2019-10-16,72473968,2175307866,17500,1237359,6508508,2181816374
2019-10-17,37651735,2163569270,155500,1246659,6582360,2170151630
2019-10-18,49367811,2155395666,267400,958759,4947196,2160342862
2019-10-21,42662797,2143426060,79400,962238,5003638,2148429698
2019-10-22,37110917,2138957404,93700,843938,4455993,2143413397
2019-10-23,32689502,2142197729,278400,1100438,5722278,2147920007
2019-10-24,25151787,2138262807,245500,1049738,5427145,2143689952
2019-10-25,63316811,2141138842,71400,1066138,5554579,2146693421
2019-10-28,51072038,2124297708,237400,1258038,6655021,2130952729
2019-10-29,69938537,2104420176,10400,1056738,5389364,2109809540
2019-10-30,37127258,2105675354,86300,1129338,5691864,2111367218
2019-10-31,64073438,2029772194,148500,1169538,5578696,2035350890
2019-11-01,38479815,2019308040,153500,1148638,5547922,2024855962
2019-11-04,27445228,2020932637,2900,995738,4789500,2025722137
2019-11-05,23902269,2008073780,31700,831738,4017295,2012091075
2019-11-06,25839630,2004312295,89500,879538,4204192,2008516487
2019-11-07,101909873,2018234347,980700,1620038,8197392,2026431739
2019-11-08,52456606,2016792290,3100,1335538,6650979,2023443269
2019-11-11,55373098,2014435252,7000,929597,4471362,2018906614
2019-11-12,31878757,2003680352,308100,1226697,5986281,2009666633
2019-11-13,25261377,2005590762,11100,1083597,5233774,2010824536
2019-11-14,58548045,2007614869,528800,1461697,7147698,2014762567
2019-11-15,38985624,1987565764,5500,862197,4121302,1991687066
2019-11-18,38900147,1997245757,140400,800497,3842386,2001088143
2019-11-19,0,1981199184,0,640997,3076786,1984275970
2019-11-20,0,1960864806,0,635997,3052786,1963917592
2019-11-21,0,1949292509,0,633800,3042240,1952334749
2019-11-22,0,1937659419,0,633800,3042240,1940701659
2019-11-25,0,1928673481,0,503800,2418240,1931091721
2019-11-26,0,1921169132,0,503800,2418240,1923587372
2019-11-27,0,1916037792,0,503800,2418240,1918456032
2019-11-28,0,1900642528,0,503800,2418240,1903060768
2019-11-29,0,1893679899,0,503800,2418240,1896098139
2019-12-02,0,1890035309,0,503800,2418240,1892453549
2019-12-03,0,1884948917,0,503800,2418240,1887367157
2019-12-04,0,1876981618,0,503800,2418240,1879399858
2019-12-05,0,1871689899,0,503800,2418240,1874108139
2019-12-06,0,1849345812,0,503800,2418240,1851764052
2019-12-09,0,1842064898,0,503800,2418240,1844483138
2019-12-10,347760,1808504907,0,483800,2090016,1810594923
2019-12-11,639127,1775119678,0,480900,1870701,1776990379
2019-12-12,337400,1738074671,0,480900,1683150,1739757821
2019-12-13,58392039,1475720242,247700,702800,2291128,1478011370
2019-12-16,34572425,1454290125,15200,709400,2284268,1456574393
2019-12-17,73637818,1458188307,48000,614200,2174268,1460362575
2019-12-18,37369598,1430947106,125700,732200,2701818,1433648924
2019-12-19,22864648,1430216570,1067100,1799300,6531459,1436748029
2019-12-20,18903685,1423657365,113300,1657600,5934208,1429591573
2019-12-23,18862376,1405662599,495000,2142800,7221236,1412883835
2019-12-24,11018238,1395602281,50000,1853800,6414148,1402016429
2019-12-25,8373350,1387293898,143000,1992800,6835304,1394129202
2019-12-26,9882587,1378406616,82800,1885600,6411040,1384817656
2019-12-27,18062085,1364323043,875300,2679600,9432192,1373755235
2019-12-30,13012630,1353022845,60600,1916700,6516780,1359539625
2019-12-31,18168690,1337717788,0,1525100,5124336,1342842124
2020-01-02,16040204,1329458471,547500,2051600,6954924,1336413395
2020-01-03,21316106,1327244701,390700,2274800,7870808,1335115509
2020-01-06,15381647,1319591550,127500,1604800,5552608,1325144158
2020-01-07,28928834,1318179666,537500,1591600,5729760,1323909426
2020-01-08,19424923,1304300072,140000,1601300,5636576,1309936648
2020-01-09,16445988,1299366608,295400,1166700,4176786,1303543394
2020-01-10,14860266,1294446634,140000,1154500,4075385,1298522019
2020-01-13,14219769,1291952870,40000,1190800,4179708,1296132578
2020-01-14,12406318,1279149478,40000,613800,2148300,1281297778
2020-01-15,12516719,1270329786,1200,573500,1949900,1272279686
2020-01-16,8926298,1258788690,2500,575400,1910328,1260699018
2020-01-17,7156286,1247317504,0,574200,1923570,1249241074
2020-01-20,13573390,1246296971,1600,573300,1932021,1248228992
2020-01-21,10367971,1240886892,0,568300,1886756,1242773648
2020-01-22,10842969,1231799793,126500,694800,2313684,1234113477
2020-01-23,14153931,1186790120,139400,796900,2430545,1189220665
2020-02-03,701800,1159494079,0,793200,2181300,1161675379
2020-02-04,8665624,1103157132,0,727200,1876176,1105033308
2020-02-05,8323443,1095378136,4800,682000,1875500,1097253636
2020-02-06,10591364,1084235655,50000,674000,1907420,1086143075
2020-02-07,6607148,1078397907,0,494000,1383200,1079781107
2020-02-10,14795402,1078456608,87700,345600,1026432,1079483040
2020-02-11,11001917,1077380963,6800,314300,917756,1078298719
2020-02-12,9447974,1072008497,25000,328500,969075,1072977572
2020-02-13,5820201,1066175903,8400,336900,977010,1067152913
2020-02-14,7938344,1058286405,240500,577400,1662912,1059949317
2020-02-17,20108338,1051367983,91600,389000,1190340,1052558323
2020-02-18,29985135,1061675759,308700,606100,2042557,1063718316
2020-02-19,49813633,1052393804,180000,395900,1365855,1053759659
2020-02-20,46151994,1059617312,369300,724800,2594784,1062212096
2020-02-21,30744748,1059203303,0,688900,2445595,1061648898
2020-02-24,46633183,1042701159,78900,487800,1907298,1044608457
2020-02-25,73375263,1042932690,434100,766400,3264864,1046197554
2020-02-26,61624478,1034732817,130000,612300,2510430,1037243247
2020-02-27,47187844,1031999897,280000,765500,2977795,1034977692
2020-02-28,31866494,1028178545,75000,600100,2184364,1030362909
2020-03-02,31375386,1027484427,280000,780200,2933552,1030417979
2020-03-03,35911853,1034191468,121900,612300,2320617,1036512085
2020-03-04,17563534,1019321344,0,538600,1998206,1021319550
2020-03-05,30883353,1016601698,123400,570400,2133296,1018734994
2020-03-06,18483746,1002382277,91600,622000,2332500,1004714777
2020-03-09,15178508,989151522,0,590200,2107014,991258536
2020-03-10,19890164,991123404,31800,617600,2235712,993359116
2020-03-11,16444577,983118121,100,514500,1872780,984990901
2020-03-12,14530294,969908820,0,514500,1800750,971709570
2020-03-13,15304523,969558922,0,514500,1754445,971313367
2020-03-16,13309129,960884980,143200,617700,1988994,962873974
2020-03-17,10578753,957347945,234000,851700,2759508,960107453
2020-03-18,8500332,952824827,0,651700,2078923,954903750
2020-03-19,9337256,951059825,426200,1077900,3438501,954498326
2020-03-20,9698306,947168798,40000,774700,2533269,949702067
2020-03-23,6140265,944398862,200000,974700,3041064,947439926
2020-03-24,9039176,944354875,603100,1377800,4395182,948750057
2020-03-25,8983908,945198906,290000,1424600,4658442,949857348
2020-03-26,4340736,938574966,0,1424600,4515982,943090948
2020-03-27,3304229,935079068,0,1190600,3738484,938817552
2020-03-30,5295215,928070403,0,1190600,3595612,931666015
2020-03-31,4483339,922767373,0,1190600,3571800,926339173
2020-04-01,6596431,920769066,1009300,2059900,6220898,926989964
2020-04-02,9602478,921484515,701900,2621800,8180016,929664531
2020-04-03,8056422,918394265,0,2290000,6984500,925378765
2020-04-07,8605958,915984057,371800,2521800,7868016,923852073
2020-04-08,10851972,914566557,68000,2542600,8060042,922626599
2020-04-09,6972550,912934653,7000,2071700,6567289,919501942
2020-04-10,5898483,903909917,16200,1940900,5958563,909868480
2020-04-13,1733449,900134745,19400,1960300,5939709,906074454
2020-04-14,4657226,897723450,170500,1904600,5866168,903589618
2020-04-15,2246202,889755061,0,1904600,5770938,895525999
2020-04-16,4450019,885632152,320000,2124100,6414782,892046934
2020-04-17,7029963,883491704,120000,1920900,5781909,889273613
2020-04-20,2768147,875724836,0,1808300,5406817,881131653
2020-04-21,4761430,871331411,201800,1804700,5251677,876583088
2020-04-22,4177954,864234841,275100,843600,2463312,866698153
2020-04-23,4420879,857235028,120000,906600,2592876,859827904
2020-04-24,3394341,852961703,0,786600,2186748,855148451
2020-04-27,6398616,850139389,55000,524800,1458944,851598333
2020-04-28,1833381,844056466,810000,1329800,3550566,847607032
2020-04-29,2777100,841493857,0,1319800,3537064,845030921
2020-04-30,5250513,835073689,308000,1323500,3679330,838753019
2020-05-06,2281880,832001989,30000,1253500,3522335,835524324
2020-05-07,1871368,829251035,40000,1223500,3352390,832603425
2020-05-08,1710108,826501757,0,413500,1132990,827634747
2020-05-11,3909646,825538618,111000,301100,818992,826357610
2020-05-12,1958933,821385342,400000,696500,1852690,823238032
2020-05-13,11284443,820710094,899100,1515600,4395240,825105334
2020-05-14,12844108,821578622,50000,1362400,3869216,825447838
2020-05-15,10711037,823337339,1110500,2384900,6796965,830134304
2020-05-18,7300381,814479375,148000,2429600,6754288,821233663
2020-05-19,3464591,811394294,329200,2574500,7054130,818448424
2020-05-20,11233683,809578053,498000,2999500,8338610,817916663
2020-05-21,9741471,811500482,353300,3080500,8532985,820033467
2020-05-22,2031946,808962011,175600,2246500,6020620,814982631
2020-05-25,3452393,808669704,271046,2316946,6255754,814925458
2020-05-26,2812623,807421290,143500,2089246,5703642,813124932
2020-05-27,7197299,806339268,358100,1244846,3410878,809750146
2020-05-28,6406284,806294370,164800,1161646,3206143,809500513
2020-05-29,9115559,808067850,0,718700,1990799,810058649
2020-06-01,8062403,809364462,5000,627100,1774693,811139155
2020-06-02,15164000,806796708,260000,615100,1826847,808623555
2020-06-03,9359644,807486864,0,479800,1386622,808873486
2020-06-04,6036178,808304812,117300,597100,1731590,810036402
2020-06-05,2667689,803100911,100000,686100,1955385,805056296
2020-06-08,15630927,811125055,15600,597700,1745284,812870339
2020-06-09,10391388,813299761,0,583100,1685159,814984920
2020-06-10,6969974,805653557,170600,572700,1620741,807274298
2020-06-11,3874947,799699192,3000,545700,1533417,801232609
2020-06-12,7174262,797539985,0,468000,1291680,798831665
2020-06-15,5599440,798271431,16900,444900,1210128,799481559
2020-06-16,5110988,792611956,207500,535800,1478808,794090764
2020-06-17,4570371,790114562,23300,437300,1198202,791312764
2020-06-18,5839692,784028832,95000,509000,1409930,785438762
2020-06-19,5253457,782030014,0,494000,1358500,783388514
2020-06-22,4166281,778292099,0,470000,1292500,779584599
2020-06-23,4409391,777772282,0,470000,1269000,779041282
2020-06-24,2904317,775493391,0,470000,1278400,776771791
2020-06-29,7679157,776237310,33100,457100,1215886,777453196
2020-06-30,7042169,779470625,500,425800,1136886,780607511
2020-07-01,3530256,776511561,0,425300,1122792,777634353
2020-07-02,6711290,774432776,219800,531800,1435860,775868636
2020-07-03,9100291,773576571,29900,556700,1508657,775085228
2020-07-06,45284362,796558612,105000,438200,1253252,797811864
2020-07-07,22485728,767555541,112600,426300,1232007,768787548
2020-07-08,16282468,759572693,124500,428300,1246353,760819046
2020-07-09,18246694,755119524,118400,536600,1625898,756745422
2020-07-10,20499983,753606209,17900,389200,1167600,754773809
2020-07-13,20446446,750633705,108800,391000,1192550,751826255
2020-07-14,33456567,751297383,165300,532300,1708683,753006066
2020-07-15,20629362,745316770,3000,379500,1142295,746459065
2020-07-16,12862105,741222744,90000,451000,1280840,742503584
2020-07-17,4044908,739185183,0,430100,1234387,740419570
2020-07-20,8280456,739038584,20000,450100,1323294,740361878
2020-07-21,7310565,735225700,13600,463700,1354004,736579704
2020-07-22,14839366,741365762,0,450000,1309500,742675262
2020-07-23,8373143,737237327,0,350000,990500,738227827
2020-07-24,8483333,735475779,0,346100,944853,736420632
2020-07-27,3091421,733112577,0,346100,955236,734067813
2020-07-28,3188132,729034400,0,346100,969080,730003480
2020-07-29,3954200,725510773,114000,460100,1306684,726817457
2020-07-30,2683963,723871078,0,384600,1073034,724944112
2020-07-31,5124867,718952144,0,364600,1020880,719973024
2020-08-03,13075200,720593939,0,364600,1042756,721636695
2020-08-04,10316429,719974793,0,364600,1053694,721028487
2020-08-05,6726353,715694892,47800,412400,1216580,716911472
2020-08-06,35851560,728925340,54700,444700,1369676,730295016
2020-08-07,15261215,716986573,0,419700,1309464,718296037
2020-08-10,22070602,721528930,400,380100,1166907,722695837
2020-08-11,16005221,727931947,76400,401400,1200186,729132133
2020-08-12,9910857,725544199,40000,441400,1310958,726855157
2020-08-13,14727016,720602895,80000,521400,1595484,722198379
2020-08-14,27994255,740893579,2000,523400,1606838,742500417
2020-08-17,73823609,792322612,0,501500,1604800,793927412
2020-08-18,68124800,792212949,27000,470100,1654752,793867701
2020-08-19,44704018,725179947,0,468000,1595880,726775827
2020-08-20,19067333,725281564,0,443100,1448937,726730501
2020-08-21,27062242,727562063,77300,520400,1753748,729315811
2020-08-24,11980174,725985088,0,400400,1309308,727294396
2020-08-25,9759401,720302199,0,385000,1216600,721518799
2020-08-26,10913810,719514987,0,385000,1232000,720746987
2020-08-27,4144763,713559026,99400,484400,1521016,715080042
2020-08-28,4659448,704875836,0,385000,1212750,706088586
2020-08-31,32494886,726009832,0,385000,1208900,727218732
2020-09-01,6433400,724857009,0,326600,1009194,725866203
2020-09-02,11261703,725696287,100,326700,1019304,726715591
2020-09-03,6263020,721932703,0,326700,1002969,722935672
2020-09-04,9014021,701531777,80000,406600,1280790,702812567
2020-09-07,4894323,696650443,0,306800,948012,697598455
2020-09-08,10706619,698794840,104200,395700,1266240,700061080
2020-09-09,19358392,702915303,0,390500,1273030,704188333
2020-09-10,11234932,703819750,0,390500,1202740,705022490
2020-09-11,4292473,702419607,0,291500,909480,703329087
2020-09-14,2721105,701051915,2000,293500,912785,701964700
2020-09-15,12582101,702788771,288100,579600,1877904,704666675
2020-09-16,15089473,708151681,5000,584100,1927530,710079211
2020-09-17,8947354,709172089,0,583600,1885028,711057117
2020-09-18,8517384,709637194,0,580600,1881144,711518338
2020-09-21,6487092,705592096,0,579100,1870493,707462589
2020-09-22,7766355,705842913,0,446100,1391832,707234745
2020-09-23,3247045,702161906,140000,506100,1579032,703740938
2020-09-24,4382310,696302439,0,506100,1528422,697830861
2020-09-25,1979490,693079521,0,366100,1105622,694185143
2020-09-28,6387388,690560894,0,366100,1058029,691618923
2020-09-29,2423064,689749886,0,347300,1007170,690757056
2020-09-30,22550518,698059993,43900,388600,1177458,699237451
2020-10-09,8038011,682835180,80000,336300,1042530,683877710
2020-10-12,12272935,682471509,140000,476300,1514634,683986143
2020-10-13,30508522,696055061,23700,470000,1485200,697540261
2020-10-14,9051048,694099773,45100,512700,1599624,695699397
2020-10-15,6026752,690212146,0,512700,1543227,691755373
2020-10-16,7479611,687354427,0,372700,1106919,688461346
2020-10-19,3542322,679704194,0,372700,1106919,680811113
2020-10-20,3253705,678087870,2400,375100,1129051,679216921
2020-10-21,532161,675982195,0,375100,1114047,677096242
2020-10-22,3609603,677998160,0,375100,1106545,679104705
2020-10-23,2353393,678275752,0,325100,952543,679228295
2020-10-26,994310,675114574,0,310100,905492,676020066
2020-10-27,605079,673531051,0,296300,859270,674390321
2020-10-28,6739011,673011327,190000,486300,1385955,674397282
2020-10-29,1338381,670416985,0,484000,1360040,671777025
2020-10-30,3858615,671694591,0,294000,802620,672497211
2020-11-02,2180533,670561057,0,292900,799617,671360674
2020-11-03,2006618,670522175,0,257900,719541,671241716
2020-11-04,1556553,669037485,0,257900,716962,669754447
2020-11-05,1717269,669042704,0,256400,717920,669760624
2020-11-06,1039834,666367206,10600,266100,745080,667112286
2020-11-09,8567915,671410954,0,266100,753063,672164017
2020-11-10,3531914,671173302,150000,415500,1150935,672324237
2020-11-11,1687749,663596825,0,263100,713001,664309826
2020-11-12,967845,662644397,31800,294900,802128,663446525
2020-11-13,1067941,662248929,0,294900,799179,663048108
2020-11-16,1970765,662924572,0,294900,805077,663729649
2020-11-17,2860375,663056037,0,287700,776790,663832827
2020-11-18,2914591,660400219,0,287700,750897,661151116
2020-11-19,1965904,653866620,50000,335000,844200,654710820
2020-11-20,3158893,653336133,140000,474300,1214208,654550341
2020-11-23,2268496,647804919,150000,484000,1253560,649058479
2020-11-24,1428030,645838008,0,302200,779676,646617684
2020-11-25,4901063,646503031,181800,434000,1145760,647648791
2020-11-26,1186949,643141001,0,284000,741240,643882241
2020-11-27,1964305,641704237,0,284000,729880,642434117
2020-11-30,978911,639891439,0,284000,729880,640621319
2020-12-01,8570823,645057559,200000,484000,1287440,646344999
2020-12-02,16673245,645089350,140000,400000,1172000,646261350
2020-12-03,14831320,645743743,0,400000,1116000,646859743
2020-12-04,4963361,641280320,30100,240100,669879,641950199
2020-12-07,9939396,645399635,340000,550000,1534500,646934135
2020-12-08,2383464,639848950,0,550000,1518000,641366950
2020-12-09,5466721,636980210,119400,529400,1471732,638451942
2020-12-10,3876934,637377331,0,379400,1050938,638428269
2020-12-11,3140156,635014718,0,379400,1024380,636039098
2020-12-14,2344789,631833819,0,379400,994028,632827847
2020-12-15,4230750,633893528,0,335500,892430,634785958
2020-12-16,2046193,633661480,140000,475500,1226790,634888270
2020-12-17,2565087,633664379,0,303700,780509,634444888
2020-12-18,2894459,633182481,0,258200,666156,633848637
2020-12-21,3004616,633293667,150000,408200,1069484,634363151
2020-12-22,1124466,623801499,33900,252100,645376,624446875
2020-12-23,1524891,621489906,40100,292200,748032,622237938
2020-12-24,771691,618760705,21400,273600,689472,619450177
2020-12-25,7107627,620820923,160400,434000,1119720,621940643
2020-12-28,1155310,619779217,0,250100,645258,620424475
2020-12-29,2446772,618572191,140000,390100,1002557,619574748
2020-12-30,1015908,617873155,0,390100,998656,618871811
2020-12-31,2416056,616267538,0,250100,640256,616907794
2021-01-04,5690892,616771354,55900,265900,688681,617460035
2021-01-05,1724683,612893716,12000,211600,537464,613431180
2021-01-06,2481614,611585097,78500,165600,414000,611999097
2021-01-07,4729213,608468786,124500,290100,684636,609153422
2021-01-08,1825025,606822832,140000,350000,833000,607655832
2021-01-11,1360258,603023635,36100,386100,884169,603907804
2021-01-12,3435606,602563309,179000,565100,1305381,603868690
2021-01-13,1841675,598600061,0,287700,641571,599241632
2021-01-14,62033520,639035691,134400,422100,1034145,640069836
2021-01-15,8426002,594023498,249800,607800,1476954,595500452
2021-01-18,4535097,593717818,72000,485900,1166160,594883978
2021-01-19,3907389,593533503,43900,473900,1137360,594670863
2021-01-20,903269,591828314,0,430000,1014800,592843114
2021-01-21,2073886,591597467,193900,623900,1484882,593082349
2021-01-22,1964252,585436493,0,419600,965080,586401573
2021-01-25,1330872,568977216,193900,605500,1386595,570363811
2021-01-26,1071160,567694976,10400,365900,834252,568529228
2021-01-27,759260,566597915,0,322000,730940,567328855
2021-01-28,2865255,559114408,0,282000,634500,559748908
2021-01-29,822721,553100741,28100,310100,669816,553770557
2021-02-01,1989982,540247030,250000,560100,1086594,541333624
2021-02-02,506946,537825583,0,410100,799695,538625278
2021-02-03,767953,533894036,0,410100,783291,534677327
2021-02-04,2291830,520116141,170000,558700,983312,521099453
2021-02-05,820540,515447457,21400,560100,996978,516444435
2021-02-08,889755,512961760,0,410100,713574,513675334
2021-02-09,579380,511282020,0,388700,684112,511966132
2021-02-10,1961415,510682149,150000,538700,996595,511678744
2021-02-18,1157011,509915763,0,388700,746304,510662067
2021-02-19,2503978,508443913,191400,460100,938604,509382517
2021-02-22,3456909,505860776,0,310100,657412,506518188
2021-02-23,1468809,505438241,0,310100,635705,506073946
2021-02-24,966156,504940902,0,310100,641907,505582809
2021-02-25,609223,504397422,0,310100,632604,505030026
2021-02-26,416071,503282326,0,185600,376768,503659094
2021-03-01,1414018,503594127,394000,579600,1193976,504788103
2021-03-02,823915,502569743,0,429600,872088,503441831
2021-03-03,2124413,501536963,150000,579600,1182384,502719347
2021-03-04,1508980,501462251,0,429600,880680,502342931
2021-03-05,2280338,500913630,150000,459600,978948,501892578
2021-03-08,2635040,500865135,120000,429600,906456,501771591
2021-03-09,1720217,499719099,0,429600,889272,500608371
2021-03-10,346822,499265585,0,429600,867792,500133377
2021-03-11,2463324,499088465,22500,452100,940368,500028833
2021-03-12,1003768,498938519,1700,431300,892791,499831310
2021-03-15,895594,498709667,12700,442300,919984,499629651
2021-03-16,659456,498535685,10500,440100,919809,499455494
2021-03-17,4559684,500568581,216400,637900,1390622,501959203
2021-03-18,1664075,498866142,22500,594000,1259280,500125422
2021-03-19,1352298,498893060,22000,443500,926915,499819975
2021-03-22,1911674,497695124,27369,448869,951602,498646726
2021-03-23,520497,497227688,22000,448300,936947,498164635
2021-03-24,1836526,496813758,158400,587900,1240469,498054227
2021-03-25,1596281,494970405,7700,437200,909376,495879781
2021-03-26,1721563,495833649,172500,474000,1004880,496838529
2021-03-29,1667347,495832456,22500,324000,683640,496516096
2021-03-30,863907,494774581,86300,387800,806624,495581205
2021-03-31,571223,494292349,22500,332000,693880,494986229
2021-04-01,819218,493930214,28000,348600,721602,494651816
2021-04-02,930989,493218985,22500,324000,670680,493889665
2021-04-06,3448447,494252414,214000,515500,1087705,495340119
2021-04-07,2187686,494499974,56000,421500,893580,495393554
2021-04-08,3334438,495744056,150000,543500,1179395,496923451
2021-04-09,2468081,493134147,28000,357500,761475,493895622
2021-04-12,1156697,491582676,28000,329500,691950,492274626
2021-04-13,1877705,492310793,0,329500,698540,493009333
2021-04-14,1552374,492398754,145700,447200,961480,493360234
2021-04-15,1421567,489090937,0,436800,877968,489968905
2021-04-16,1922593,488684761,0,408800,825776,489510537
2021-04-19,1058706,486525596,800,409600,835584,487361180
2021-04-20,2228387,486670240,100400,420000,852600,487522840
2021-04-21,270623,485090497,0,420000,852600,485943097
2021-04-22,1775788,486216254,2000,422000,848220,487064474
2021-04-23,341188,482321717,0,422000,831340,483153057
2021-04-26,2329473,481437656,0,330000,636900,482074556
2021-04-27,425523,480902043,0,310000,589000,481491043
2021-04-28,436126,480514438,28000,310000,592100,481106538
2021-04-29,345344,478290811,28000,310000,582800,478873611
2021-04-30,2039467,479693892,0,282000,535800,480229692
2021-05-06,430765,475330487,28000,310000,589000,475919487
2021-05-07,306616,473683482,56000,316600,607872,474291354
2021-05-10,1409629,473777617,11400,300000,576000,474353617
2021-05-11,2530753,473997946,0,289600,570512,474568458
2021-05-12,526357,471950588,0,289600,576304,472526892
2021-05-13,1280379,470635092,29600,291200,579488,471214580
2021-05-14,830571,469412551,20300,281900,563800,469976351
2021-05-17,954953,469428519,59600,341500,669340,470097859
2021-05-18,1770241,470461838,59600,321200,635976,471097814
2021-05-19,413835,467011334,0,261600,520584,467531918
2021-05-20,3773852,470466269,79900,341500,669340,471135609
2021-05-21,44712,469785379,0,261800,513128,470298507
2021-05-24,814119,470058127,55100,316900,627462,470685589
2021-05-25,1013501,469387085,35000,316900,624293,470011378
2021-05-26,1605331,469524116,35000,296600,581336,470105452
2021-05-27,1194447,468429382,55300,316900,627462,469056844
2021-05-28,1083388,468456202,70000,285500,562435,469018637
2021-05-31,408436,467202527,20300,305800,599368,467801895
2021-06-01,200787,464986080,52000,287800,566966,465553046
2021-06-02,4270777,463567268,128400,332500,691600,464258868
2021-06-03,4958868,465908956,31800,321200,652036,466560992
2021-06-04,5071392,466917438,100700,340500,718455,467635893
2021-06-07,2410845,464625836,0,299900,626791,465252627
2021-06-08,1889134,464738655,40000,299200,628320,465366975
2021-06-09,1218921,463720681,81800,341000,712690,464433371
2021-06-10,791634,462653270,0,300100,621207,463274477
2021-06-11,3022327,464307331,81300,340500,708240,465015571
2021-06-15,608810,462547212,81400,340600,688012,463235224
2021-06-16,779941,460941487,1400,301400,611842,461553329
2021-06-17,1151105,459115966,60300,321000,654840,459770806
2021-06-18,2073497,459763184,89400,350000,735000,460498184
2021-06-21,1215410,457761202,0,284300,594187,458355389
2021-06-22,3589940,457474415,80000,319800,681174,458155589
2021-06-23,999843,456765380,54100,293900,617190,457382570
2021-06-24,5797235,458157317,8100,299000,642850,458800167
2021-06-25,1223020,457471715,106000,345800,740012,458211727
2021-06-28,1711670,457469398,22000,261800,549780,458019178
2021-06-29,611635,457383128,87900,349700,720382,458103510
2021-06-30,70215,456758016,0,239800,498784,457256800
2021-07-01,520185,455763350,39500,279300,566979,456330329
2021-07-02,875656,455005325,0,239800,489192,455494517
2021-07-05,1059860,454109082,500,240300,495018,454604100
2021-07-06,2273254,452568395,39000,278800,582692,453151087
2021-07-07,3075348,449300080,78200,318000,683700,449983780
2021-07-08,22578395,466261273,124600,364400,823544,467084817
2021-07-09,2133293,449789270,20600,312400,715396,450504666
2021-07-12,1868125,449388046,20600,260400,591108,449979154
2021-07-13,2688006,446209045,83300,323100,756054,446965099
2021-07-14,2390584,444899721,76400,316200,727260,445626981
2021-07-15,4169084,445123285,28000,267800,575770,445699055
2021-07-16,2341174,445086148,35400,275200,602688,445688836
2021-07-19,2123019,445753848,69000,323600,702212,446456060
2021-07-20,2966680,445405483,20600,299400,652692,446058175
2021-07-21,963039,444752125,44800,284600,614736,445366861
2021-07-22,1755724,443935348,59600,299400,643710,444579058
2021-07-23,2622661,441281018,44800,160100,336210,441617228
2021-07-26,1883706,440673628,59600,199100,414128,441087756
2021-07-27,1269849,439344486,145100,292000,607360,439951846
2021-07-28,1405407,437543407,52200,259700,509012,438052419
2021-07-29,4209261,437231216,52400,291500,580085,437811301
2021-07-30,1281712,436932710,20600,259700,534982,437467692
2021-08-02,962268,433471095,84000,323100,697896,434168991
2021-08-03,1548621,433783817,20600,291500,623810,434407627
2021-08-04,873375,432601160,20600,291500,635470,433236630
2021-08-05,1093425,432259536,20600,291500,632555,432892091
2021-08-06,2380648,431474632,52200,167000,369070,431843702
2021-08-09,1518991,431755912,20600,167000,362390,432118302
2021-08-10,2382581,429990605,176700,291500,652960,430643565
2021-08-11,1386011,429140692,20600,291500,661705,429802397
2021-08-12,1929606,425078031,20600,291500,661705,425739736
2021-08-13,5004874,426246609,52200,95000,211850,426458459
2021-08-16,733573,421665399,20600,95000,210900,421876299
2021-08-17,2501755,421564223,156100,198900,435591,421999814
2021-08-18,1411302,421371684,31600,198900,437580,421809264
2021-08-19,1875556,421234024,31600,198900,431613,421665637
2021-08-20,2591088,422130924,31600,198900,429624,422560548
2021-08-23,2510917,421284433,0,198900,441558,421725991
2021-08-24,1481218,420321500,0,198900,433602,420755102
2021-08-25,1779338,420455897,0,42800,92876,420548773
2021-08-26,2686308,420081658,187700,230500,502490,420584148
2021-08-27,1787360,417376567,0,167300,354676,417731243
2021-08-30,4493699,417985514,113200,156000,352560,418338074
2021-08-31,5090801,420609040,139800,264200,583882,421192922
2021-09-01,1436593,419488973,4500,237100,509765,419998738
2021-09-02,1744729,418429842,63200,285000,635550,419065392
2021-09-03,3780560,419372232,0,253400,570150,419942382
2021-09-06,3842563,421031929,10000,231800,516914,421548843
2021-09-07,4128248,421270090,63200,285000,644100,421914190
2021-09-08,9616608,424369807,0,97300,225736,424595543
2021-09-09,10868144,431285274,134500,231800,540094,431825368
2021-09-10,6330664,429654726,63200,160500,365940,430020666
2021-09-13,4590194,430806405,124500,253400,580286,431386691
2021-09-14,2891047,431638286,31700,253500,565305,432203591
2021-09-15,32520351,452508221,48900,302400,740880,453249101
2021-09-16,9405516,422691518,0,297200,731112,423422630
2021-09-17,5177409,423261411,66500,320000,800000,424061411
2021-09-22,7773808,425617604,0,315500,791905,426409509
2021-09-23,10973472,430492934,0,315500,772975,431265909
2021-09-24,5585481,432028376,0,283900,670004,432698380
2021-09-27,4102325,430705609,21900,305800,691108,431396717
2021-09-28,2290533,430665318,31600,337400,765898,431431216
2021-09-29,1537701,428629935,0,337300,742060,429371995
2021-09-30,732339,426721958,0,272900,605838,427327796
2021-10-08,1685487,426731707,31600,304500,685125,427416832
2021-10-11,2689167,426557177,48600,321500,710515,427267692
2021-10-12,2421869,427076165,31700,321600,694656,427770821
2021-10-13,1819628,427338900,8700,298700,648179,427987079
2021-10-14,1167241,427230734,70300,369000,793350,428024084
2021-10-15,1136907,424503844,0,305800,629948,425133792
2021-10-18,1140782,423902431,0,235100,496061,424398492
2021-10-19,672688,423691019,5700,240800,503272,424194291
2021-10-20,1351980,424551129,59600,300400,618824,425169953
2021-10-21,3628734,426447368,56400,325200,669912,427117280
2021-10-22,515022,425728906,8400,302000,613060,426341966
2021-10-25,687860,423205961,31600,333600,670536,423876497
2021-10-26,513355,422581177,0,302000,613060,423194237
2021-10-27,866869,422427898,63200,365200,723096,423150994
2021-10-28,573386,422070269,0,333600,653856,422724125
2021-10-29,218212,420023196,0,269700,534006,420557202
2021-11-01,661866,419893088,63400,328300,676298,420569386
2021-11-02,1155802,420547229,0,291000,587820,421135049
2021-11-03,583869,419841476,0,280600,569618,420411094
2021-11-04,588293,419927891,0,272900,551258,420479149
2021-11-05,599298,420106104,0,272900,551258,420657362
2021-11-08,1022099,407940294,0,241100,487022,408427316
2021-11-09,1779591,409016086,31800,272900,556716,409572802
2021-11-10,671343,407325255,63200,308500,626255,407951510
2021-11-11,1301141,406683507,0,239200,490360,407173867
2021-11-12,1606099,403571399,9100,248300,511498,404082897
2021-11-15,762345,401750646,6100,254400,524064,402274710
2021-11-16,2777179,402817633,74200,328600,690060,403507693
2021-11-17,1882372,403130744,57200,330000,689700,403820444
2021-11-18,2777914,403243463,1400,331400,689312,403932775
2021-11-19,1538517,403008897,64500,395900,827431,403836328
2021-11-22,1364779,402265745,400,333100,696179,402961924
2021-11-23,2325808,400775874,63200,374400,793728,401569602
2021-11-24,4965736,400576378,22500,365300,818272,401394650
2021-11-25,1597151,399827023,31600,342800,750732,400577755
2021-11-26,2818980,399418034,32900,342800,740448,400158482
2021-11-29,1104450,399507285,1300,292500,631800,400139085
2021-11-30,476312,398462067,10600,271500,591870,399053937
2021-12-01,1690157,398463471,4900,272500,594050,399057521
2021-12-02,730240,397329780,101400,373900,811363,398141143
2021-12-03,2002276,396949496,900,307700,664632,397614128
2021-12-06,2504771,395659304,33600,341300,723556,396382860
2021-12-07,1215938,394151173,33500,340800,715680,394866853
2021-12-08,586869,393988980,0,306000,645660,394634640
2021-12-09,812940,392405030,33500,334400,712272,393117302
2021-12-10,1391488,392051980,33500,308000,649880,392701860
2021-12-13,1995332,392763800,56300,330800,701296,393465096
2021-12-14,1365985,392507533,35900,364800,762432,393269965
2021-12-15,741101,392384322,3600,328800,693768,393078090
2021-12-16,1725396,392616305,2400,322800,684336,393300641
2021-12-17,3869574,392635521,42000,331300,712295,393347816
2021-12-20,7934761,398239673,45500,343200,761904,399001577
2021-12-21,9828351,400228886,50500,360200,832062,401060948
2021-12-22,2818858,401033221,1900,362100,811104,401844325
2021-12-23,11139472,407171057,33500,271100,615397,407786454
2021-12-24,959633,405932413,2400,262200,576840,406509253
