日期,融资买入额(元),融资余额(元),融券卖出量,融券余量,融券余额(元),融资融券余额(元)
2021-02-03,43019943,36270020,0,0,0,36270020
2021-02-04,42821661,45446198,0,0,0,45446198
2021-02-05,33056210,49297123,0,0,0,49297123
2021-02-08,25526655,50807318,0,0,0,50807318
2021-02-09,27801905,50644245,0,0,0,50644245
2021-02-10,28757702,48417823,0,0,0,48417823
2021-02-18,32784297,67080724,0,0,0,67080724
2021-02-19,21387661,46129087,0,0,0,46129087
2021-02-22,22816355,55127350,0,0,0,55127350
2021-02-23,13053930,54781145,0,0,0,54781145
2021-02-24,10658894,50265148,0,0,0,50265148
2021-02-25,11906880,52008033,0,0,0,52008033
2021-02-26,11188821,51246994,0,0,0,51246994
2021-03-01,5783462,49427108,0,0,0,49427108
2021-03-02,10092878,50518335,0,0,0,50518335
2021-03-03,6409474,50394864,0,0,0,50394864
2021-03-04,11833360,54924815,0,0,0,54924815
2021-03-05,11107016,43183281,0,0,0,43183281
2021-03-08,27466344,53869746,0,0,0,53869746
2021-03-09,40521451,55235348,0,0,0,55235348
2021-03-10,26203259,52035161,0,0,0,52035161
2021-03-11,21473772,54612119,2000,2000,109420,54721539
2021-03-12,23482650,49766354,0,2000,114000,49880354
2021-03-15,12787274,50058243,0,2000,106940,50165183
2021-03-16,17199252,53636987,0,2000,112120,53749107
2021-03-17,31971216,63824673,0,2000,134540,63959213
2021-03-18,39362049,63263816,0,2000,141000,63404816
2021-03-19,45680983,75397481,0,2000,133900,75531381
2021-03-22,42429837,73087521,1000,3000,212040,73299561
2021-03-23,27966936,67399661,0,3000,195480,67595141
2021-03-24,17443071,66154266,0,3000,197970,66352236
2021-03-25,18116667,67373413,0,3000,180030,67553443
2021-03-26,10801039,59702198,0,3000,182910,59885108
2021-03-29,12234007,58483211,0,3000,183540,58666751
2021-03-30,16446117,61141262,0,3000,174450,61315712
2021-03-31,7634578,58460113,0,3000,179610,58639723
2021-04-01,12088184,61180292,0,3000,170940,61351232
2021-04-02,16078217,59323769,0,3000,176280,59500049
2021-04-06,24428870,63535617,0,3000,187320,63722937
2021-04-07,33779577,72766274,0,3000,195540,72961814
2021-04-08,24039938,67130678,0,3000,188610,67319288
2021-04-09,14721745,65715778,0,3000,176700,65892478
2021-04-12,9937751,65723677,1500,4500,246150,65969827
2021-04-13,7451252,64398337,0,4500,250290,64648627
2021-04-14,7720925,65714878,0,4500,247365,65962243
2021-04-15,6594904,62610225,0,4500,231030,62841255
2021-04-16,6715825,63313489,0,4500,232200,63545689
2021-04-19,7752011,62047175,0,4500,236340,62283515
2021-04-20,11211258,66253119,0,4500,231210,66484329
2021-04-21,6752036,64299233,0,4500,226845,64526078
2021-04-22,3259179,62847733,0,2500,123625,62971358
2021-04-23,2990219,57262681,0,2500,121225,57383906
2021-04-26,4849975,56530745,0,2500,117625,56648370
2021-04-27,3681842,51114852,0,2500,110425,51225277
2021-04-28,3860991,52032987,0,2500,111950,52144937
2021-04-29,5017397,52817486,0,0,0,52817486
2021-04-30,2959237,50810190,0,0,0,50810190
2021-05-06,9516035,56392622,0,0,0,56392622
2021-05-07,3140252,53318671,0,0,0,53318671
2021-05-10,4004575,51398609,0,0,0,51398609
2021-05-11,9330668,51631636,2500,2500,115375,51747011
2021-05-12,8541846,54568385,0,2500,112575,54680960
2021-05-13,5121703,54961869,0,2500,108250,55070119
2021-05-14,4602171,54716364,0,2500,108400,54824764
2021-05-17,5304022,54366133,0,2500,110775,54476908
2021-05-18,5648761,55113780,0,2500,112100,55225880
2021-05-19,5391279,53954245,0,2500,109225,54063470
2021-05-20,2803344,50960479,0,2500,106775,51067254
2021-05-21,3622806,49785695,0,2500,107325,49893020
2021-05-24,3094031,49634192,0,2500,105525,49739717
2021-05-25,3810984,48450641,0,2500,107325,48557966
2021-05-26,5347499,50199929,0,2500,109525,50309454
2021-05-27,15559531,53150236,0,2500,117450,53267686
2021-05-28,10824116,53532395,0,2500,112525,53644920
2021-05-31,10481347,57285467,0,2500,114000,57399467
2021-06-01,11978042,58393612,0,2500,117050,58510662
2021-06-02,10976470,60524002,0,2500,117975,60641977
2021-06-03,7093243,60473821,0,2500,114300,60588121
2021-06-04,5509117,57936640,0,2500,113000,58049640
2021-06-07,2909710,54369344,0,2500,113775,54483119
2021-06-08,6426468,56407787,0,2500,109250,56517037
2021-06-09,2605484,55233854,0,2500,108150,55342004
2021-06-10,4918372,52648583,0,2500,110425,52759008
2021-06-11,2498664,51682768,0,2500,107650,51790418
2021-06-15,13147196,54023779,0,2500,112500,54136279
2021-06-16,15352723,58096892,0,2500,118275,58215167
2021-06-17,22890713,62930063,0,2500,118325,63048388
2021-06-18,9861775,62375042,0,2500,116750,62491792
2021-06-21,9078532,61938495,0,2500,116925,62055420
2021-06-22,9564300,56806716,0,2500,117875,56924591
2021-06-23,8373131,58213235,0,2500,117250,58330485
2021-06-24,6839569,57441667,0,2500,112350,57554017
2021-06-25,5637057,57463376,0,2500,109550,57572926
2021-06-28,5454550,56751129,0,2500,111525,56862654
2021-06-29,3435423,57542963,0,2500,110125,57653088
2021-06-30,2847182,57067358,0,2500,111500,57178858
2021-07-01,12230610,57220817,0,2500,116400,57337217
2021-07-02,18152062,66509457,0,2500,115150,66624607
2021-07-05,15019322,72177567,0,2500,120250,72297817
2021-07-06,6934784,69709160,0,2500,115800,69824960
2021-07-07,3934423,66538801,0,2500,116200,66655001
2021-07-08,7673809,67754731,0,2500,112275,67867006
2021-07-09,4664869,62934686,0,2500,110925,63045611
2021-07-12,4572824,63504646,0,2500,112325,63616971
2021-07-13,4859378,64076034,0,1500,68580,64144614
2021-07-14,14299574,63437105,0,1500,70530,63507635
2021-07-15,11186706,68652559,0,1500,67530,68720089
2021-07-16,5236414,66748619,0,1500,67575,66816194
2021-07-19,3869855,67091802,0,1500,67635,67159437
2021-07-20,9859767,69515983,0,1500,70215,69586198
2021-07-21,11822447,65863407,0,1500,69780,65933187
2021-07-22,12384053,66979061,0,1500,71925,67050986
2021-07-23,21575828,70654965,0,1500,70725,70725690
2021-07-26,7345298,67610107,0,1500,69150,67679257
2021-07-27,9831365,67509818,0,1500,69450,67579268
2021-07-28,9279057,57408590,0,1500,63720,57472310
2021-07-29,5060492,56706925,0,1500,64890,56771815
2021-07-30,6584735,55127235,0,1500,62085,55189320
2021-08-02,4036263,51649761,0,1500,63225,51712986
2021-08-03,4229628,52157763,0,1500,63090,52220853
2021-08-04,5891929,53601951,0,1500,64260,53666211
2021-08-05,4981814,53960332,0,1500,62340,54022672
2021-08-06,4000377,54384210,0,1500,61200,54445410
2021-08-09,4699980,55295694,0,1500,62340,55358034
2021-08-10,4001244,51094317,0,1500,62145,51156462
2021-08-11,3146835,50993446,0,1500,61725,51055171
2021-08-12,3147150,49328417,0,1500,61515,49389932
2021-08-13,7428331,47921464,0,1500,58155,47979619
2021-08-16,3541491,47289263,0,1500,58860,47348123
2021-08-17,2721569,47291708,0,1500,57390,47349098
2021-08-18,4611290,47725509,0,1500,57885,47783394
2021-08-19,3729403,48689650,0,1500,57915,48747565
2021-08-20,1600975,46225868,0,1500,56625,46282493
2021-08-23,5343595,48744397,0,1500,57615,48802012
2021-08-24,4164283,49743673,0,1500,58125,49801798
2021-08-25,1496594,46294101,0,1500,57750,46351851
2021-08-26,3969234,46432107,0,1500,59130,46491237
2021-08-27,12349436,50478403,0,1500,59595,50537998
2021-08-30,4196930,51450692,0,1500,57375,51508067
2021-08-31,3408610,50884310,0,1500,58020,50942330
2021-09-01,6679190,51614066,0,1500,57390,51671456
2021-09-02,1675300,51708039,0,1500,57120,51765159
2021-09-03,3536026,50099827,0,1500,57435,50157262
2021-09-06,3876159,50520287,0,1500,58275,50578562
2021-09-07,6156317,54306364,0,1500,58275,54364639
2021-09-08,4784205,52006164,0,1500,59910,52066074
2021-09-09,17450212,61145023,0,1500,61455,61206478
2021-09-10,5061181,62474562,0,1500,59955,62534517
2021-09-13,3350242,57548639,0,1500,59535,57608174
2021-09-14,2467194,57939261,0,1500,58635,57997896
2021-09-15,1619572,58289012,0,1500,58815,58347827
2021-09-16,2804621,58942072,0,1500,59355,59001427
2021-09-17,4147280,57831665,0,1500,60570,57892235
2021-09-22,5375455,60005133,0,1500,59610,60064743
2021-09-23,4375515,60501517,0,1500,58905,60560422
2021-09-24,4900317,63330061,0,1500,56715,63386776
2021-09-27,3758859,64252726,0,0,0,64252726
2021-09-28,1278029,64970743,0,0,0,64970743
2021-09-29,1737315,64782867,0,0,0,64782867
2021-09-30,836165,64007669,0,0,0,64007669
2021-10-08,883639,63640417,0,0,0,63640417
2021-10-11,3902874,66872121,0,0,0,66872121
2021-10-12,2228693,68664290,0,0,0,68664290
2021-10-13,1005459,66336814,0,0,0,66336814
2021-10-14,1734696,66842425,0,0,0,66842425
2021-10-15,2161677,68182923,0,0,0,68182923
2021-10-18,3206403,67287509,0,0,0,67287509
2021-10-19,2182220,68624167,0,0,0,68624167
2021-10-20,1674450,68426429,0,0,0,68426429
2021-10-21,2530134,69479429,0,0,0,69479429
2021-10-22,317376,68129823,0,0,0,68129823
2021-10-25,2491709,69610959,0,0,0,69610959
2021-10-26,4769769,70429658,0,0,0,70429658
2021-10-27,1750702,69660072,0,0,0,69660072
2021-10-28,1004873,68526817,0,0,0,68526817
2021-10-29,1218704,69250028,0,0,0,69250028
2021-11-01,1257683,66388907,0,0,0,66388907
2021-11-02,20129148,62265898,0,0,0,62265898
2021-11-03,21070941,68138388,0,0,0,68138388
2021-11-04,14303550,71733895,0,0,0,71733895
2021-11-05,17245074,74443940,0,0,0,74443940
2021-11-08,16125101,77428943,0,0,0,77428943
2021-11-09,5927309,73369387,0,0,0,73369387
2021-11-10,6830074,72597295,0,0,0,72597295
2021-11-11,10642908,73399709,0,0,0,73399709
2021-11-12,16314034,75496697,0,0,0,75496697
2021-11-15,13054504,74666314,0,0,0,74666314
2021-11-16,8983265,73416060,0,0,0,73416060
2021-11-17,11745309,76302129,0,0,0,76302129
2021-11-18,6799451,74264947,0,0,0,74264947
2021-11-19,5379904,72031993,0,0,0,72031993
2021-11-22,8006047,69694558,0,0,0,69694558
2021-11-23,10175551,70310648,0,0,0,70310648
2021-11-24,18151251,74651504,0,0,0,74651504
2021-11-25,13951564,75309949,0,0,0,75309949
2021-11-26,6204366,75461242,0,0,0,75461242
2021-11-29,8034532,76950145,0,0,0,76950145
2021-11-30,7908121,77934927,0,0,0,77934927
2021-12-01,6427703,72733668,0,0,0,72733668
2021-12-02,5832552,72487598,0,0,0,72487598
2021-12-03,3941500,71990044,0,0,0,71990044
2021-12-06,5878208,70697908,0,0,0,70697908
2021-12-07,2499592,70384961,0,0,0,70384961
2021-12-08,2669826,71436009,0,0,0,71436009
2021-12-09,5776531,72498308,0,0,0,72498308
2021-12-10,2241362,68139512,0,0,0,68139512
2021-12-13,1182394,67289962,0,0,0,67289962
2021-12-14,2958674,67386497,0,0,0,67386497
2021-12-15,2765433,67673933,0,0,0,67673933
2021-12-16,2598298,67262067,0,0,0,67262067
2021-12-17,2910786,66932049,0,0,0,66932049
2021-12-20,959914,66965628,0,0,0,66965628
2021-12-21,1951735,67198531,0,0,0,67198531
2021-12-22,1285607,66773100,0,0,0,66773100
2021-12-23,1371584,66619510,0,0,0,66619510
2021-12-24,2365175,64301767,0,0,0,64301767
