日期,融资买入额(元),融资余额(元),融券卖出量,融券余量,融券余额(元),融资融券余额(元)
2017-07-12,40930158,831536622,64100,133215,2648314,834184936
2017-07-13,40212959,835124721,158100,213615,4293662,839418383
2017-07-14,29846747,824981617,59500,193915,3864726,828846343
2017-07-17,42544272,824112356,52300,144815,2622600,826734956
2017-07-18,17742475,822831677,122582,210597,3879196,826710873
2017-07-19,27675960,820989504,56800,162297,3017101,824006605
2017-07-20,24469457,822458941,29600,136797,2548528,825007469
2017-07-21,17593722,818316980,73391,160206,2994250,821311230
2017-07-24,33996940,822207291,117200,206806,3968607,826175898
2017-07-25,30194509,829367671,109700,223906,4294517,833662188
2017-07-26,16722325,819168416,61165,196171,3766483,822934899
2017-07-27,21094627,809491561,63100,178800,3447264,812938825
2017-07-28,12412811,799305811,30700,115800,2210622,801516433
2017-07-31,18273470,787113914,18654,102790,1941703,789055617
2017-08-01,20281362,791158969,102700,175090,3279436,794438405
2017-08-02,22642484,791024856,19400,91990,1677898,792702754
2017-08-03,11816988,788974978,6400,78990,1450256,790425234
2017-08-04,78192723,790776900,280100,327690,6376847,797153747
2017-08-07,32950717,790064393,20600,82900,1585048,791649441
2017-08-08,40051980,794518286,189700,257000,4957530,799475816
2017-08-09,14450117,787586300,200,104500,2000130,789586430
2017-08-10,28242288,784737958,125900,210400,4056512,788794470
2017-08-11,54602371,789841609,107700,183600,3543480,793385089
2017-08-14,31931495,792391486,109020,212920,4154069,796545555
2017-08-15,21129069,787418692,25000,139300,2723315,790142007
2017-08-16,45630766,801744887,74600,168900,3352665,805097552
2017-08-17,48355230,801485149,81500,155800,3089514,804574663
2017-08-18,30894524,798721738,39499,128799,2505141,801226879
2017-08-21,19780602,797581793,14300,108599,2120938,799702731
2017-08-22,21967177,792923782,20400,128999,2487101,795410883
2017-08-23,11551502,792153478,0,90099,1736208,793889686
2017-08-24,14926069,792710529,98818,188917,3627206,796337735
2017-08-25,13727302,789444584,0,66017,1277429,790722013
2017-08-28,22174222,788888922,70300,127317,2501779,791390701
2017-08-29,35728365,801435363,18100,92485,1793284,803228647
2017-08-30,13245707,795131332,9200,81585,1590092,796721424
2017-08-31,15773102,794221131,20000,92385,1801508,796022639
2017-09-01,19630910,782596833,10900,67886,1327850,783924683
2017-09-04,49603365,776187690,40802,99788,1975802,778163492
2017-09-05,29798827,784494946,38900,107786,2105061,786600007
2017-09-06,57412239,775647315,150700,219586,4435637,780082952
2017-09-07,55969054,796581305,39100,141986,2817002,799398307
2017-09-08,29901970,795403678,0,139886,2759951,798163629
2017-09-11,34685406,799860484,62200,163086,3256827,803117311
2017-09-12,23257743,795260743,39900,121786,2413799,797674542
2017-09-13,22374216,792964965,28200,111086,2217277,795182242
2017-09-14,29402552,800830381,43700,128686,2536401,803366782
2017-09-15,21883231,793483412,29000,113986,2255783,795739195
2017-09-18,17281563,798131720,38900,133886,2661654,800793374
2017-09-19,38758479,802016969,0,115586,2299006,804315975
2017-09-20,46994719,821011963,63855,155741,3147526,824159489
2017-09-21,31792538,825345178,20600,130741,2601746,827946924
2017-09-22,37583018,830032113,41700,133641,2664802,832696915
2017-09-25,39801484,828619454,66899,163740,3251876,831871330
2017-09-26,22495861,831491942,46600,166640,3296139,834788081
2017-09-27,16012162,831246890,63900,195540,3885380,835132270
2017-09-28,24175668,825745012,0,120040,2400800,828145812
2017-09-29,24424673,810032261,10300,103340,2063700,812095961
2017-10-09,34204994,817172783,85800,189140,3782800,820955583
2017-10-10,19912946,812556821,20000,133040,2675434,815232255
2017-10-11,25223389,807871771,45300,138340,2782017,810653788
2017-10-12,68050246,814047312,116200,205840,4203253,818250565
2017-10-13,27019980,807116330,38700,158540,3224704,810341034
2017-10-16,70878017,824048597,79800,189619,3873916,827922513
2017-10-17,83561217,827644098,116319,231038,4851798,832495896
2017-10-18,74480736,825060279,62800,166819,3499863,828560142
2017-10-19,57287387,822830001,49000,165719,3339238,826169239
2017-10-20,31263157,830546924,13200,105819,2151300,832698224
2017-10-23,34110725,822825740,26000,125133,2486393,825312133
2017-10-24,25160446,820031713,26300,145433,2865030,822896743
2017-10-25,19103497,822865480,0,85133,1680525,824546005
2017-10-26,24314111,822355363,0,78133,1556409,823911772
2017-10-27,26209235,825246324,30800,107033,2088214,827334538
2017-10-30,40414775,818891150,42200,132833,2461395,821352545
2017-10-31,14287747,817613255,6000,114133,2137711,819750966
2017-11-01,32785296,833997979,20872,109005,2010052,836008031
2017-11-02,31612573,826732989,21000,84905,1528290,828261279
2017-11-03,12744191,821283028,30200,103305,1858457,823141485
2017-11-06,8538235,817215654,0,88005,1599051,818814705
2017-11-07,15879986,818762968,113000,198505,3650507,822413475
2017-11-08,15045347,816949120,2500,70705,1296023,818245143
2017-11-09,15801142,815763968,0,62705,1151264,816915232
2017-11-10,19378621,817069689,26460,89165,1623695,818693384
2017-11-13,11220299,815009018,11900,56405,1018674,816027692
2017-11-14,18885125,811360688,69100,99805,1823437,813184125
2017-11-15,11976614,807583508,47500,95505,1713360,809296868
2017-11-16,15266057,803352413,16730,87035,1523983,804876396
2017-11-17,26258445,787743164,46200,131935,2172969,789916133
2017-11-20,16874114,790121691,14000,95935,1594440,791716131
2017-11-21,14045712,793174331,28500,110435,1819968,794994299
2017-11-22,22472531,785700495,211380,262115,4440228,790140723
2017-11-23,15347613,781064076,13700,91544,1499490,782563566
2017-11-24,7696650,780613108,17900,81244,1335650,781948758
2017-11-27,8023716,781447920,139300,187644,3073608,784521528
2017-11-28,4496818,780804511,13500,77134,1278110,782082621
2017-11-29,6917655,781420523,6800,66004,1089066,782509589
2017-11-30,8364760,779314101,23600,83300,1375283,780689384
2017-12-01,6240122,775177068,4480,74280,1233791,776410859
2017-12-04,4712401,771675221,51300,125580,2058256,773733477
2017-12-05,17589472,768644237,118268,177048,2845161,771489398
2017-12-06,11326671,768305774,61600,148980,2400068,770705842
2017-12-07,10973798,765672492,132100,219480,3568745,769241237
2017-12-08,11965082,769964912,36300,160380,2623817,772588729
2017-12-11,11034195,769509134,20000,171480,2817416,772326550
2017-12-12,6533253,766228643,9600,137180,2214085,768442728
2017-12-13,5490276,766511382,15200,126580,2067051,768578433
2017-12-14,10971374,766548258,23800,135180,2234525,768782783
2017-12-15,12558296,760273093,37500,132680,2207795,762480888
2017-12-18,8075723,758113485,22500,128680,2124507,760237992
2017-12-19,6429953,755667134,300,128980,2128170,757795304
2017-12-20,11811054,757374550,0,128480,2064674,759439224
2017-12-21,9420828,757263035,18900,107280,1711116,758974151
2017-12-22,9453809,757862095,10900,118180,1861335,759723430
2017-12-25,18215469,763501137,1000,119180,1824646,765325783
2017-12-26,6260636,764704768,35600,138980,2140292,766845060
2017-12-27,15312161,768650226,10000,113980,1734776,770385002
2017-12-28,11671602,773314462,0,113980,1738195,775052657
2017-12-29,7801280,770404681,100,114080,1744283,772148964
2018-01-02,10881576,766007682,100,64480,991058,766998740
2018-01-03,12041729,766606020,7500,48880,767905,767373925
2018-01-04,9310212,766888267,11900,50080,783752,767672019
2018-01-05,11733275,769398175,32000,81780,1283128,770681303
2018-01-08,13130197,773603391,9900,81580,1264490,774867881
2018-01-09,12669765,775960995,63100,134780,2098525,778059520
2018-01-10,17389363,772810657,4800,84480,1285786,774096443
2018-01-11,11173359,772349725,0,82480,1262769,773612494
2018-01-12,7399212,773035079,10000,92480,1397373,774432452
2018-01-15,20747918,768276321,30400,112880,1610798,769887119
2018-01-16,11141580,762671520,62900,165780,2337498,765009018
2018-01-17,13923501,763641541,0,102380,1445606,765087147
2018-01-18,9474096,765768723,4400,106780,1497056,767265779
2018-01-19,13572974,764900362,63300,164680,2336809,767237171
2018-01-22,10215591,765814366,4400,107780,1546643,767361009
2018-01-23,5854640,760131288,50620,153400,2208960,762340248
2018-01-24,16049931,765599111,7700,115764,1677420,767276531
2018-01-25,30585005,765384099,176449,227813,3360242,768744341
2018-01-26,9805584,761139703,4400,116864,1714395,762854098
2018-01-29,15039861,765363550,1000,78464,1116543,766480093
2018-01-30,8647972,764661125,15500,93964,1334289,765995414
2018-01-31,10390323,763283558,20600,66764,917337,764200895
2018-02-01,10633277,742435088,45400,91264,1183694,743618782
2018-02-02,6683484,736776285,13800,86664,1125765,737902050
2018-02-05,7835185,735879031,34800,82964,1064428,736943459
2018-02-06,16147921,713544645,115000,164964,1905334,715449979
2018-02-07,12786497,706531934,56000,141664,1636219,708168153
2018-02-08,8784955,699191951,40600,156364,1870113,701062064
2018-02-09,10435405,689755004,72100,154664,1741517,691496521
2018-02-12,10866342,685171441,44100,147164,1720347,686891788
2018-02-13,18039039,687807570,65900,163964,1928217,689735787
2018-02-14,5935856,679890006,9600,98864,1167584,681057590
2018-02-22,12272794,683758779,5300,76764,916562,684675341
2018-02-23,10252558,681095307,84550,143914,1737042,682832349
2018-02-26,27552676,693395605,73200,163430,2051047,695446652
2018-02-27,74236435,715108029,132100,224530,3100760,718208789
2018-02-28,84761222,719888538,84800,235530,3577701,723466239
2018-03-01,161838279,742253146,181100,306980,4908610,747161756
2018-03-02,155169468,778783819,84000,266280,4153968,782937787
2018-03-05,143989124,788230848,152100,345780,5487529,793718377
2018-03-06,158895116,758388442,128200,315080,5079090,763467532
2018-03-07,133446610,810097670,146900,382980,6139169,816236839
2018-03-08,134303634,815283674,187800,448880,7397542,822681216
2018-03-09,182553639,842839894,171200,516880,8817973,851657867
2018-03-12,156750117,856972735,96400,482380,8436826,865409561
2018-03-13,128299781,850880017,17900,455180,7806337,858686354
2018-03-14,106747769,864781701,12600,399980,6699665,871481366
2018-03-15,128701099,879707065,188300,554880,9044544,888751609
2018-03-16,71748436,891438033,19000,435780,7055278,898493311
2018-03-19,102437252,893934928,45200,426080,6945104,900880032
2018-03-20,97398690,879546837,214500,564780,9347109,888893946
2018-03-21,120557351,849076133,54600,454180,7412218,856488351
2018-03-22,78057370,853892738,106500,489280,7745302,861638040
2018-03-23,116358963,844815319,118800,500680,7495180,852310499
2018-03-26,76652582,823543262,129200,546780,8496961,832040223
2018-03-27,90441134,820224325,43200,482480,7792052,828016377
2018-03-28,81187262,830234718,120600,550135,8637120,838871838
2018-03-29,51048216,832203961,29300,508135,8059021,840262982
2018-03-30,147320734,852141979,132300,533935,8954090,861096069
2018-04-02,119888964,842694619,176300,605235,10264786,852959405
2018-04-03,65706137,823906664,31400,356435,5881178,829787842
2018-04-04,153581216,834832112,211900,521835,8855540,843687652
2018-04-09,100149817,846748617,20000,400535,6849149,853597766
2018-04-10,64602199,837030753,93000,428535,6997976,844028729
2018-04-11,54525905,838369224,130199,472934,7897998,846267222
2018-04-12,43028772,834735771,96800,493435,8042991,842778762
2018-04-13,45185246,827232719,44500,459535,7485825,834718544
2018-04-16,43550449,828653426,108500,506835,8190454,836843880
2018-04-17,50650729,817972995,40500,429235,6794790,824767785
2018-04-18,72459140,826524949,175400,531635,8835774,835360723
2018-04-19,121243132,841844111,65100,484535,8135342,849979453
2018-04-20,63510151,829411617,114500,523935,8644928,838056545
2018-04-23,70999098,822673486,120900,491580,7575248,830248734
2018-04-24,44113819,821059113,20600,421580,6593511,827652624
2018-04-25,31631240,811032582,55000,387280,6053186,817085768
2018-04-26,32539014,806257167,64300,410480,6235191,812492358
2018-04-27,30839619,789897570,118900,430880,6282230,796179800
2018-05-02,12862485,787272131,84800,450780,6667036,793939167
2018-05-03,18829243,779455608,55000,427080,6329326,785784934
2018-05-04,30326645,778129411,126400,482180,7280918,785410329
2018-05-07,34562899,785233610,25000,401480,6118555,791352165
2018-05-08,30287806,787440133,117600,454080,7020077,794460210
2018-05-09,22079902,792621509,26700,394780,6091455,798712964
2018-05-10,27487852,794066268,55400,416680,6321036,800387304
2018-05-11,11838647,783578712,16100,373180,5649945,789228657
2018-05-14,14191235,785813912,25000,359080,5325156,791139068
2018-05-15,14706191,783148761,63500,382780,5845051,788993812
2018-05-16,37281521,779015106,54400,365780,5647643,784662749
2018-05-17,21100710,778255577,0,323780,4902029,783157606
2018-05-18,17985835,776066490,35700,310480,4734820,780801310
2018-05-21,36721879,788616008,41900,317380,4913042,793529050
2018-05-22,25232395,780381861,30500,292280,4471884,784853745
2018-05-23,29781033,789993965,74400,332080,5047616,795041581
2018-05-24,22364971,785939196,11000,297780,4407144,790346340
2018-05-25,19419599,780771409,188700,474480,6989090,787760499
2018-05-28,13387027,778063338,42100,373980,5329215,783392553
2018-05-29,8529513,773578495,81100,378480,5400910,778979405
2018-05-30,13834544,771116914,37400,320980,4490510,775607424
2018-05-31,11320574,771341995,62300,363880,5101598,776443593
2018-06-01,22767317,768471883,239791,541771,7682313,776154196
2018-06-04,10648387,768286013,19200,443080,6291736,774577749
2018-06-05,20261386,770343579,169100,548480,7985869,778329448
2018-06-06,16578640,764407081,11000,441780,6454406,770861487
2018-06-07,13310373,762484234,75700,473280,6725309,769209543
2018-06-08,17503095,760687287,17500,409780,5691844,766379131
2018-06-11,12224268,762210551,36900,408480,5632939,767843490
2018-06-12,8195265,753599110,87600,452180,6330520,759929630
2018-06-13,9801000,747874444,17600,410480,5562004,753436448
2018-06-14,6362824,747685837,30300,395380,5361353,753047190
2018-06-15,11912362,735090562,73343,434823,5639654,740730216
2018-06-19,12398274,719899705,128900,421480,5049330,724949035
2018-06-20,14877966,720924289,236200,581580,7368619,728292908
2018-06-21,11713156,705320738,51000,540180,6660419,711981157
2018-06-22,14270705,705521318,69314,531194,6836467,712357785
2018-06-25,11858236,705541731,41300,538180,6942522,712484253
2018-06-26,18720837,705366039,78400,522980,6882417,712248456
2018-06-27,9161096,695783059,42000,496080,6473844,702256903
2018-06-28,13537511,691985076,42900,471680,5971469,697956545
2018-06-29,19304467,692090230,162600,511680,6820694,698910924
2018-07-02,21730613,689402115,55200,427580,5755227,695157342
2018-07-03,100700484,714651921,300200,624480,9248549,723900470
2018-07-04,147893326,748009310,107268,587848,9123401,757132711
2018-07-05,95382842,760432494,54900,612848,9174335,769606829
2018-07-06,134754772,768331253,111600,623348,9225550,777556803
2018-07-09,98683016,796746856,77003,622651,9377124,806123980
2018-07-10,64612050,804946947,53500,606811,9102165,814049112
2018-07-11,63440865,782145411,33900,548311,7912127,790057538
2018-07-12,54696901,763723486,79600,599511,8944705,772668191
2018-07-13,39721328,767956695,2300,572011,8334201,776290896
2018-07-16,72210081,748169390,149500,634911,9695091,757864481
2018-07-17,60378125,760343655,55600,561011,8465656,768809311
2018-07-18,35523721,757386331,14600,501011,7354841,764741172
2018-07-19,33200832,758608869,38700,512711,7398419,766007288
2018-07-20,42970146,750174818,158951,601062,8955823,759130641
2018-07-23,63552964,744409563,124600,524611,8047532,752457095
2018-07-24,57030787,745802830,26500,461511,7065734,752868564
2018-07-25,73964044,765921618,29200,442511,6903172,772824790
2018-07-26,44295635,765266772,132400,514711,7808167,773074939
2018-07-27,21424427,759865878,17500,440811,6757632,766623510
2018-07-30,26494444,758495144,99400,481811,7193438,765688582
2018-07-31,9822673,749594183,20000,422811,6261831,755856014
2018-08-01,17241826,741777628,21200,424711,6039391,747817019
2018-08-02,16527178,723934644,79600,426911,5861488,729796132
2018-08-03,7433848,720673441,13100,364111,4897293,725570734
2018-08-06,11549875,720033923,63100,409111,5482087,725516010
2018-08-07,18396490,723287348,29200,395311,5502730,728790078
2018-08-08,11478319,722476669,47700,407111,5532638,728009307
2018-08-09,24857430,718571070,52109,427420,5992428,724563498
2018-08-10,15151525,707309165,31600,447820,6314262,713623427
2018-08-13,12948188,708434408,23900,419120,5917975,714352383
2018-08-14,14913929,710565996,48500,452920,6282000,716847996
2018-08-15,11403188,707485538,3204,427024,5807527,713293065
2018-08-16,11232448,707676126,43100,425424,5743225,713419351
2018-08-17,9198764,696824301,17600,402624,5266321,702090622
2018-08-20,8208253,697105066,27700,406024,5404180,702509246
2018-08-21,19250562,704004987,60000,421724,5714360,709719347
2018-08-22,10003245,704048460,69303,422127,5698715,709747175
2018-08-23,9180536,704489581,24500,408427,5517849,710007430
2018-08-24,10416603,695869386,4200,401327,5321596,701190982
2018-08-27,17650624,687596559,141300,482624,6684343,694280902
2018-08-28,15907552,689680923,27900,387024,5371893,695052816
2018-08-29,8746586,687361076,43000,352224,4895914,692256990
2018-08-30,13437893,685613040,27700,356924,4804197,690417237
2018-08-31,9194678,683201568,18300,331124,4453618,687655186
2018-09-03,20904870,685890036,135894,433305,6035939,691925975
2018-09-04,28328859,687204635,160626,493131,6987667,694192302
2018-09-05,20003497,687548535,68500,458905,6461382,694009917
2018-09-06,22954527,683950493,79000,459805,6593603,690544096
2018-09-07,19708820,683966655,21800,402105,5625448,689592103
2018-09-10,13805781,680368763,13500,374905,5136199,685504962
2018-09-11,12578886,678618895,101500,456005,6315670,684934565
2018-09-12,22721890,676575284,81900,433111,6089541,682664825
2018-09-13,35450767,682102599,123400,471011,6806109,688908708
2018-09-14,31928694,685378609,78700,451011,6273563,691652172
2018-09-17,14546812,682706273,33000,404411,5483813,688190086
2018-09-18,10326584,679554985,66000,376243,5158292,684713277
2018-09-19,17486246,680407888,42000,323743,4464416,684872304
2018-09-20,10736962,680524929,9300,315843,4289148,684814077
2018-09-21,11105737,680335922,32900,332943,4571307,684907229
2018-09-25,17421726,687204394,93500,419643,5841431,693045825
2018-09-26,16603836,686251078,31200,360580,5048120,691299198
2018-09-27,12077902,681834840,34400,319880,4375958,686210798
2018-09-28,8074910,678960209,19600,280280,3853850,682814059
2018-10-08,11594091,679317717,73700,325446,4357722,683675439
2018-10-09,12208858,674642833,76600,372346,4821881,679464714
2018-10-10,4773331,672310440,20700,336046,4385400,676695840
2018-10-11,10332980,653642314,106575,413821,4920332,658562646
2018-10-12,8778957,640002023,49100,370437,4434131,644436154
2018-10-15,7021249,639021035,38400,341281,4013465,643034500
2018-10-16,6524748,633547414,115900,386081,4521009,638068423
2018-10-17,12772981,632924598,41800,337981,4032113,636956711
2018-10-18,7390215,628787178,82400,355981,4097342,632884520
2018-10-19,9367331,627626590,42900,351081,4139245,631765835
2018-10-22,20721806,632441572,42900,262781,3255856,635697428
2018-10-23,9157824,631850937,41434,250115,3046400,634897337
2018-10-24,5570603,628017187,61400,280648,3415486,631432673
2018-10-25,7754681,627579111,46100,283148,3394944,630974055
2018-10-26,3915268,623339491,40031,261179,3139372,626478863
2018-10-29,9306703,624115741,34429,269813,3264738,627380479
2018-10-30,8585723,623502319,89200,320713,3896663,627398982
2018-10-31,15038882,626857938,48758,285904,3513761,630371699
2018-11-01,22695858,629338853,94600,333704,4147941,633486794
2018-11-02,12762525,618470907,91900,294004,3789712,622260619
2018-11-05,19722947,624909824,63200,314104,4023672,628933496
2018-11-06,7547072,616428637,51600,306704,3916610,620345247
2018-11-07,16065511,620057773,63085,320089,4058729,624116502
2018-11-08,6539044,618137934,10600,302389,3758695,621896629
2018-11-09,6203964,617749622,16600,272089,3373904,621123526
2018-11-12,7156125,615459487,35900,296989,3759881,619219368
2018-11-13,14401832,612503847,109100,350189,4482419,616986266
2018-11-14,12473437,613769999,6000,274789,3489821,617259820
2018-11-15,19902871,611677749,185600,444189,5783341,617461090
2018-11-16,23275856,608903358,90738,377527,4892750,613796108
2018-11-19,17754304,613116283,33300,288012,3741276,616857559
2018-11-20,33877821,623612832,255596,511108,6562626,630175458
2018-11-21,13204369,619572592,35100,374912,4783877,624356469
2018-11-22,5804341,617207455,25500,380412,4857861,622065316
2018-11-23,12519129,617478348,76402,394214,4754221,622232569
2018-11-26,4374221,615862712,83500,377914,4572760,620435472
2018-11-27,11160933,618886487,83843,388857,4724613,623611100
2018-11-28,7896758,619413345,126500,392557,4836302,624249647
2018-11-29,8859438,615986565,66400,395357,4756145,620742710
2018-11-30,4597494,616463685,31900,343257,4167140,620630825
2018-12-03,6831150,615092129,41900,342057,4258610,619350739
2018-12-04,4557606,613672037,34400,346457,4337641,618009678
2018-12-05,7893083,614227165,80400,386657,4825480,619052645
2018-12-06,9384889,615815146,80600,322457,3975895,619791041
2018-12-07,2938197,612804740,12900,271957,3361389,616166129
2018-12-10,4959603,611226067,900,263657,3195523,614421590
2018-12-11,1942202,609668060,55200,311757,3825258,613493318
2018-12-12,2535105,608589514,19800,286957,3535310,612124824
2018-12-13,7735682,608105179,17000,271457,3401356,611506535
2018-12-14,3092578,605225648,36900,283757,3461835,608687483
2018-12-17,14622685,606566901,93000,322557,4083572,610650473
2018-12-18,14396535,607548274,93236,373793,4762123,612310397
2018-12-19,7632771,606305390,36500,358942,4490364,610795754
2018-12-20,10281637,610205467,19421,327563,4087987,614293454
2018-12-21,4301675,607786612,22200,234363,2870947,610657559
2018-12-24,3036745,606732677,1000,215291,2658844,609391521
2018-12-25,6226400,602577218,27870,183761,2236371,604813589
2018-12-26,5085347,602482833,31000,192261,2326358,604809191
2018-12-27,6403534,600801717,59500,251761,3021132,603822849
2018-12-28,3368357,595642380,127480,325141,3921201,599563581
2019-01-02,7293630,596088497,39400,337441,4093159,600181656
2019-01-03,29416066,602910152,116219,420442,5327000,608237152
2019-01-04,25612716,606218031,36900,358964,4609097,610827128
2019-01-07,50257823,617577128,135300,462942,6240458,623817586
2019-01-08,28203824,610221514,11500,372242,4876370,615097884
2019-01-09,20691452,610297355,17500,336042,4338303,614635658
2019-01-10,8714018,602510268,500,306142,3961477,606471745
2019-01-11,14458293,597306230,96452,347594,4577813,601884043
2019-01-14,10113653,597349748,1300,255694,3308680,600658428
2019-01-15,17207486,601845360,50000,287794,3764346,605609706
2019-01-16,8002719,596492895,36900,272894,3533977,600026872
2019-01-17,6779783,595017125,40000,293994,3748424,598765549
2019-01-18,9747934,596379579,2000,255494,3295873,599675452
2019-01-21,18796878,605352542,30500,285994,3706482,609059024
2019-01-22,15155274,606563410,4500,271294,3461711,610025121
2019-01-23,5571189,604647299,1700,212994,2724193,607371492
2019-01-24,8939408,603937870,0,212994,2749753,606687623
2019-01-25,7049618,598786525,19800,210094,2685001,601471526
2019-01-28,9606747,601600933,500,210594,2691391,604292324
2019-01-29,10376567,589312782,23200,180744,2221344,591534126
2019-01-30,4082690,581971954,104900,212894,2629241,584601195
2019-01-31,6956513,580322678,37800,169794,2064695,582387373
2019-02-01,6574709,573052954,0,119794,1507009,574559963
2019-02-11,10121214,572465239,53200,151094,1964222,574429461
2019-02-12,12002575,572901391,1500,62594,819981,573721372
2019-02-13,59747613,611149066,115177,170071,2258543,613407609
2019-02-14,15169624,614959467,13200,70494,934046,615893513
2019-02-15,14382134,616396436,17300,87794,1150979,617547415
2019-02-18,18872390,610565567,70700,128494,1741094,612306661
2019-02-19,27638714,607096863,138300,210894,2885030,609981893
2019-02-20,34145444,622571091,68600,131294,1771156,624342247
2019-02-21,39418959,626838404,110000,161994,2165860,629004264
2019-02-22,30609497,627510413,117900,180994,2499527,630009940
2019-02-25,72998298,606711868,120499,207593,3008023,609719891
2019-02-26,51442113,604180724,47900,124894,1787233,605967957
2019-02-27,64635491,617639295,198194,275188,3995730,621635025
2019-02-28,36859879,611907016,48100,153488,2228646,614135662
2019-03-01,31348058,604857037,136200,222503,3250769,608107806
2019-03-04,49529442,593340419,96900,167903,2490001,595830420
2019-03-05,58463519,598863974,142300,213403,3239458,602103432
2019-03-06,51037290,600474392,58800,124903,1892280,602366672
2019-03-07,50837242,597202038,191000,251203,3820798,601022836
2019-03-08,46839529,596972005,105999,175802,2556161,599528166
2019-03-11,41805650,594905241,110200,209994,3185609,598090850
2019-03-12,105777094,618160457,126950,236844,3806083,621966540
2019-03-13,152446403,636209099,100000,217744,3542695,639751794
2019-03-14,91016610,633649346,118100,222644,3506643,637155989
2019-03-15,44152332,634103540,46707,183551,2861560,636965100
2019-03-18,46825806,633367674,64888,172339,2709169,636076843
2019-03-19,43484701,616862242,129100,222139,3540896,620403138
2019-03-20,48359937,617573479,62300,153839,2410657,619984136
2019-03-21,47835888,632657973,94400,189139,2960025,635617998
2019-03-22,53604028,640329345,158307,272446,4301921,644631266
2019-03-25,120624043,650495252,114300,282046,4625553,655120805
2019-03-26,66151078,639077370,48600,155039,2381399,641458769
2019-03-27,30418171,644384017,69000,143292,2169440,646553457
2019-03-28,27250577,630076278,158900,250292,3749374,633825652
2019-03-29,36733751,627632489,87500,187792,2923922,630556411
2019-04-01,57194066,629636278,149989,253181,4055960,633692238
2019-04-02,68231862,640169165,141000,240092,3860679,644029844
2019-04-03,39327200,634419524,143726,252834,4111081,638530605
2019-04-04,37153191,620025507,151600,265794,4289915,624315422
2019-04-08,43109689,614692277,78600,229328,3614209,618306486
2019-04-09,19388051,609930698,48700,125328,1990209,611920907
2019-04-10,19723668,606951047,48064,122492,1910875,608861922
2019-04-11,30613187,611137783,125200,193992,3018516,614156299
2019-04-12,23738517,611956572,67600,169692,2609863,614566435
2019-04-15,15227803,606878602,142402,212694,3254218,610132820
2019-04-16,27365892,609989410,131500,218894,3395046,613384456
2019-04-17,27353574,611615275,68600,124194,1932459,613547734
2019-04-18,34276901,622343019,125200,181094,2806958,625149977
2019-04-19,21214730,622423815,54700,152994,2366817,624790632
2019-04-22,17236640,618445035,39200,115594,1774368,620219403
2019-04-23,16530152,612658943,53399,117193,1743832,614402775
2019-04-24,14216954,612506828,57289,112482,1680481,614187309
2019-04-25,18661639,614291311,95465,157713,2255296,616546607
2019-04-26,11462413,615233300,46800,134413,1910009,617143309
2019-04-29,12110867,612467328,53600,122813,1713242,614180570
2019-04-30,11917366,613831752,96600,175213,2484521,616316273
2019-05-06,22585656,612147336,138520,236133,3140569,615287905
2019-05-07,8274160,603586051,79676,161609,2194650,605780701
2019-05-08,13601447,606759288,98300,168809,2280609,609039897
2019-05-09,7682926,602000678,131420,244329,3320431,605321109
2019-05-10,27104662,607589688,71100,162081,2293446,609883134
2019-05-13,14859392,609266463,69700,144381,2012671,611279134
2019-05-14,16710854,611827684,91800,145781,2030729,613858413
2019-05-15,9253044,610346795,50526,139836,1966094,612312889
2019-05-16,20023018,604618742,184239,275518,3920621,608539363
2019-05-17,17742236,607330065,43400,158767,2167169,609497234
2019-05-20,11117348,608952953,76300,184967,2583989,611536942
2019-05-21,15804059,608378951,80000,219267,3107013,611485964
2019-05-22,11357710,606288587,10800,153867,2155677,608444264
2019-05-23,18771850,611247285,45644,178411,2492402,613739687
2019-05-24,12678932,615839073,2200,174511,2376840,618215913
2019-05-27,10327388,616151199,65500,200511,2805149,618956348
2019-05-28,7245694,613342615,34000,174511,2434428,615777043
2019-05-29,9395786,609948075,112263,238792,3340700,613288775
2019-05-30,6591898,604353225,48525,155054,2149048,606502273
2019-05-31,10155240,605028609,54800,167536,2350530,607379139
2019-06-03,13009257,610889081,49900,136836,1888337,612777418
2019-06-04,11140367,601266162,19500,130736,1754477,603020639
2019-06-05,6300194,588747767,20000,97936,1303528,590051295
2019-06-06,8116626,585918213,4500,83036,1086941,587005154
2019-06-10,8498533,586728842,12100,87136,1146710,587875552
2019-06-11,16210250,593008376,91800,161209,2182770,595191146
2019-06-12,10648222,591147455,41500,202109,2706239,593853694
2019-06-13,8542023,593567764,4200,187209,2516089,596083853
2019-06-14,14285386,595537052,66000,225409,2982161,598519213
2019-06-17,9007744,596718688,3200,144124,1889466,598608154
2019-06-18,7882003,600587541,9200,137824,1805494,602393035
2019-06-19,9817095,593485777,69600,187324,2493282,595979059
2019-06-20,14187952,590707914,77399,206023,2781311,593489225
2019-06-21,15854380,589789783,30500,204424,2802653,592592436
2019-06-24,10162952,587668300,37500,216024,2966010,590634310
2019-06-25,16266895,593380809,23100,194024,2644547,596025356
2019-06-26,5509405,589313404,48411,238235,3292408,592605812
2019-06-27,31441743,605989355,38200,220624,3031373,609020728
2019-06-28,13805279,602188245,1100,204724,2743302,604931547
2019-07-01,26355529,607271434,40800,218824,3024148,610295582
2019-07-02,16301460,604841856,10500,205724,2838992,607680848
2019-07-03,22681789,608736153,70100,236024,3280734,612016887
2019-07-04,219560992,711027314,98200,286624,4382481,715409795
2019-07-05,113496145,675768140,52500,207924,3077276,678845416
2019-07-08,88200645,683786067,106100,257424,3578194,687364261
2019-07-09,66814519,691555926,64900,201977,2864034,694419960
2019-07-10,91644311,662371697,153500,282957,4179275,666550972
2019-07-11,47207013,662136623,87500,228957,3333614,665470237
2019-07-12,58503989,669267688,150500,333290,4919360,674187048
2019-07-15,64211092,670390157,77700,254790,3819302,674209459
2019-07-16,46278510,680899614,27500,249090,3666605,684566219
2019-07-17,30223130,671323665,41000,266990,3887374,675211039
2019-07-18,25862597,666702157,30100,286090,4148305,670850462
2019-07-19,37771167,671190373,93600,356690,5236209,676426582
2019-07-22,41276918,671450768,53000,252490,3575258,675026026
2019-07-23,20976734,669708752,42500,284590,4126555,673835307
2019-07-24,38495604,675432387,18700,267890,3881726,679314113
2019-07-25,26014129,670932258,28000,272290,3978157,674910415
2019-07-26,65722163,682696643,122300,365790,5479534,688176177
2019-07-29,39297796,685649142,54900,317690,4774881,690424023
2019-07-30,29878368,672111015,21100,289390,4282972,676393987
2019-07-31,40182025,681220423,56500,312390,4679602,685900025
2019-08-01,38543574,675664110,17400,244990,3569504,679233614
2019-08-02,26786094,661839638,42800,178790,2528090,664367728
2019-08-05,19457039,655703879,51200,180090,2508654,658212533
2019-08-06,21882350,649044938,56396,144952,1959751,651004689
2019-08-07,12441985,642346637,37000,168252,2236069,644582706
2019-08-08,18763757,641811552,118100,218252,2942037,644753589
2019-08-09,15180031,644544024,30200,159452,2112739,646656763
2019-08-12,9831902,642317984,21400,151352,2037198,644355182
2019-08-13,9278642,639487206,117900,251652,3387236,642874442
2019-08-14,16265846,641164906,10900,183052,2489507,643654413
2019-08-15,11621106,637793919,32400,186352,2530660,640324579
2019-08-16,14537998,635752895,4100,160952,2201823,637954718
2019-08-19,23610608,627774999,74300,211852,2980758,630755757
2019-08-20,25763565,619085351,87500,233552,3262721,622348072
2019-08-21,10645119,614780372,66200,236852,3308822,618089194
2019-08-22,28515801,621164643,90500,242552,3456366,624621009
2019-08-23,12506417,612173761,20439,151491,2160261,614334022
2019-08-26,18298149,614760644,114200,233091,3326209,618086853
2019-08-27,24856620,608916353,62500,184991,2687919,611604272
2019-08-28,22599106,602686573,157800,243691,3487219,606173792
2019-08-29,42677949,619070246,111400,308691,4506889,623577135
2019-08-30,53573019,623441773,90933,181324,2712607,626154380
2019-09-02,59198897,615651288,195899,294223,4522208,620173496
2019-09-03,50024481,618828827,96300,196624,3022111,621850938
2019-09-04,26356599,607975495,58500,166524,2559474,610534969
2019-09-05,47817007,614388712,107165,193389,2982059,617370771
2019-09-06,30582315,600385135,102836,191425,2969001,603354136
2019-09-09,79661977,649047879,91900,197425,3079830,652127709
2019-09-10,38173802,619245828,34300,151225,2321304,621567132
2019-09-11,18260775,613440045,39300,156525,2380745,615820790
2019-09-12,23124413,619827034,33100,149625,2281781,622108815
2019-09-16,22459602,623171253,32000,147325,2229028,625400281
2019-09-17,32188349,612988436,10500,119025,1741336,614729772
2019-09-18,22130297,612605730,2300,104325,1521058,614126788
2019-09-19,18405652,616983244,87300,187625,2773098,619756342
2019-09-20,24180619,617898158,200,102325,1490875,619389033
2019-09-23,23149797,619685124,54700,152125,2186036,621871160
2019-09-24,13411778,617002205,32300,131925,1904997,618907202
2019-09-25,18147156,622361373,47800,149725,2106631,624468004
2019-09-26,20404705,619221932,16100,134325,1846969,621068901
2019-09-27,9191884,617480818,1100,129025,1777965,619258783
2019-09-30,12657587,608051248,2800,87525,1192966,609244214
2019-10-08,13018762,610363819,33300,120825,1635970,611999789
2019-10-09,6368667,611470337,700,86225,1181283,612651620
2019-10-10,11361556,609838417,3700,61425,845208,610683625
2019-10-11,12646176,606672769,10300,63325,869452,607542221
2019-10-14,12766437,602537608,83600,137225,1917033,604454641
2019-10-15,13037363,595522345,4300,72825,995518,596517863
2019-10-16,8077535,594399037,9100,65825,895220,595294257
2019-10-17,3574333,587332962,1200,59325,805040,588138002
2019-10-18,20745553,589773624,106200,153025,2056656,591830280
2019-10-21,5407373,588292016,2800,77960,1047782,589339798
2019-10-22,4044686,584429921,10800,87460,1185958,585615879
2019-10-23,11515688,566909632,105300,184260,2505936,569415568
2019-10-24,12314496,568438940,76800,166460,2322117,570761057
2019-10-25,11088782,569375376,7100,151760,2112499,571487875
2019-10-28,27089354,586887078,32900,147260,2061640,588948718
2019-10-29,16196489,592925950,40400,179660,2468529,595394479
2019-10-30,22330001,603816868,12100,191760,2638617,606455485
2019-10-31,17645457,608865777,14800,165760,2279200,611144977
2019-11-01,12655120,607550576,160800,312760,4328599,611879175
2019-11-04,8640988,604174431,1900,312560,4269569,608444000
2019-11-05,8150645,602659886,27500,321760,4359848,607019734
2019-11-06,19848132,604971957,143000,461860,6373668,611345625
2019-11-07,9947635,605349465,10100,315360,4304664,609654129
2019-11-08,10038104,571480681,7400,286360,3868723,575349404
2019-11-11,7105929,566664961,8500,260968,3426510,570091471
2019-11-12,5249020,563410302,23500,276768,3622894,567033196
2019-11-13,3477811,559690284,9000,251468,3296745,562987029
2019-11-14,4058524,558641122,19400,242868,3176713,561817835
2019-11-15,5667695,555032101,14800,257668,3311034,558343135
2019-11-18,4647522,554043118,29400,286768,3676366,557719484
2019-11-19,4508045,552795145,2800,271368,3530497,556325642
2019-11-20,4624713,551475585,31400,297768,3808453,555284038
2019-11-21,5379656,550346880,64400,304968,3949336,554296216
2019-11-22,9145853,544357814,36900,273768,3586361,547944175
2019-11-25,3107323,543004977,46200,293168,3817048,546822025
2019-11-26,7995344,545294408,90500,332768,4279396,549573804
2019-11-27,6686679,546399143,10600,125468,1598463,547997606
2019-11-28,2126267,545002533,6100,98468,1254483,546257016
2019-11-29,4465959,542164632,26800,86368,1106374,543271006
2019-12-02,1484758,539764201,9000,80268,1031444,540795645
2019-12-03,3221397,539238445,6300,79568,1035976,540274421
2019-12-04,2850196,536794892,1000,71168,930877,537725769
2019-12-05,3676041,535186089,17000,86768,1143602,536329691
2019-12-06,5774357,535407561,5100,76368,1008821,536416382
2019-12-09,6804300,534391033,12000,83568,1093069,535484102
2019-12-10,4999953,535402568,1600,78668,1030551,536433119
2019-12-11,3186088,535209477,26524,101892,1331729,536541206
2019-12-12,4665429,535810723,3200,84492,1095861,536906584
2019-12-13,9088672,537545692,12000,84792,1103992,538649684
2019-12-16,13618045,538289079,9000,77092,1027636,539316715
2019-12-17,17439074,540046245,31200,108092,1448433,541494678
2019-12-18,11961669,536763813,50400,133192,1778113,538541926
2019-12-19,6808671,534994046,6200,74592,997295,535991341
2019-12-20,8816576,533817268,13700,81992,1079835,534897103
2019-12-23,8332565,533526584,7000,74992,971896,534498480
2019-12-24,6323327,533349364,0,68192,889906,534239270
2019-12-25,5774347,525630954,9300,77292,1004796,526635750
2019-12-26,5358909,523547606,18400,94092,1231665,524779271
2019-12-27,7368896,521806345,30700,121992,1589556,523395901
2019-12-30,15446635,522188032,13300,102292,1339003,523527035
2019-12-31,6883285,523298646,36400,131892,1723829,525022475
2020-01-02,23579505,531418189,15400,143892,1918080,533336269
2020-01-03,32453368,538693149,57000,183592,2482164,541175313
2020-01-06,35699880,548717519,1900,138992,1880562,550598081
2020-01-07,17696758,548204391,18800,147992,2009731,550214122
2020-01-08,45467447,554746945,39600,130892,1814163,556561108
2020-01-09,29349589,560826051,3000,97392,1324531,562150582
2020-01-10,12904662,560316584,19600,113492,1529872,561846456
2020-01-13,14731646,562138865,2800,95992,1296852,563435717
2020-01-14,12331703,562461771,1900,85092,1147040,563608811
2020-01-15,9349774,562689772,13000,96692,1286970,563976742
2020-01-16,13577664,560256655,9300,72139,963777,561220432
2020-01-17,10616349,564607395,2600,74739,997019,565604414
2020-01-20,19213121,564315328,8100,81839,1112192,565427520
2020-01-21,14277653,562975518,14500,81139,1078337,564053855
2020-01-22,10119235,560317789,300,80339,1061278,561379067
2020-01-23,16223280,549876671,1400,77739,1002833,550879504
2020-02-03,3602583,544800155,0,72339,839856,545640011
2020-02-04,24339361,546997037,14200,82739,958117,547955154
2020-02-05,19376972,551830381,0,81739,956346,552786727
2020-02-06,15409535,550316607,5500,87239,1036400,551353007
2020-02-07,10870175,543672566,16500,98239,1175920,544848486
2020-02-10,8010052,537904044,10700,108539,1303554,539207598
2020-02-11,9528270,536146831,8400,98252,1166251,537313082
2020-02-12,16476291,532103367,300,88852,1045788,533149155
2020-02-13,10371817,527421112,23200,101652,1171031,528592143
2020-02-14,13933376,521424717,11300,94452,1086198,522510915
2020-02-17,33271766,534571646,35600,129552,1638833,536210479
2020-02-18,43662759,525926134,72300,171852,2392180,528318314
2020-02-19,204377826,605054084,176000,327552,4677443,609731527
2020-02-20,115478197,609456707,331300,527452,7215543,616672250
2020-02-21,103648771,599405000,556200,752452,10624622,610029622
2020-02-24,57863613,598995933,78700,583252,8066375,607062308
2020-02-25,62459442,598663760,123900,538652,7217937,605881697
2020-02-26,67573861,608045489,237091,597443,7969890,616015379
2020-02-27,96531843,634133176,519400,839343,11734015,645867191
2020-02-28,46156186,611076109,293609,690752,8952146,620028255
2020-03-02,42269982,608719298,212600,652443,8775358,617494656
2020-03-03,81810217,608052179,369800,643952,9137679,617189858
2020-03-04,139091186,636801668,324000,693852,10199624,647001292
2020-03-05,131381747,634168343,145000,487052,7047642,641215985
2020-03-06,83891143,622870569,643800,935452,13564054,636434623
2020-03-09,70500070,623991352,163800,738052,9882516,633873868
2020-03-10,45635018,624238541,108300,685452,9424965,633663506
2020-03-11,124092668,657233511,674200,1194452,17319554,674553065
2020-03-12,121259442,661774657,149900,949552,13948919,675723576
2020-03-13,168742527,673357499,421718,1068070,16693934,690051433
2020-03-16,127421332,673570549,223200,964352,14079539,687650088
2020-03-17,78861306,685888848,141000,967652,14059984,699948832
2020-03-18,135667111,688622517,271000,840252,12066019,700688536
2020-03-19,138743218,689479405,203700,731552,11170799,700650204
2020-03-20,115301611,654273168,239200,830852,12545865,666819033
2020-03-23,67428324,638148256,382100,926352,12589124,650737380
2020-03-24,70926929,621141914,358600,1079652,14013883,635155797
2020-03-25,49950245,613509787,210400,1067152,13851633,627361420
2020-03-26,40592829,623083488,63300,960052,12211861,635295349
2020-03-27,29620667,625497505,103600,905052,11295049,636792554
2020-03-30,27435007,623933604,345400,1059152,12900471,636834075
2020-03-31,21481925,622636232,111800,928352,11075239,633711471
2020-04-01,16851562,614553637,49900,783252,9187546,623741183
2020-04-02,17666066,611849468,117400,668052,8050027,619899495
2020-04-03,14613755,610075226,168500,699507,8324134,618399360
2020-04-07,22274130,605193823,181200,637752,7857105,613050928
2020-04-08,37059083,612102797,518065,985717,12558034,624660831
2020-04-09,29346622,610866437,151600,843517,10645184,621511621
2020-04-10,27415500,608943612,362550,1013067,12683599,621627211
2020-04-13,14142795,609162969,154200,927162,11543167,620706136
2020-04-14,34747122,619604781,95800,747262,9325830,628930611
2020-04-15,21198791,621573341,234600,847262,10395905,631969246
2020-04-16,19211838,615588405,107500,673862,8362627,623951032
2020-04-17,30207677,624187071,162300,667962,8222612,632409683
2020-04-20,19978038,610318560,196700,674662,8615434,618933994
2020-04-21,33495723,618982472,151168,666630,8372873,627355345
2020-04-22,16808798,614830029,147183,649935,8150185,622980214
2020-04-23,33913540,621574732,242800,760635,9637245,631211977
2020-04-24,34746067,618175986,125300,680835,8714688,626890674
2020-04-27,31328239,624742913,253200,857635,10634674,635377587
2020-04-28,24981649,623502136,101950,900885,10936744,634438880
2020-04-29,30629171,625933610,326000,1160685,14740700,640674310
2020-04-30,27792121,605078016,21400,794685,10315011,615393027
2020-05-06,27115357,609488347,64100,814585,10711793,620200140
2020-05-07,17886086,609580104,167500,917385,11990222,621570326
2020-05-08,35377577,621162304,138800,914285,12132562,633294866
2020-05-11,29719769,619967835,150700,955585,12795284,632763119
2020-05-12,17964995,614323579,69000,913185,12181888,626505467
2020-05-13,31363521,624332913,32300,821685,11018796,635351709
2020-05-14,35621633,633680408,225900,954685,12668670,646349078
2020-05-15,18656180,630950479,49300,872485,11516802,642467281
2020-05-18,63475234,645777059,181700,891185,12209235,657986294
2020-05-19,31914881,649864674,122100,823985,11329794,661194468
2020-05-20,28201159,617285307,22500,782085,10409552,627694859
2020-05-21,29355578,611920742,115200,877085,11638918,623559660
2020-05-22,18412327,606787286,67800,812185,10623380,617410666
2020-05-25,14984799,597741537,32600,814785,10665536,608407073
2020-05-26,15219936,594920979,17300,741685,9790242,604711221
2020-05-27,16770521,589169096,91000,814985,10529606,599698702
2020-05-28,15836878,592911201,52800,829885,10838298,603749499
2020-05-29,17192302,594039064,36900,844085,11167245,605206309
2020-06-01,24059049,593006948,27400,824285,11103119,604110067
2020-06-02,25710854,593831296,37400,855385,11504929,605336225
2020-06-03,22438371,605720945,700,820185,10933067,616654012
2020-06-04,19318659,599250893,21200,839485,11383417,610634310
2020-06-05,20919275,594150143,400,822385,10921273,605071416
2020-06-08,13578516,592539704,21900,832685,11157979,603697683
2020-06-09,18718939,591264505,64600,862385,11607702,602872207
2020-06-10,32882460,600469541,100700,961985,13169575,613639116
2020-06-11,17267430,597155229,46300,995185,13375286,610530515
2020-06-12,24105174,597178772,19900,992285,13118008,610296780
2020-06-15,20627161,600168868,23600,960585,12449182,612618050
2020-06-16,5997154,596604954,5200,949885,12509986,609114940
2020-06-17,24171414,586264123,124500,1066535,14334230,600598353
2020-06-18,15957316,583918799,19800,908735,12031651,595950450
2020-06-19,21991016,591807666,88700,847335,11337342,603145008
2020-06-22,27661537,599022889,17500,784035,10623675,609646564
2020-06-23,38773118,602404332,106346,855681,11765614,614169946
2020-06-24,39634682,616679159,116100,900281,12297838,628976997
2020-06-29,25492696,615407637,29900,896764,12240829,627648466
2020-06-30,33103176,618728758,140000,1015464,13861084,632589842
2020-07-01,42524016,629422818,118000,1132364,15705890,645128708
2020-07-02,40449766,629139952,92200,1153564,16149896,645289848
2020-07-03,50622587,630030018,59800,1105664,15490353,645520371
2020-07-06,64832152,621404653,75000,1059264,15708886,637113539
2020-07-07,108670905,642103593,115600,1040164,15644067,657747660
2020-07-08,127019540,636183230,84900,1006964,16655185,652838415
2020-07-09,215772753,704128971,180887,1016751,17061082,721190053
2020-07-10,119727142,735205842,53200,960716,15534777,750740619
2020-07-13,88090758,748501557,136000,1030416,17115210,765616767
2020-07-14,294526003,773463233,329800,1116016,19976686,793439919
2020-07-15,179196611,810131865,172300,1185816,19506673,829638538
2020-07-16,78018320,770323058,111300,1192916,19050868,789373926
2020-07-17,240192895,838908784,364500,1492016,26214721,865123505
2020-07-20,235749717,869131941,58700,1458616,28195048,897326989
2020-07-21,269556999,774951529,200602,1564318,29581253,804532782
2020-07-22,187258970,791498653,215800,1655118,30768644,822267297
2020-07-23,258373904,859453668,128200,1409118,27646896,887100564
2020-07-24,269236757,879506883,293500,1631418,30947999,910454882
2020-07-27,142091127,909364126,64100,1550218,28275976,937640102
2020-07-28,179507647,967308849,265900,1659818,31154784,998463633
2020-07-29,93990537,959784813,95200,1637418,30767084,990551897
2020-07-30,96606064,933687058,80100,1638118,30124990,963812048
2020-07-31,102257123,948039197,202599,1600817,29262935,977302132
2020-08-03,144657966,968147529,294700,1704917,33569815,1001717344
2020-08-04,224389708,1051053343,101100,1566017,29754323,1080807666
2020-08-05,205466083,1067556534,651100,2151317,44962525,1112519059
2020-08-06,227456125,1063266123,197700,1870230,42173686,1105439809
2020-08-07,321298610,1148964710,401000,2118030,49053575,1198018285
2020-08-10,256442019,1178746203,72500,1901330,41296887,1220043090
2020-08-11,145365275,1140399728,232346,1879776,40433982,1180833710
2020-08-12,142871762,1151581279,195900,1782630,37256967,1188838246
2020-08-13,260480885,1140490929,556678,2147108,49362013,1189852942
2020-08-14,205932942,1109516557,204500,1920830,46368836,1155885393
2020-08-17,185286487,1171965208,309700,2017830,48407742,1220372950
2020-08-18,185944236,1243404566,145600,1884130,44823452,1288228018
2020-08-19,127307557,1201544812,245800,2014830,45051600,1246596412
2020-08-20,102958686,1223875405,135800,1919430,42784095,1266659500
2020-08-21,48343623,1207266972,147200,1894830,41894691,1249161663
2020-08-24,82764169,1218410469,154900,1795830,40819215,1259229684
2020-08-25,106872088,1126870620,152600,1732965,37969263,1164839883
2020-08-26,49810708,1062138191,100500,1593266,33601980,1095740171
2020-08-27,46977074,1035392495,142400,1625466,34346097,1069738592
2020-08-28,43441973,1032316756,124100,1612866,34644362,1066961118
2020-08-31,101598684,1078729202,151300,1704066,36944151,1115673353
2020-09-01,38509998,1082959018,122800,1775966,38982453,1121941471
2020-09-02,89649282,1075982695,111352,1826218,41089906,1117072601
2020-09-03,66537216,1084575211,111500,1885518,40878030,1125453241
2020-09-04,28699487,1071659450,47300,1844218,39337170,1110996620
2020-09-07,48098399,1073160066,71300,1775918,35163177,1108323243
2020-09-08,42361196,1066997409,106800,1725218,34176569,1101173978
2020-09-09,32671611,1066066979,195624,1641742,32112473,1098179452
2020-09-10,25748171,1068155173,21514,1437104,27218750,1095373923
2020-09-11,14930911,1048009653,39600,1325550,25583116,1073592769
2020-09-14,18604176,1044655046,64800,1297550,24868711,1069523757
2020-09-15,25389656,1042659561,297651,1582801,31260320,1073919881
2020-09-16,15552430,1040666987,149900,1608901,31405747,1072072734
2020-09-17,20387915,1020554345,130700,1607550,31877717,1052432062
2020-09-18,40489127,1011617647,50600,1580650,31660420,1043278067
2020-09-21,39401908,1007342237,154400,1627650,33578419,1040920656
2020-09-22,29694633,1003755146,39100,1612650,31640194,1035395340
2020-09-23,14898239,988291347,11600,1574650,30926124,1019217471
2020-09-24,15184812,971479918,48700,1542770,29220063,1000699981
2020-09-25,7386972,960521444,47100,1511770,28723630,989245074
2020-09-28,5712662,948609277,87300,1568570,29849887,978459164
2020-09-29,47544048,968049200,111800,1557946,30691536,998740736
2020-09-30,25469047,964241797,104500,1563446,30784251,995026048
2020-10-09,45592031,992753709,33000,1514446,30198052,1022951761
2020-10-12,62216221,987553740,38000,1510746,31589699,1019143439
2020-10-13,45518688,990890094,59000,1498846,32045327,1022935421
2020-10-14,41284249,989599636,110100,1420046,30317983,1019917619
2020-10-15,20624860,981884241,126600,1460546,30846732,1012730973
2020-10-16,16668431,973349698,25200,1323646,27902458,1001252156
2020-10-19,19898711,975507566,63200,1342746,27821696,1003329262
2020-10-20,23662022,979352354,39700,1352146,28300416,1007652770
2020-10-21,46069374,997167705,28600,1252646,25203238,1022370943
2020-10-22,32541034,1007869853,44400,1241746,23928445,1031798298
2020-10-23,15772015,1001576969,72600,1285546,24631062,1026208031
2020-10-26,13792337,997916060,31500,1298446,25228806,1023144866
2020-10-27,12499436,987407894,54200,1292046,24833124,1012241018
2020-10-28,26638852,986210198,94400,1332946,25072715,1011282913
2020-10-29,24520548,978528939,40000,1259446,23337535,1001866474
2020-10-30,35444011,958625833,103500,1351546,24138612,982764445
2020-11-02,17968770,932443809,2200,1267946,22391927,954835736
2020-11-03,43544102,932584843,59800,1311946,24612108,957196951
2020-11-04,57872516,939390842,126700,1381646,26569053,965959895
2020-11-05,32930526,941881669,56900,1320812,25148261,967029930
2020-11-06,29444882,941751705,19900,1318946,24585152,966336857
2020-11-09,39792216,944611493,59200,1259920,23799888,968411381
2020-11-10,22190103,951580503,64700,1306420,24286349,975866852
2020-11-11,16571848,945203468,11500,1308120,23964758,969168226
2020-11-12,6819591,942564494,4400,1305820,24000971,966565465
2020-11-13,67050130,970037771,230100,1499120,28843068,998880839
2020-11-16,74599081,1011914451,86300,1539720,30101526,1042015977
2020-11-17,32039657,1010711271,17000,1476520,27699516,1038410787
2020-11-18,38245214,1002600796,62500,1393620,27147718,1029748514
2020-11-19,107140104,1029750699,213600,1488120,30208837,1059959536
2020-11-20,100749679,1049096936,121700,1404020,28754330,1077851266
2020-11-23,116630712,1085996655,87800,1396720,28367384,1114364039
2020-11-24,88923946,1112115185,93500,1347520,27435509,1139550694
2020-11-25,71908178,1109249041,36800,1234220,24326477,1133575518
2020-11-26,67070886,1119783228,91760,1141080,22878655,1142661883
2020-11-27,97633768,1151242989,125700,1157325,23597857,1174840846
2020-11-30,56561486,1125386029,44300,1035025,21124859,1146510888
2020-12-01,99134301,1141559569,185200,1026101,21609687,1163169256
2020-12-02,60525811,1093496277,134300,922335,19433598,1112929875
2020-12-03,49852415,1093703604,34400,647640,13367289,1107070893
2020-12-04,56574796,1107352433,72700,606306,12768804,1120121237
2020-12-07,97064321,1143131131,30280,486386,10262745,1153393876
2020-12-08,47001388,1136759442,25100,421886,8775228,1145534670
2020-12-09,34163740,1119309921,26900,402198,8088202,1127398123
2020-12-10,30504543,1111487255,28600,375098,7471953,1118959208
2020-12-11,30270811,1094698903,19100,305998,5862922,1100561825
2020-12-14,18469334,1091404594,42700,313698,6132796,1097537390
2020-12-15,18240089,1084738611,96200,378898,7350621,1092089232
2020-12-16,19195990,1087403004,78719,382337,7398221,1094801225
2020-12-17,28321206,1090193875,87900,401337,7745804,1097939679
2020-12-18,25012306,1088690254,174477,531814,10338464,1099028718
2020-12-21,124846550,1025766417,200800,589237,12597887,1038364304
2020-12-22,105124680,1039494156,292600,765337,16095038,1055589194
2020-12-23,134517734,1062406552,288000,887418,19611938,1082018490
2020-12-24,167764942,1122792009,275300,1002018,21723750,1144515759
2020-12-25,91673162,1116817855,272200,1080218,23872818,1140690673
2020-12-28,83008185,1126512838,377300,1240018,27218395,1153731233
2020-12-29,106356098,1140904087,249600,1314818,28702477,1169606564
2020-12-30,200560146,1223730350,279800,1291818,29220923,1252951273
2020-12-31,298700032,1259621811,364073,1418291,32521413,1292143224
2021-01-04,447792689,1473034721,317056,1493647,37669778,1510704499
2021-01-05,296561398,1386167298,366000,1645289,41642265,1427809563
2021-01-06,265843768,1374825495,224400,1707189,43072379,1417897874
2021-01-07,260548426,1350209412,207600,1666689,43297411,1393506823
2021-01-08,189351865,1331992498,164900,1599389,40208640,1372201138
2021-01-11,257534687,1332341230,201573,1587889,41285114,1373626344
2021-01-12,324866070,1362613227,381500,1507316,42762555,1405375782
2021-01-13,250994045,1312655229,322300,1447118,39795745,1352450974
2021-01-14,198773806,1266064009,234700,1487018,36803696,1302867705
2021-01-15,172164150,1290745923,131195,1273613,30350198,1321096121
2021-01-18,94601286,1259824847,245800,1407713,34376352,1294201199
2021-01-19,84152857,1255966695,170522,1340035,31490823,1287457518
2021-01-20,90333472,1260990545,244100,1479313,35488719,1296479264
2021-01-21,117490848,1279470305,149800,1359513,32886619,1312356924
2021-01-22,79959421,1269322409,95200,1306713,31361112,1300683521
2021-01-25,131355465,1273479736,143100,1367713,32510538,1305990274
2021-01-26,104174093,1218311907,186300,1341913,29669696,1247981603
2021-01-27,33997715,1182991682,144107,1281320,28957832,1211949514
2021-01-28,34486085,1167615795,107600,1173713,25939058,1193554853
2021-01-29,55415347,1121827506,172325,1197238,25118053,1146945559
2021-02-01,25707333,1124204901,84700,1155638,24291511,1148496412
2021-02-02,56606097,1132800486,134700,1254738,26914130,1159714616
2021-02-03,29314137,1123955908,63200,1269438,26708976,1150664884
2021-02-04,23571114,1088943967,110400,1213238,24895643,1113839610
2021-02-05,21978417,1084260058,177200,1196913,23734785,1107994843
2021-02-08,22996539,1083962684,126900,1186413,23775717,1107738401
2021-02-09,65125911,1111238104,232200,1263013,27230560,1138468664
2021-02-10,38174840,1099828783,127324,1214137,25921824,1125750607
2021-02-18,56675700,1117292239,170500,1257713,26801864,1144094103
2021-02-19,68822980,1139256340,150836,1339449,29066044,1168322384
2021-02-22,77560678,1158055708,239100,1363113,28366382,1186422090
2021-02-23,96755486,1159485616,340300,1495913,33044719,1192530335
2021-02-24,121050726,1216168856,228018,1447731,31488150,1247657006
2021-02-25,92105487,1233051765,300692,1537105,33539631,1266591396
2021-02-26,54359723,1214202065,192600,1431105,29652495,1243854560
2021-03-01,33656325,1203481502,348560,1599965,33791260,1237272762
2021-03-02,83399338,1198363576,347200,1744505,38693121,1237056697
2021-03-03,54420451,1204749190,258100,1816205,39865700,1244614890
2021-03-04,76091553,1196953225,219500,1873805,40624093,1237577318
2021-03-05,42947194,1190028240,197200,1933205,40925950,1230954190
2021-03-08,75851731,1153601669,289000,1968054,37491429,1191093098
2021-03-09,44661695,1136295946,257800,2002554,35244950,1171540896
2021-03-10,32322892,1143360200,226300,1953349,34183609,1177543809
2021-03-11,28383573,1137862427,188500,1861049,33219726,1171082153
2021-03-12,29742419,1129024696,209100,1850449,32567902,1161592598
2021-03-15,25321875,1127547593,243199,1904848,33449131,1160996724
2021-03-16,20374875,1127016235,204600,1824449,32110302,1159126537
2021-03-17,18911906,1122377435,206200,1813149,32147131,1154524566
2021-03-18,28254524,1114362323,117600,1799849,32217298,1146579621
2021-03-19,33195366,1114605688,245700,1928349,34980250,1149585938
2021-03-22,22520171,1111685396,101700,1915049,34930494,1146615890
2021-03-23,30858149,1117465936,142100,1936749,34784012,1152249948
2021-03-24,23860581,1115232090,130400,1863949,32805502,1148037592
2021-03-25,15504358,1113367438,145449,1799798,31676445,1145043883
2021-03-26,10356419,1096626411,137600,1751798,31287113,1127913524
2021-03-29,34638992,1106821608,180000,1705637,30786749,1137608357
2021-03-30,67363845,1124521923,213800,1766237,32516423,1157038346
2021-03-31,45206042,1122309927,131000,1746137,30539937,1152849864
2021-04-01,23056242,1121079276,72700,1768237,31262431,1152341707
2021-04-02,24839657,1119070175,105500,1822237,32946046,1152016221
2021-04-06,33445553,1131141263,94100,1831837,33412707,1164553970
2021-04-07,11799523,1123711697,80200,1818637,32917331,1156629028
2021-04-08,26965293,1116859591,96707,1855444,33824744,1150684335
2021-04-09,22499861,1115066779,89196,1873340,33757587,1148824366
2021-04-12,27362305,1107528251,82600,1844240,32458624,1139986875
2021-04-13,12720393,1108715862,96545,1871785,32681367,1141397229
2021-04-14,7330797,1102126897,37200,1876936,33052843,1135179740
2021-04-15,10910505,1096101812,70600,1857496,33044854,1129146666
2021-04-16,10601219,1084801302,56500,1841096,32753098,1117554400
2021-04-19,17454994,1081157138,25500,1846196,33379225,1114536363
2021-04-20,18182106,1071521506,39300,1861796,33866069,1105387575
2021-04-21,15108432,1072724298,6000,1855996,33370808,1106095106
2021-04-22,14939591,1068133864,15800,1844296,33455528,1101589392
2021-04-23,13475002,1064506103,11600,1795496,32408704,1096914807
2021-04-26,23677607,1062622477,28293,1800589,32356584,1094979061
2021-04-27,13045840,1055740224,79900,1836289,33328645,1089068869
2021-04-28,15719671,1051813064,23600,1761989,32032960,1083846024
2021-04-29,49275122,1058059062,112800,1760089,32561648,1090620710
2021-04-30,24810013,1039276712,106400,1822589,33061763,1072338475
2021-05-06,35771739,1048439119,25500,1790989,32972107,1081411226
2021-05-07,35117207,1052504965,47400,1791889,33078272,1085583237
2021-05-10,29964903,1055278329,91064,1864253,33631124,1088909453
2021-05-11,41760623,1051518445,93500,1863253,34786934,1086305379
2021-05-12,20899843,1044453219,18700,1747146,32339672,1076792891
2021-05-13,76559078,1077612770,165300,1855746,35370520,1112983290
2021-05-14,87550771,1095594461,88400,1904946,38232267,1133826728
2021-05-17,56913420,1090610254,180100,2010746,40194812,1130805066
2021-05-18,70889917,1100064375,114600,2082746,42279744,1142344119
2021-05-19,41558354,1101896384,52100,2069846,42142065,1144038449
2021-05-20,43639914,1104554009,62200,2001746,39834746,1144388755
2021-05-21,29607227,1096137591,90389,1965635,38329884,1134467475
2021-05-24,39149593,1096005079,121800,1951435,38579870,1134584949
2021-05-25,85099483,1104717287,139576,1976411,40615246,1145332533
2021-05-26,54608055,1089804350,158400,1913346,38745257,1128549607
2021-05-27,56036261,1095467423,168100,1960926,39140083,1134607506
2021-05-28,41899637,1095159143,124831,1958157,39280631,1134439774
2021-05-31,78617690,1109956748,171150,1977376,41010777,1150967525
2021-06-01,54103144,1117881222,147200,1986926,40533290,1158414512
2021-06-02,34124981,1115993814,218100,1902834,38646559,1154640373
2021-06-03,72603971,1123985152,186540,1898174,38950529,1162935681
2021-06-04,88137435,1135750782,452312,2101191,44944475,1180695257
2021-06-07,90975839,1161056929,310910,2108996,45132514,1206189443
2021-06-08,90207759,1148404348,242306,2086102,45810800,1194215148
2021-06-09,70771079,1149547673,129300,1939341,42219454,1191767127
2021-06-10,55553316,1139976030,174800,1970607,42565112,1182541142
2021-06-11,120545976,1141222217,116608,1679875,33580701,1174802918
2021-06-15,39358917,1126046772,97500,1641775,32211626,1158258398
2021-06-16,23665275,1109919706,219300,1731867,34239011,1144158717
2021-06-17,24796792,1094091906,159400,1771267,35017949,1129109855
2021-06-18,38144279,1081761894,211000,1776044,35840568,1117602462
2021-06-21,88713525,1088681123,412994,2029038,43238801,1131919924
2021-06-22,52806602,1082842846,235000,1872393,39994314,1122837160
2021-06-23,45489747,1090864046,181100,1894093,40249477,1131113523
2021-06-24,53775564,1088848068,453675,2099354,44758228,1133606296
2021-06-25,27584072,1071134456,231564,2141852,45385844,1116520300
2021-06-28,31774923,1063217112,192200,2003556,42735850,1105952962
2021-06-29,43307718,1069606483,244200,2094156,42804549,1112411032
2021-06-30,16883267,1046783842,190400,1880029,39161004,1085944846
2021-07-01,46720356,1041076581,185800,1865429,36786260,1077862841
2021-07-02,38330452,1020274594,342500,2005229,37758462,1058033056
2021-07-05,15047225,1009175528,141453,2020082,38280553,1047456081
2021-07-06,23168341,1017414269,159715,2034558,38432801,1055847070
2021-07-07,40251224,1020503278,264184,2094942,40264784,1060768062
2021-07-08,58088832,1005037424,301400,2032297,40625616,1045663040
2021-07-09,29039766,997571782,338100,1943299,39138043,1036709825
2021-07-12,30728634,991740009,392570,2013269,41131086,1032871095
2021-07-13,25053719,978931229,350500,2009684,41359296,1020290525
2021-07-14,10883770,953191052,76500,1870984,37681619,990872671
2021-07-15,17994183,951348143,64500,1768184,35381362,986729505
2021-07-16,85022212,965904827,441238,2009622,42704468,1008609295
2021-07-19,67949999,991949451,163523,1773963,37075828,1029025279
2021-07-20,65037131,1005720487,330400,1927839,41217198,1046937685
2021-07-21,67530741,978161580,278600,1798851,38621331,1016782911
2021-07-22,72144972,980817565,197400,1719151,36411619,1017229184
2021-07-23,143300422,1039908176,411700,1894251,40877936,1080786112
2021-07-26,171425169,1086191923,622845,2180296,46374896,1132566819
2021-07-27,92963623,1100846882,329900,2162132,45491258,1146338140
2021-07-28,70178207,1103325760,400000,2141711,41013766,1144339526
2021-07-29,37593623,1047874510,348500,2041011,41840727,1089715237
2021-07-30,26030257,1024150085,403920,1870783,38594253,1062744338
2021-08-02,69063877,1008069786,179800,1721883,37175455,1045245241
2021-08-03,69315212,1026456139,425000,1916883,40925452,1067381591
2021-08-04,97417764,1050913159,584600,2174883,47586440,1098499599
2021-08-05,161106430,1079517728,451859,2138863,50755219,1130272947
2021-08-06,89424857,1091149025,353000,2040277,48150537,1139299562
2021-08-09,77467907,1110556849,434499,2304376,54037618,1164594467
2021-08-10,110188308,1092025216,265100,2187777,52812937,1144838153
2021-08-11,69562024,1082026869,233693,2141419,51179914,1133206783
2021-08-12,63392568,1083329807,314600,2219644,51651116,1134980923
2021-08-13,54433097,1077232991,395424,2315768,54212129,1131445120
2021-08-16,37502296,1074165354,272194,2226677,50990903,1125156257
2021-08-17,108086255,1096157267,201300,2127878,48260272,1144417539
2021-08-18,278077460,1083296719,176800,2137071,53319921,1136616640
2021-08-19,164261985,1091370774,164400,2079671,51305483,1142676257
2021-08-20,129242605,1087452704,184900,2080647,51808111,1139260815
2021-08-23,191768735,1109240526,192400,2142347,55701022,1164941548
2021-08-24,213483898,1163036677,283796,2248143,56833054,1219869731
2021-08-25,75437705,1147572693,166200,2244543,56113575,1203686268
2021-08-26,104714693,1154868785,159700,2251754,54492447,1209361232
2021-08-27,88622149,1102055533,122200,2220354,54487487,1156543020
2021-08-30,191799209,1132058169,216900,2276554,58507438,1190565607
2021-08-31,130527465,1151300981,222500,2309954,60081904,1211382885
2021-09-01,109968265,1116198823,294300,2364854,59476079,1175674902
2021-09-02,77169217,1101227301,308800,2544154,66097122,1167324423
2021-09-03,110980937,1088291274,420773,2650527,64964416,1153255690
2021-09-06,84165691,1111673657,385143,2866970,70326774,1182000431
2021-09-07,127348383,1117287452,481103,2789354,73611052,1190898504
2021-09-08,129144955,1117262761,337400,2685354,66919022,1184181783
2021-09-09,152347018,1187486719,470804,2746758,71141033,1258627752
2021-09-10,97510183,1202178541,435700,2850758,73350004,1275528545
2021-09-13,101669653,1207595602,407900,2830258,74945233,1282540835
2021-09-14,97373572,1196187154,195856,2636914,68533395,1264720549
2021-09-15,141448656,1172877353,376500,2651614,72442094,1245319447
2021-09-16,143138842,1203420282,324100,2526411,68945756,1272366038
2021-09-17,112829396,1179585452,406400,2622411,67920445,1247505897
2021-09-22,66050444,1169934369,284771,2557562,68542663,1238477032
2021-09-23,80072144,1138990281,383000,2589282,69625793,1208616074
2021-09-24,64467447,1148841927,225300,2390282,63270765,1212112692
2021-09-27,118034372,1157500057,384000,2500982,62274452,1219774509
2021-09-28,35659993,1135020530,278000,2379682,60205955,1195226485
2021-09-29,41475664,1124966995,237212,2298894,56116003,1181082998
2021-09-30,26406498,1099572845,204700,2211194,53223439,1152796284
2021-10-08,49507725,1107016727,175500,1944782,47899981,1154916708
2021-10-11,87376577,1119848759,461308,2235690,57390162,1177238921
2021-10-12,57478738,1115612247,244000,2082668,50796273,1166408520
2021-10-13,28947954,1113947055,254800,2168475,53821549,1167768604
2021-10-14,68802250,1127584423,366329,2128626,54067102,1181651525
2021-10-15,42444077,1131243640,191100,2219126,56476757,1187720397
2021-10-18,126141721,1083251786,356700,2312226,64742328,1147994114
2021-10-19,75610220,1068991304,150095,2192521,60776683,1129767987
2021-10-20,79923343,1068486878,352400,2314621,65226020,1133712898
2021-10-21,60182447,1053574916,291300,2369521,65161829,1118736745
2021-10-22,103320893,1079550437,337300,2353266,65632590,1145183027
2021-10-25,76335772,1079259519,170409,2193075,62678084,1141937603
2021-10-26,142537713,1109621883,379400,2263880,59404211,1169026094
2021-10-27,60162920,1101264060,135800,1919480,50482325,1151746385
2021-10-28,46764851,1100629487,151600,1982680,51549680,1152179167
2021-10-29,61863842,1084125317,467200,2238980,59735988,1143861305
2021-11-01,71965064,1096049655,226446,2300126,61873390,1157923045
2021-11-02,95937706,1092191069,333400,2473726,67483245,1159674314
2021-11-03,65722544,1092684347,165523,2536049,68803009,1161487356
2021-11-04,95074945,1093984713,65800,2361449,64892619,1158877332
2021-11-05,72047306,1047429934,126400,2398349,66386302,1113816236
2021-11-08,51925510,1036058410,110200,2363449,66271111,1102329521
2021-11-09,102110757,1025281776,173109,2226729,65577170,1090858946
2021-11-10,54636222,1004993961,114400,2191829,63979488,1068973449
2021-11-11,66886368,1023247176,97600,2145229,62554878,1085802054
2021-11-12,108639974,1040044883,976400,3008329,91092202,1131137085
2021-11-15,118279675,1068207120,280200,3116429,90781576,1158988696
2021-11-16,101885556,1076613760,143500,3024129,83919581,1160533341
2021-11-17,72857649,1095378509,142500,2828383,80665482,1176043991
2021-11-18,64913873,1058685489,239702,2875885,84263431,1142948920
2021-11-19,78770521,1070718136,69200,2876585,83852453,1154570589
2021-11-22,59177315,1077571505,102800,2879385,84538743,1162110248
2021-11-23,51553483,1080483764,29900,2768485,79566258,1160050022
2021-11-24,72221187,1093882205,211500,2851498,79585308,1173467513
2021-11-25,21959053,1075468560,186700,2827698,80165238,1155633798
2021-11-26,35458490,1058304912,122500,2741498,78461674,1136766586
2021-11-29,56602759,1008931735,166400,2611765,79658834,1088590569
2021-11-30,47670000,978349679,183000,2395565,74022960,1052372639
2021-12-01,62388149,1010568342,133500,2263869,68210372,1078778714
2021-12-02,69545348,1031483189,246700,2209249,66697226,1098180415
2021-12-03,84019977,1046358381,156800,2105427,64868207,1111226588
2021-12-06,52676033,1010646777,70800,1893483,58432886,1069079663
2021-12-07,63888027,1023615669,34600,1805283,54700075,1078315744
2021-12-08,62611355,1039666739,46700,1822883,55670848,1095337587
2021-12-09,119947710,1092141454,158002,1947285,57503327,1149644781
2021-12-10,85661522,1085502427,24300,1827585,53767551,1139269978
2021-12-13,56696708,1079685608,93200,1870985,54894700,1134580308
2021-12-14,61596081,1046158102,200899,1994575,59278768,1105436870
2021-12-15,48212395,1055567041,165100,2102675,61755566,1117322607
2021-12-16,48000561,1047364203,119900,2126104,62316110,1109680313
2021-12-17,65310777,1059650114,251500,2344104,67744606,1127394720
2021-12-20,48493426,1037949074,180756,2468260,69185328,1107134402
2021-12-21,48748851,1029540685,71000,2371660,65742414,1095283099
2021-12-22,47608455,1038612758,234348,2487308,68525335,1107138093
2021-12-23,39720617,1040803462,158600,2542858,70208309,1111011771
2021-12-24,44412825,1011255632,172900,2609858,73650193,1084905825
