日期,融资买入额(元),融资余额(元),融券卖出量,融券余量,融券余额(元),融资融券余额(元)
2017-07-12,12669204,528347796,81800,81996,521495,528869291
2017-07-13,4899042,523345611,14700,39396,249771,523595382
2017-07-14,5510256,519668636,63500,63696,403833,520072469
2017-07-17,21701599,520060864,73300,73496,449061,520509925
2017-07-18,4894602,518548741,76906,89602,547468,519096209
2017-07-19,7094542,517842105,100800,113502,700307,518542412
2017-07-20,12011680,502535224,40000,93702,604378,503139602
2017-07-21,8213766,470912621,37500,131202,858061,471770682
2017-07-24,4725715,468089806,27000,157202,1024957,469114763
2017-07-25,20086265,459936660,145500,195702,1317074,461253734
2017-07-26,18420475,463857302,82700,82902,545495,464402797
2017-07-27,17781960,467294801,40700,40894,271945,467566746
2017-07-28,8315115,464905104,102200,142394,932681,465837785
2017-07-31,12916018,469896724,16500,56694,374747,470271471
2017-08-01,7305924,467815643,85400,102094,669737,468485380
2017-08-02,28313798,473408710,115900,116094,778991,474187701
2017-08-03,13731194,475846531,66300,66494,440855,476287386
2017-08-04,15068123,466124799,48600,48794,319601,466444400
2017-08-07,7519705,463554310,40000,73694,484170,464038480
2017-08-08,20770904,466068334,130400,170594,1151510,467219844
2017-08-09,11540622,467392301,0,95794,641820,468034121
2017-08-10,10160314,470185090,122200,202394,1333776,471518866
2017-08-11,10720518,468417862,15600,15794,103925,468521787
2017-08-14,10722755,465208128,40000,40194,270104,465478232
2017-08-15,9375720,464225446,137800,177994,1183660,465409106
2017-08-16,10495267,455924688,0,194,1300,455925988
2017-08-17,30144425,465481396,80000,80194,545319,466026715
2017-08-18,12594493,460059398,137800,217994,1464920,461524318
2017-08-21,10534780,460511779,0,194294,1309542,461821321
2017-08-22,9638706,462484333,23700,118662,789102,463273435
2017-08-23,5364104,461467853,0,262,1721,461469574
2017-08-24,4873958,457183957,0,262,1708,457185665
2017-08-25,7018863,457419779,0,262,1727,457421506
2017-08-28,9568453,456671848,0,262,1742,456673590
2017-08-29,6968302,456950322,0,262,1729,456952051
2017-08-30,9270890,456405335,0,262,1734,456407069
2017-08-31,6744783,451332850,0,262,1724,451334574
2017-09-01,7415824,449718343,0,262,1721,449720064
2017-09-04,12171204,452948861,0,262,1727,452950588
2017-09-05,10980949,449365358,133300,133562,884180,450249538
2017-09-06,23258115,452104956,0,2562,17140,452122096
2017-09-07,34599593,468240304,0,2562,17063,468257367
2017-09-08,17536346,470759928,32303,34865,230806,470990734
2017-09-11,22056843,479243979,40000,74865,501596,479745575
2017-09-12,44039228,477487835,98700,138965,944962,478432797
2017-09-13,14458770,480334385,0,95365,645621,480980006
2017-09-14,21287866,482226880,0,95365,637992,482864872
2017-09-15,26650172,494788100,0,265,1799,494789899
2017-09-18,15514428,496545526,0,265,1794,496547320
2017-09-19,9114418,493843950,0,265,1773,493845723
2017-09-20,24892351,497260136,217600,217865,1492375,498752511
2017-09-21,11784723,491045872,0,137865,931967,491977839
2017-09-22,16642823,499307174,0,60251,404284,499711458
2017-09-25,15232294,503052665,77600,115051,754735,503807400
2017-09-26,10616636,500416798,6000,6251,40882,500457680
2017-09-27,7257148,496891921,0,5951,39217,496931138
2017-09-28,9543696,496204777,0,5951,38801,496243578
2017-09-29,4563219,486207909,0,5951,39098,486247007
2017-10-09,14432454,489524890,131900,132151,880126,490405016
2017-10-10,11367566,490180992,0,132151,884090,491065082
2017-10-11,12446111,490776766,42700,174851,1180244,491957010
2017-10-12,11861674,497024595,3000,26051,173760,497198355
2017-10-13,21470230,495017606,80000,80251,545707,495563313
2017-10-16,18259330,501104029,111700,191951,1280313,502384342
2017-10-17,41582199,505433043,110000,301951,2056286,507489329
2017-10-18,19325007,507273823,1300,203251,1376009,508649832
2017-10-19,12687818,497533769,0,65651,430671,497964440
2017-10-20,13293606,503168092,0,65651,435266,503603358
2017-10-23,6041124,500966343,0,155,1026,500967369
2017-10-24,10781220,503182676,41900,42055,275040,503457716
2017-10-25,7851689,502997406,0,155,1020,502998426
2017-10-26,17208270,505874822,151896,152051,1008098,506882920
2017-10-27,7605570,503355969,0,50155,328014,503683983
2017-10-30,16421068,501322460,157700,207855,1317801,502640261
2017-10-31,4204826,488147818,0,50155,319989,488467807
2017-11-01,3872913,488131039,0,50155,320992,488452031
2017-11-02,6231037,480805259,194300,244455,1586513,482391772
2017-11-03,2960450,472885523,0,161655,1036209,473921732
2017-11-06,5196956,474639058,0,161557,1046889,475685947
2017-11-07,10107097,477381458,0,40057,260771,477642229
2017-11-08,11954667,478799291,0,57,369,478799660
2017-11-09,19933591,484812930,226600,226657,1491403,486304333
2017-11-10,21416433,490463430,41900,69157,457128,490920558
2017-11-13,20275868,493537404,54700,123857,823649,494361053
2017-11-14,22433124,490997031,253400,337257,2273112,493270143
2017-11-15,15120928,488242366,90000,175957,1170114,489412480
2017-11-16,13160655,488450355,3300,87357,578303,489028658
2017-11-17,22298234,481723175,221900,309257,1948319,483671494
2017-11-20,8455390,480866547,0,57,361,480866908
2017-11-21,9910484,484289969,83800,83857,526622,484816591
2017-11-22,6930997,482924213,0,57,356,482924569
2017-11-23,4951341,476637886,41900,41957,260133,476898019
2017-11-24,7972759,474444065,41900,41957,260973,474705038
2017-11-27,9086340,478778911,142200,142257,884839,479663750
2017-11-28,5211562,478507343,26500,26557,165716,478673059
2017-11-29,5502117,480110753,57300,83857,522429,480633182
2017-11-30,6112570,483269549,0,10257,63696,483333245
2017-12-01,3212106,481227702,41900,41957,259714,481487416
2017-12-04,5657029,480768210,41900,83857,511528,481279738
2017-12-05,6418660,467509311,99900,183757,1078654,468587965
2017-12-06,5981659,467877973,0,99957,579751,468457724
2017-12-07,15786242,474722768,242808,242865,1428046,476150814
2017-12-08,6716836,470703772,40000,102165,595622,471299394
2017-12-11,4666751,471221126,0,52165,304644,471525770
2017-12-12,9789139,474311517,181700,233865,1358756,475670273
2017-12-13,5708531,472656469,115400,115465,676625,473333094
2017-12-14,3780727,470341940,0,65465,379042,470720982
2017-12-15,4275063,465485062,0,65465,371187,465856249
2017-12-18,3410105,463412183,0,65,365,463412548
2017-12-19,1838191,462274497,83800,83865,474676,462749173
2017-12-20,2837459,460497396,0,83865,477192,460974588
2017-12-21,1946449,459889104,0,50465,287146,460176250
2017-12-22,4016199,456373016,253400,303865,1750262,458123278
2017-12-25,0,454019375,0,163865,943862,454963237
2017-12-26,0,452509804,0,163865,943862,453453666
2017-12-27,0,451817074,0,83865,483062,452300136
2017-12-28,0,451120583,0,83865,483062,451603645
2017-12-29,0,448867276,0,83865,483062,449350338
2018-01-02,0,446917468,0,83865,483062,447400530
2018-01-03,0,442097191,0,83865,483062,442580253
2018-01-04,0,440590381,0,83865,483062,441073443
2018-01-05,0,438803936,0,83865,483062,439286998
2018-01-08,0,437563147,0,83865,483062,438046209
2018-01-09,0,436676615,0,83865,483062,437159677
2018-01-10,22698666,439321020,125400,125400,752400,440073420
2018-01-11,10375755,441323250,0,125400,752400,442075650
2018-01-12,8882703,444169035,6000,131400,770004,444939039
2018-01-15,9045062,444779629,0,131400,750294,445529923
2018-01-16,7962519,445105822,0,131400,738468,445844290
2018-01-17,17981957,454908231,0,65400,362316,455270547
2018-01-18,6406096,451952367,6000,71400,388416,452340783
2018-01-19,5403928,448034398,0,65400,361662,448396060
2018-01-22,4629046,447256254,6000,71400,395556,447651810
2018-01-23,5283333,446494539,50000,115400,648548,447143087
2018-01-24,8160934,448484018,6000,6000,33540,448517558
2018-01-25,10912196,443730185,171500,171500,970690,444700875
2018-01-26,7431844,433278032,6000,127500,710175,433988207
2018-01-29,9731391,432768572,0,61500,341325,433109897
2018-01-30,3177068,424843926,0,61500,340710,425184636
2018-01-31,8650230,420953417,6000,67500,369225,421322642
2018-02-01,5637926,414867828,113900,175400,941898,415809726
2018-02-02,2117786,411544891,0,125400,674652,412219543
2018-02-05,0,410157932,0,125400,674652,410832584
2018-02-06,0,404661343,0,125400,674652,405335995
2018-02-07,0,403231225,0,0,0,403231225
2018-02-08,0,402338001,0,0,0,402338001
2018-02-09,0,400587200,0,0,0,400587200
2018-02-12,0,399206300,0,0,0,399206300
2018-02-13,0,398105267,0,0,0,398105267
2018-02-14,0,395743807,0,0,0,395743807
2018-02-22,0,395482183,0,0,0,395482183
2018-02-23,0,395090012,0,0,0,395090012
2018-02-26,11112472,399390481,40000,40000,220800,399611281
2018-02-27,8705675,401945924,135400,135400,751470,402697394
2018-02-28,7178402,403247215,0,45400,251062,403498277
2018-03-01,5113641,400961366,0,45400,251970,401213336
2018-03-02,8108238,402163684,0,45400,252424,402416108
2018-03-05,2689013,401202889,0,45400,252878,401455767
2018-03-06,6203681,400765442,0,0,0,400765442
2018-03-07,7344307,401865797,0,0,0,401865797
2018-03-08,3497971,401069332,0,0,0,401069332
2018-03-09,14854951,402193769,0,0,0,402193769
2018-03-12,9194556,399178442,0,0,0,399178442
2018-03-13,25654412,396805249,125400,125400,738606,397543855
2018-03-14,6353553,395763789,0,125400,726066,396489855
2018-03-15,12525811,399324539,0,85400,484218,399808757
2018-03-16,3303756,397641685,0,85400,482510,398124195
2018-03-19,7121091,401211799,0,85400,475678,401687477
2018-03-20,6665447,402605483,50000,135400,756886,403362369
2018-03-21,4198906,401176688,0,0,0,401176688
2018-03-22,5413936,401228263,40000,40000,220000,401448263
2018-03-23,6303178,389994891,85400,92500,499500,390494391
2018-03-26,3960720,390349164,0,92500,499500,390848664
2018-03-27,7844660,390875803,0,92500,503200,391379003
2018-03-28,2923964,388800590,0,0,0,388800590
2018-03-29,3796469,388127929,80000,80000,434400,388562329
2018-03-30,5627427,388987629,0,80000,437600,389425229
2018-04-02,5073551,390336711,0,80000,437600,390774311
2018-04-03,4177597,388423273,0,0,0,388423273
2018-04-04,14272557,390786252,175400,175400,957684,391743936
2018-04-09,6246455,391160978,0,175400,964700,392125678
2018-04-10,7957780,391030572,0,85400,471408,391501980
2018-04-11,10904480,388801783,0,85400,482510,389284293
2018-04-12,12675038,392052782,90000,175400,987502,393040284
2018-04-13,12946131,397201114,0,50000,278000,397479114
2018-04-16,6948595,395808909,79998,129998,712389,396521298
2018-04-17,4078225,391908406,0,79998,433589,392341995
2018-04-18,4570128,388358434,0,79998,435189,388793623
2018-04-19,7525863,387252615,0,79998,436789,387689404
2018-04-20,4335411,384506678,0,79998,432789,384939467
2018-04-23,2533037,383890947,0,79998,431989,384322936
2018-04-24,3568309,385229025,0,79998,437589,385666614
2018-04-25,5993595,388006625,0,79998,435989,388442614
2018-04-26,9124613,388586256,0,0,0,388586256
2018-04-27,7230069,385883057,40000,40000,221600,386104657
2018-05-02,10011405,389177562,0,40000,217200,389394762
2018-05-03,3803877,385995914,0,40000,217200,386213114
2018-05-04,2980858,385786067,0,40000,216000,386002067
2018-05-07,3505146,385442746,0,40000,217600,385660346
2018-05-08,8124898,388431568,0,40000,216800,388648368
2018-05-09,3806613,388245050,0,40000,216000,388461050
2018-05-10,5917444,389367456,0,40000,216000,389583456
2018-05-11,54440225,409173438,135400,135400,771780,409945218
2018-05-14,20213600,420060565,0,135400,751470,420812035
2018-05-15,10654297,421407214,23800,109200,609336,422016550
2018-05-16,11763607,415550867,0,109200,607152,416158019
2018-05-17,14015724,420052403,0,109200,615888,420668291
2018-05-18,7845869,416604878,16200,16200,91368,416696246
2018-05-21,13519724,398419038,0,16200,90720,398509758
2018-05-22,8299330,399061998,0,0,0,399061998
2018-05-23,5541562,400211537,0,0,0,400211537
2018-05-24,3927769,399442749,0,0,0,399442749
2018-05-25,5644970,396919634,90000,90000,486900,397406534
2018-05-28,4550039,396066306,0,90000,485100,396551406
2018-05-29,3207081,394831089,0,40000,215600,395046689
2018-05-30,4158485,386802990,0,40000,214400,387017390
2018-05-31,3763824,386235583,0,0,0,386235583
2018-06-01,1537460,383376531,0,0,0,383376531
2018-06-04,2074944,383155641,40000,40000,214000,383369641
2018-06-05,4210288,383839550,90000,130000,696800,384536350
2018-06-06,7240086,385791449,0,80000,431200,386222649
2018-06-07,3544428,386249209,0,80000,428000,386677209
2018-06-08,3237131,384512512,0,80000,428800,384941312
2018-06-11,3347286,384727824,0,40000,214400,384942224
2018-06-12,3604936,385813383,0,40000,214000,386027383
2018-06-13,4367214,384266850,85400,125400,670890,384937740
2018-06-14,3662880,383718047,0,65400,347928,384065975
2018-06-15,5367614,384062037,0,65400,347274,384409311
2018-06-19,9838331,380782371,0,65400,317844,381100215
2018-06-20,8382788,375495681,29300,94700,432779,375928460
2018-06-21,6844136,372924096,0,94700,416680,373340776
2018-06-22,2242600,368795597,50000,144700,642468,369438065
2018-06-25,2300968,368049893,0,94700,416680,368466573
2018-06-26,1403511,365358496,0,94700,418574,365777070
2018-06-27,3759760,367155995,0,94700,412892,367568887
2018-06-28,1521051,367114830,0,94700,408157,367522987
2018-06-29,3217191,368141847,0,94700,412892,368554739
2018-07-02,4026983,368214819,0,94700,410051,368624870
2018-07-03,5255233,366698580,0,94700,414786,367113366
2018-07-04,10456819,364192413,80700,175400,778776,364971189
2018-07-05,6155887,362922353,0,105400,449004,363371357
2018-07-06,6963666,359795654,0,105400,425816,360221470
2018-07-09,3215240,359440440,50000,155400,638694,360079134
2018-07-10,3447565,359321854,0,105400,435302,359757156
2018-07-11,2086669,349157009,0,105400,419492,349576501
2018-07-12,2064008,344079915,50000,155400,637140,344717055
2018-07-13,4387020,345116820,0,105400,434248,345551068
2018-07-16,5279846,346141286,180000,235400,986326,347127612
2018-07-17,3993405,347595214,0,135400,559202,348154416
2018-07-18,4078397,350067393,0,135400,560556,350627949
2018-07-19,3975903,350403072,0,135400,549724,350952796
2018-07-20,2619639,349386305,0,135400,557848,349944153
2018-07-23,2148338,348968219,0,135400,563264,349531483
2018-07-24,7569745,346954079,0,135400,574096,347528175
2018-07-25,7906950,348732704,0,135400,578158,349310862
2018-07-26,8658277,350156124,0,135400,583574,350739698
2018-07-27,7040400,349768555,50000,185400,789804,350558359
2018-07-30,3719566,347900200,0,135400,571388,348471588
2018-07-31,4305785,348576158,100000,100000,422000,348998158
2018-08-01,2596995,346834564,0,50000,204500,347039064
2018-08-02,1060850,342198035,0,50000,198500,342396535
2018-08-03,1879052,340473593,0,50000,201500,340675093
2018-08-06,3926854,341629486,0,50000,202000,341831486
2018-08-07,3141090,340453860,0,50000,206000,340659860
2018-08-08,6396528,338933535,125400,125400,521664,339455199
2018-08-09,12214711,342813240,50000,125400,535458,343348698
2018-08-10,6263669,342803551,0,125400,537966,343341517
2018-08-13,5567948,343302127,0,125400,532950,343835077
2018-08-14,10681393,347258686,70000,195400,842174,348100860
2018-08-15,5277323,347810072,30000,175400,740188,348550260
2018-08-16,3139280,346669444,0,175400,719140,347388584
2018-08-17,1919792,346132701,0,175400,713878,346846579
2018-08-20,2002020,346181705,0,175400,722648,346904353
2018-08-21,5277584,348728510,0,175400,731418,349459928
2018-08-22,1003819,347151978,0,175400,722648,347874626
2018-08-23,4535565,348671908,50000,100000,415000,349086908
2018-08-24,1279172,343318228,0,50000,204500,343522728
2018-08-27,3004753,344218206,0,50000,208500,344426706
2018-08-28,4018750,340389467,80000,130000,552500,340941967
2018-08-29,4323469,341763347,0,130000,542100,342305447
2018-08-30,3863207,338095053,0,130000,534300,338629353
2018-08-31,1509073,331988461,0,130000,536900,332525361
2018-09-03,1194742,328568003,0,130000,533000,329101003
2018-09-04,4987949,326380511,0,90000,369900,326750411
2018-09-05,3603775,326967974,0,90000,364500,327332474
2018-09-06,1830408,327743483,0,90000,364500,328107983
2018-09-07,1995012,327561988,0,90000,364500,327926488
2018-09-10,1454123,326247207,0,90000,359100,326606307
2018-09-11,815697,324715618,0,90000,360900,325076518
2018-09-12,2501149,324989042,135400,185400,749016,325738058
2018-09-13,3116454,326105435,0,135400,549724,326655159
2018-09-14,1900736,324108712,0,135400,549724,324658436
2018-09-17,2712980,323452744,0,135400,547016,323999760
2018-09-18,4949452,322258840,0,135400,549724,322808564
2018-09-19,6605000,321055086,40000,90000,367200,321422286
2018-09-20,2327741,320600590,0,50000,203000,320803590
2018-09-21,6867396,322206130,0,50000,204000,322410130
2018-09-25,5470031,324250955,0,50000,203000,324453955
2018-09-26,4925593,323886230,0,50000,203000,324089230
2018-09-27,5965893,325758783,0,50000,200000,325958783
2018-09-28,971250,321561305,0,50000,201000,321762305
2018-10-08,2767320,319216010,0,0,0,319216010
2018-10-09,1844532,318384910,0,0,0,318384910
2018-10-10,1649509,318000668,0,0,0,318000668
2018-10-11,6252294,309130676,0,0,0,309130676
2018-10-12,7904606,300926142,0,0,0,300926142
2018-10-15,2484037,298497248,0,0,0,298497248
2018-10-16,2127136,293616084,0,0,0,293616084
2018-10-17,1887966,292126590,0,0,0,292126590
2018-10-18,1704711,289773155,0,0,0,289773155
2018-10-19,1205361,288411471,50000,50000,157500,288568971
2018-10-22,8509997,291511460,15000,65000,213850,291725310
2018-10-23,2361314,289939254,0,65000,209950,290149204
2018-10-24,3279827,289959937,0,65000,209950,290169887
2018-10-25,1761226,287823545,0,65000,208650,288032195
2018-10-26,2776549,285302253,0,65000,212550,285514803
2018-10-29,6416603,289030466,0,50000,163500,289193966
2018-10-30,4180083,287651458,0,50000,163500,287814958
2018-10-31,12892196,289034894,0,50000,174000,289208894
2018-11-01,12293180,290684258,0,50000,172500,290856758
2018-11-02,20657046,299088161,5000,55000,195800,299283961
2018-11-05,12868907,297049140,0,50000,175000,297224140
2018-11-06,11415930,295719483,40000,90000,316800,296036283
2018-11-07,7182925,294704543,0,53000,183380,294887923
2018-11-08,6243891,295394035,0,53000,183380,295577415
2018-11-09,5229978,295805180,0,51000,176460,295981640
2018-11-12,9831531,296870641,2000,52000,186160,297056801
2018-11-13,14334892,293968606,0,51000,187680,294156286
2018-11-14,9309456,290867688,0,51000,186150,291053838
2018-11-15,26787482,305427880,45000,96000,367680,305795560
2018-11-16,9537489,296655898,0,50000,190500,296846398
2018-11-19,10735799,296303601,0,50000,191500,296495101
2018-11-20,8529977,294343528,0,50000,183500,294527028
2018-11-21,3990630,290261269,0,50000,186000,290447269
2018-11-22,12295995,298102253,0,50000,191000,298293253
2018-11-23,13039361,302088484,0,50000,178500,302266984
2018-11-26,1636260,299243864,0,50000,179000,299422864
2018-11-27,8394013,294961991,0,50000,182500,295144491
2018-11-28,4861083,292257548,0,50000,183500,292441048
2018-11-29,13936221,292314046,50000,100000,370000,292684046
2018-11-30,16168358,296269729,0,100000,381000,296650729
2018-12-03,25650699,304906349,0,100000,386000,305292349
2018-12-04,12706566,307476550,0,100000,386000,307862550
2018-12-05,6739135,304479515,0,100000,377000,304856515
2018-12-06,6364704,304650601,0,100000,373000,305023601
2018-12-07,4549627,304696269,0,50000,184500,304880769
2018-12-10,1976980,304064115,0,50000,180500,304244615
2018-12-11,1883948,303111627,0,50000,183000,303294627
2018-12-12,5833106,305722268,0,50000,179000,305901268
2018-12-13,5327867,306290990,0,50000,181000,306471990
2018-12-14,4200716,304989586,0,50000,175000,305164586
2018-12-17,1711577,304160064,0,50000,174500,304334564
2018-12-18,2419953,303290760,0,50000,172500,303463260
2018-12-19,3362485,304682352,0,50000,172500,304854852
2018-12-20,2775811,305389376,0,50000,172000,305561376
2018-12-21,1148241,304973733,0,50000,170500,305144233
2018-12-24,2801527,306445628,0,50000,172000,306617628
2018-12-25,3036865,304849672,0,50000,166000,305015672
2018-12-26,2598031,301921065,0,50000,163000,302084065
2018-12-27,1944268,301710871,0,50000,161500,301872371
2018-12-28,1769040,300648851,0,50000,162000,300810851
2019-01-02,2473575,300764519,0,50000,160000,300924519
2019-01-03,2065382,300731553,0,50000,163500,300895053
2019-01-04,12798799,306388251,0,50000,173000,306561251
2019-01-07,12575942,304405570,0,50000,190500,304596070
2019-01-08,93040385,328418389,0,50000,201500,328619889
2019-01-09,63158020,331595437,50000,100000,401000,331996437
2019-01-10,52592261,345307311,0,50000,196500,345503811
2019-01-11,22318086,340149928,0,50000,193000,340342928
2019-01-14,20288504,338741808,0,50000,194500,338936308
2019-01-15,25031076,340104508,35000,85000,331500,340436008
2019-01-16,15808163,333121543,0,70000,268100,333389643
2019-01-17,17673944,327170332,35000,105000,395850,327566182
2019-01-18,11940876,324982145,0,90000,335700,325317845
2019-01-21,12758386,326012132,0,90000,334800,326346932
2019-01-22,6699500,323700639,65000,155000,579700,324280339
2019-01-23,19310465,322052396,20000,110000,425700,322478096
2019-01-24,13440633,321266228,0,50000,193500,321459728
2019-01-25,21589051,327521797,50000,100000,386000,327907797
2019-01-28,33418295,329029088,110000,160000,624000,329653088
2019-01-29,23111914,330027279,50000,155000,585900,330613179
2019-01-30,14162539,333628932,0,105000,387450,334016382
2019-01-31,13327421,328229264,64974,169974,583011,328812275
2019-02-01,7632831,326153267,0,105000,369600,326522867
2019-02-11,11201910,324630402,0,85000,305150,324935552
2019-02-12,16258464,323661584,39300,124300,457424,324119008
2019-02-13,25352464,330247892,70000,155000,585900,330833792
2019-02-14,25423080,335224950,55000,160000,614400,335839350
2019-02-15,17918330,335450465,0,85000,324700,335775165
2019-02-18,46233820,343519921,145000,210000,833700,344353621
2019-02-19,46316716,347352447,0,125000,497500,347849947
2019-02-20,27112215,343784743,0,125000,503750,344288493
2019-02-21,28236257,336213700,70000,175000,686000,336899700
2019-02-22,60718832,362318178,55000,140000,583800,362901978
2019-02-25,81263129,376250296,70000,120000,524400,376774696
2019-02-26,64091970,377991786,90000,140000,602000,378593786
2019-02-27,35073258,379434815,0,105000,448350,379883165
2019-02-28,34641704,386448985,105000,210000,907200,387356185
2019-03-01,21680850,386115293,0,85000,363800,386479093
2019-03-04,72230941,377757807,105000,155000,682000,378439807
2019-03-05,55965410,371246053,55000,125000,561250,371807303
2019-03-06,111106983,388280824,105000,155000,745550,389026374
2019-03-07,77378933,392897504,0,50000,241000,393138504
2019-03-08,50255129,385533116,65000,115000,507150,386040266
2019-03-11,44139489,377614098,0,50000,233500,377847598
2019-03-12,69609785,388348739,65000,115000,546250,388894989
2019-03-13,32340317,383551852,0,50000,228500,383780352
2019-03-14,24599405,382794990,0,50000,221500,383016490
2019-03-15,24415945,388864780,20000,70000,312900,389177680
2019-03-18,25530000,381348054,50000,100000,458000,381806054
2019-03-19,11581532,366458437,0,100000,504000,366962437
2019-03-20,99529512,346593523,134000,134000,714220,347307743
2019-03-21,149575800,409004875,100000,120000,682800,409687675
2019-03-22,103114062,419947651,95000,115000,632500,420580151
2019-03-25,110065998,432768181,119000,174000,991800,433759981
2019-03-26,69638701,427640944,0,85000,450500,428091444
2019-03-27,54230677,438152813,170000,255000,1384650,439537463
2019-03-28,37487870,420666335,20000,125000,628750,421295085
2019-03-29,29425788,413992345,50000,105000,552300,414544645
2019-04-01,49197461,421015122,60500,165500,958245,421973367
2019-04-02,244788764,513936955,128500,229000,1458730,515395685
2019-04-03,141436771,488068068,65000,138000,892860,488960928
2019-04-04,162054240,487696856,186000,230500,1465980,489162836
2019-04-08,151521795,514901230,48500,179000,1174240,516075470
2019-04-09,75800331,495419234,75000,159000,998520,496417754
2019-04-10,71049205,481428222,160000,244000,1529880,482958102
2019-04-11,52977963,474323047,12500,181500,1139820,475462867
2019-04-12,99003217,495645231,207500,389000,2540170,498185401
2019-04-15,79231216,471858293,20000,194000,1191160,473049453
2019-04-16,43673042,467620182,135000,301500,1872315,469492497
2019-04-17,58914535,474960465,92500,191500,1200705,476161170
2019-04-18,33979377,456331759,85000,241500,1470735,457802494
2019-04-19,36086328,452169644,105000,261500,1613455,453783099
2019-04-22,36475986,442032788,0,211500,1252080,443284868
2019-04-23,29894055,441389705,0,196500,1141665,442531370
2019-04-24,28547383,432425769,92500,191500,1129850,433555619
2019-04-25,37563206,431182965,197500,276500,1487570,432670535
2019-04-26,22542275,427224066,20000,151500,812040,428036106
2019-04-29,20125654,414857626,111900,243400,1224302,416081928
2019-04-30,15570154,415388582,125600,241500,1255800,416644382
2019-05-06,16762852,399990250,600,102100,478849,400469099
2019-05-07,15644043,400803541,70000,172100,831243,401634784
2019-05-08,14646129,400106109,191900,364000,1805440,401911549
2019-05-09,17040202,405809931,0,249000,1192710,407002641
2019-05-10,43337196,422263432,140000,319000,1604570,423868002
2019-05-13,10858574,410888379,0,204000,1007760,411896139
2019-05-14,7323982,407896821,0,204000,997560,408894381
2019-05-15,16006531,403525882,165000,341500,1714330,405240212
2019-05-16,21555027,401919262,20000,171500,874650,402793912
2019-05-17,20557528,401631163,0,171500,823200,402454363
2019-05-20,9429592,398591768,45000,216500,1056520,399648288
2019-05-21,17470845,396679734,192500,366500,1865485,398545219
2019-05-22,14453845,388518384,4000,281500,1393425,389911809
2019-05-23,8205385,385314786,0,231500,1150555,386465341
2019-05-24,14228649,385375820,85000,316500,1563510,386939330
2019-05-27,17735967,387446706,0,266500,1351155,388797861
2019-05-28,15149423,383152688,0,166500,835830,383988518
2019-05-29,12143183,386676713,50000,216500,1086830,387763543
2019-05-30,13316571,380788674,0,216500,1056520,381845194
2019-05-31,13997093,381510147,175200,314200,1558432,383068579
2019-06-03,7622436,374816955,27500,234200,1133528,375950483
2019-06-04,5961859,368783438,0,214200,1019592,369803030
2019-06-05,5667073,368383090,0,214200,1006740,369389830
2019-06-06,20233679,372365996,244800,431500,2084145,374450141
2019-06-10,17433975,378430138,27500,309000,1514100,379944238
2019-06-11,52753004,395226478,150000,459000,2474010,397700488
2019-06-12,81552034,420359883,0,359000,1985270,422345153
2019-06-13,60916073,427299263,65000,409000,2253590,429552853
2019-06-14,44264793,417007629,25000,369000,1918800,418926429
2019-06-17,27713226,413376119,100000,424000,2251440,415627559
2019-06-18,40217085,426503238,30000,389000,2116160,428619398
2019-06-19,46473162,427790083,65000,419000,2262600,430052683
2019-06-20,28438306,418071919,15000,319000,1719410,419791329
2019-06-21,66386312,429672448,150000,454000,2569640,432242088
2019-06-24,22991162,425600168,15000,369000,2044260,427644428
2019-06-25,16362310,418811612,0,304000,1635520,420447132
2019-06-26,10038086,413431713,0,276500,1479275,414910988
2019-06-27,13912872,409922474,0,226500,1211775,411134249
2019-06-28,13648776,403035390,0,226500,1180065,404215455
2019-07-01,17231257,403379860,0,206500,1106840,404486700
2019-07-02,16186904,403050745,0,206500,1100645,404151390
2019-07-03,12216515,401821580,0,206500,1082060,402903640
2019-07-04,9397439,397358366,185000,391500,2043630,399401996
2019-07-05,6088018,395984768,0,281500,1455355,397440123
2019-07-08,6623231,391947005,0,231500,1136665,393083670
2019-07-09,3634372,389374074,368000,599500,2961530,392335604
2019-07-10,3302448,384680412,110000,609500,2998740,387679152
2019-07-11,4168281,382117824,0,499500,2462535,384580359
2019-07-12,5708520,382513698,43800,498300,2451636,384965334
2019-07-15,9016777,383040638,223700,650700,3292542,386333180
2019-07-16,4387113,382766366,0,579500,2909090,385675456
2019-07-17,3630464,382199954,35400,614500,3084790,385284744
2019-07-18,4483172,376549054,0,529500,2583960,379133014
2019-07-19,3241136,373732131,0,361500,1764120,375496251
2019-07-22,7237232,372415935,27500,244000,1163880,373579815
2019-07-23,5743807,368444305,548000,737000,3633410,372077715
2019-07-24,6311297,366583494,0,374000,1851300,368434794
2019-07-25,2949561,364155621,0,314000,1551160,365706781
2019-07-26,6395160,364645825,210000,474000,2351040,366996865
2019-07-29,6732335,362360501,65000,359000,1777050,364137551
2019-07-30,4913369,360396201,15000,229000,1122100,361518301
2019-07-31,3874193,359180418,85000,231500,1118145,360298563
2019-08-01,3194004,358821148,0,178500,855015,359676163
2019-08-02,2257969,356468754,0,177500,825375,357294129
2019-08-05,3756859,355548100,0,162500,745875,356293975
2019-08-06,12223082,352493896,601900,736900,3301312,355795208
2019-08-07,4493847,351258616,0,507100,2200814,353459430
2019-08-08,2371423,350168524,0,487100,2118885,352287409
2019-08-09,2515380,349021359,22100,455200,1943704,350965063
2019-08-12,2701982,349412788,0,295500,1291335,350704123
2019-08-13,669774,347207476,0,295500,1282470,348489946
2019-08-14,2387800,346524158,0,295500,1291335,347815493
2019-08-15,4223975,345909413,85000,380500,1681810,347591223
2019-08-16,8131107,349028217,86000,431500,1915860,350944077
2019-08-19,8576151,350823563,139500,455000,2102100,352925663
2019-08-20,6886491,346308127,156000,501500,2311915,348620042
2019-08-21,2499583,344251472,0,325500,1490790,345742262
2019-08-22,12378558,345813262,589500,887500,4224500,350037762
2019-08-23,8122917,347406403,0,481500,2234160,349640563
2019-08-26,6053927,347828281,95900,577400,2609848,350438129
2019-08-27,8533539,351173544,75000,450500,2072300,353245844
2019-08-28,11052139,344717000,437500,813000,3918660,348635660
2019-08-29,10482035,350338561,0,455500,2140850,352479411
2019-08-30,10739307,353353123,100000,495500,2279300,355632423
2019-09-02,12777720,355136856,57500,425500,2046655,357183511
2019-09-03,17495636,355529223,238300,551900,2704310,358233533
2019-09-04,8829966,352196670,138000,466000,2269420,354466090
2019-09-05,22236815,360431586,35000,406500,1995915,362427501
2019-09-06,10513487,363064653,0,371500,1812920,364877573
2019-09-09,11935447,361885001,205500,552000,2748960,364633961
2019-09-10,15358733,365100766,290000,669000,3338310,368439076
2019-09-11,18154182,366694622,158000,564500,2737825,369432447
2019-09-12,5446119,359230143,124000,587500,2843500,362073643
2019-09-16,5980954,356538768,35000,443500,2146540,358685308
2019-09-17,15712418,357000927,0,381000,1767840,358768767
2019-09-18,2269906,355403876,0,381000,1767840,357171716
2019-09-19,3202779,353065144,85000,466000,2162240,355227384
2019-09-20,1697896,349567680,0,381000,1752600,351320280
2019-09-23,1771922,346167040,0,213000,964890,347131930
2019-09-24,4886813,344371433,122600,272500,1256225,345627658
2019-09-25,2379198,342842543,0,158000,711000,343553543
2019-09-26,3289806,342446057,72000,173000,752550,343198607
2019-09-27,1395789,334129992,0,158000,690460,334820452
2019-09-30,2674088,333415290,0,158000,685720,334101010
2019-10-08,1888472,330777663,108500,266500,1148615,331926278
2019-10-09,1511900,330227466,50000,258000,1124880,331352346
2019-10-10,2186700,330332454,0,158000,698360,331030814
2019-10-11,1699658,329156038,0,158000,701520,329857558
2019-10-14,2320831,329234518,0,158000,715740,329950258
2019-10-15,4309379,330984830,74500,203000,911470,331896300
2019-10-16,1996884,330772458,0,203000,895230,331667688
2019-10-17,1334570,330246225,0,203000,897260,331143485
2019-10-18,606835,326961873,0,203000,874930,327836803
2019-10-21,1040814,324988708,0,203000,874930,325863638
2019-10-22,1002488,323896363,27500,230500,1014200,324910563
2019-10-23,1282852,323105396,0,230500,1004980,324110376
2019-10-24,2988790,324621638,20000,223000,974510,325596148
2019-10-25,9324603,317568317,225700,409200,1886412,319454729
2019-10-28,14107489,320686996,0,298000,1394640,322081636
2019-10-29,5237755,318026151,0,298000,1379740,319405891
2019-10-30,3615770,318702232,0,238000,1094800,319797032
2019-10-31,3125120,318219525,0,238000,1078140,319297665
2019-11-01,2882043,314664157,88000,281000,1303840,315967997
2019-11-04,6359550,318235873,0,208000,948480,319184353
2019-11-05,8935536,320133728,0,148500,692010,320825738
2019-11-06,4722022,320688407,0,148500,692010,321380417
2019-11-07,7051429,321918291,0,148500,697950,322616241
2019-11-08,7276894,318904712,0,148500,681615,319586327
2019-11-11,3538270,316766738,0,128500,578250,317344988
2019-11-12,3260444,317454060,0,128500,573110,318027170
2019-11-13,3036675,316193591,0,128500,561545,316755136
2019-11-14,3529915,312754578,59100,187600,829192,313583770
2019-11-15,4502405,314027314,0,128600,561982,314589296
2019-11-18,2762347,312333233,0,88600,392498,312725731
2019-11-19,1799642,311792578,0,88600,396928,312189506
2019-11-20,5075924,313311268,50000,138600,622314,313933582
2019-11-21,4860501,316669223,15000,103600,457912,317127135
2019-11-22,7814354,319945210,0,88600,390726,320335936
2019-11-25,6250176,321972335,158800,247400,1093508,323065843
2019-11-26,7397711,319455146,81600,293700,1333398,320788544
2019-11-27,8629763,324148826,0,218700,975402,325124228
2019-11-28,8725427,327637858,169300,388000,1726600,329364458
2019-11-29,1486653,326031664,0,227000,1003340,327035004
2019-12-02,1853717,326233897,0,227000,1005610,327239507
2019-12-03,2049234,324701815,0,227000,1016960,325718775
2019-12-04,4523375,323511944,167000,337500,1528875,325040819
2019-12-05,2979564,322746581,0,168500,766675,323513256
2019-12-06,3168423,323564565,0,168500,768360,324332925
2019-12-09,3481552,323664965,0,168500,773415,324438380
2019-12-10,2409897,323719341,0,168500,773415,324492756
2019-12-11,1527224,323457527,0,168500,771730,324229257
2019-12-12,10129187,324861764,133000,301500,1395945,326257709
2019-12-13,9782730,327451263,0,197500,920350,328371613
2019-12-16,9582618,327191228,74000,215000,1019100,328210328
2019-12-17,14087077,329310949,0,141000,676800,329987749
2019-12-18,16384892,332083401,20000,161000,785680,332869081
2019-12-19,8281469,329489195,0,161000,787290,330276485
2019-12-20,8837465,326032238,0,161000,764750,326796988
2019-12-23,5379618,324559737,0,161000,750260,325309997
2019-12-24,8012738,326405781,164000,325000,1563250,327969031
2019-12-25,11686931,328524206,0,161000,787290,329311496
2019-12-26,6641669,328231728,0,161000,788900,329020628
2019-12-27,8585874,329463181,0,161000,776020,330239201
2019-12-30,13467744,332881090,0,141000,699360,333580450
2019-12-31,10484350,336180958,0,141000,696540,336877498
2020-01-02,13264134,340479304,29000,90000,448200,340927504
2020-01-03,18205460,341922546,16600,77600,394208,342316754
2020-01-06,25024251,347277839,0,62600,325520,347603359
2020-01-07,15586101,345548066,0,62600,325520,345873586
2020-01-08,14899117,343769269,0,22600,116164,343885433
2020-01-09,31948855,346859495,311400,334000,1793580,348653075
2020-01-10,20853467,347984329,0,131000,691680,348676009
2020-01-13,11426792,343606833,0,131000,691680,344298513
2020-01-14,23762691,348406329,99000,150000,786000,349192329
2020-01-15,9986049,346254467,0,91000,469560,346724027
2020-01-16,10637960,350535678,0,91000,464100,350999778
2020-01-17,8470901,349668008,0,91000,464100,350132108
2020-01-20,13237190,349189055,0,91000,469560,349658615
2020-01-21,12246160,348129654,0,91000,459550,348589204
2020-01-22,11112624,343946740,0,91000,464100,344410840
2020-01-23,9412258,337705070,0,91000,451360,338156430
2020-02-03,576232,327348661,0,71000,316660,327665321
2020-02-04,12394094,325087157,0,71000,305300,325392457
2020-02-05,16982768,330278617,0,71000,318790,330597407
2020-02-06,12425295,330939678,0,71000,322340,331262018
2020-02-07,6069298,327767691,0,51000,233070,328000761
2020-02-10,11110621,325741949,80000,131000,609150,326351099
2020-02-11,9682951,325888684,30000,161000,747040,326635724
2020-02-12,16769056,314982839,0,91000,431340,315414179
2020-02-13,12565778,310557562,30000,81000,379080,310936642
2020-02-14,10250447,287772794,0,51000,237660,288010454
2020-02-17,10727786,286035052,0,51000,245820,286280872
2020-02-18,70526924,310560569,150200,201200,1066360,311626929
2020-02-19,52599290,305425441,60000,111000,574980,306000421
2020-02-20,30584211,306640068,0,51000,266730,306906798
2020-02-21,45531888,316312575,0,51000,270300,316582875
2020-02-24,48171863,324336404,300000,351000,1937520,326273924
2020-02-25,67746121,336938498,43700,94700,545472,337483970
2020-02-26,44785447,333627769,0,64700,352615,333980384
2020-02-27,23509234,324196268,154000,208700,1135328,325331596
2020-02-28,21627268,314142224,3800,58500,293670,314435894
2020-03-02,23196290,311097615,9800,60800,321024,311418639
2020-03-03,35031340,309036342,228800,289600,1563840,310600182
2020-03-04,27328616,315578824,0,140800,768768,316347592
2020-03-05,34108279,323057776,0,140800,770176,323827952
2020-03-06,30241267,322014736,345000,405800,2231900,324246636
2020-03-09,18460203,309097318,0,160800,839376,309936694
2020-03-10,23661325,314778066,125100,276100,1466091,316244157
2020-03-11,13774533,305590099,0,151000,783690,306373789
2020-03-12,7565482,296521848,0,151000,773120,297294968
2020-03-13,13092237,294891113,0,151000,767080,295658193
2020-03-16,9784352,284660997,73321,174321,847200,285508197
2020-03-17,9687090,276038320,15700,175727,834703,276873023
2020-03-18,11516946,273196982,157800,317827,1506500,274703482
2020-03-19,7709544,274750800,0,240127,1145406,275896206
2020-03-20,5911493,271999573,0,240027,1152130,273151703
2020-03-23,7384730,272007940,0,240027,1087322,273095262
2020-03-24,7152337,273382409,0,240027,1111325,274493734
2020-03-25,10208693,274220081,0,190027,906429,275126510
2020-03-26,5010813,271764092,0,190027,885526,272649618
2020-03-27,4799112,271857312,0,190027,885526,272742838
2020-03-30,6968027,263500300,0,80027,357721,263858021
2020-03-31,4022734,261589949,0,80027,352919,261942868
2020-04-01,2930497,260831560,0,21000,92190,260923750
2020-04-02,3719459,260143826,0,21000,94920,260238746
2020-04-03,4783618,262199487,0,21000,93870,262293357
2020-04-07,8738867,261305116,30000,30000,139200,261444316
2020-04-08,3076174,258673585,0,0,0,258673585
2020-04-09,6223656,259262777,0,0,0,259262777
2020-04-10,14705232,263639957,0,0,0,263639957
2020-04-13,7563751,268190594,207500,207500,964875,269155469
2020-04-14,3844948,267156093,0,80000,377600,267533693
2020-04-15,10799414,265615079,0,80000,360800,265975879
2020-04-16,8133450,270118707,0,80000,365600,270484307
2020-04-17,3003252,267109244,110000,110000,503800,267613044
2020-04-20,7978505,268599707,9000,59000,275530,268875237
2020-04-21,10901731,273659815,0,50000,234000,273893815
2020-04-22,12248457,276728401,95500,95500,455535,277183936
2020-04-23,12165775,282166321,0,50000,235500,282401821
2020-04-24,12748961,278720023,180000,180000,853200,279573223
2020-04-27,12840888,281176485,70000,70000,331800,281508285
2020-04-28,4359083,277039428,0,70000,319200,277358628
2020-04-29,2754587,271262853,0,50000,228500,271491353
2020-04-30,9962214,271475577,0,50000,233500,271709077
2020-05-06,10892187,277303923,0,50000,238000,277541923
2020-05-07,9080272,280058202,0,50000,235000,280293202
2020-05-08,11243777,278250658,290000,290000,1389100,279639758
2020-05-11,19159326,282057389,30000,120000,590400,282647789
2020-05-12,11568047,285663377,0,90000,436500,286099877
2020-05-13,10673277,289857833,0,50000,241500,290099333
2020-05-14,10475116,290507565,0,50000,237000,290744565
2020-05-15,10839740,289280913,0,50000,236500,289517413
2020-05-18,9628438,290969007,0,50000,237000,291206007
2020-05-19,5882331,289311180,1200,51200,243712,289554892
2020-05-20,4232577,288112754,0,0,0,288112754
2020-05-21,4253345,284674660,0,0,0,284674660
2020-05-22,4568924,283498144,0,0,0,283498144
2020-05-25,3509279,284006002,0,0,0,284006002
2020-05-26,3786872,284011733,0,0,0,284011733
2020-05-27,2517504,283508419,0,0,0,283508419
2020-05-28,4185020,279692240,0,0,0,279692240
2020-05-29,2663324,278068701,0,0,0,278068701
2020-06-01,5797440,279712490,40000,40000,186800,279899290
2020-06-02,12826738,282694174,259000,259000,1227660,283921834
2020-06-03,5083829,279493370,0,0,0,279493370
2020-06-04,5382412,280709933,100000,100000,466000,281175933
2020-06-05,3369443,280978271,18000,118000,548700,281526971
2020-06-08,2591487,279407292,0,100000,462000,279869292
2020-06-09,6289779,282471346,0,100000,464000,282935346
2020-06-10,2127492,279526519,0,0,0,279526519
2020-06-11,2171692,279070363,0,0,0,279070363
2020-06-12,3945700,278052973,200,200,912,278053885
2020-06-15,3317743,277284809,0,0,0,277284809
2020-06-16,2018680,276486831,0,0,0,276486831
2020-06-17,4863280,273779100,40000,40000,186800,273965900
2020-06-18,4709217,275505135,0,0,0,275505135
2020-06-19,3709348,275298070,0,0,0,275298070
2020-06-22,7728826,277016627,0,0,0,277016627
2020-06-23,2729190,276573470,0,0,0,276573470
2020-06-24,3146465,270842544,0,0,0,270842544
2020-06-29,5655025,270434646,0,0,0,270434646
2020-06-30,3557317,266491225,170000,170000,776900,267268125
2020-07-01,16520104,274566971,199000,269000,1266990,275833961
2020-07-02,14468825,274042811,0,0,0,274042811
2020-07-03,19153637,282839595,0,0,0,282839595
2020-07-06,44738998,307212848,220000,220000,1091200,308304048
2020-07-07,24798073,310798631,0,0,0,310798631
2020-07-08,23604650,319977472,0,0,0,319977472
2020-07-09,92367616,371060302,139500,139500,785385,371845687
2020-07-10,54354853,355180666,0,0,0,355180666
2020-07-13,39533560,357981535,0,0,0,357981535
2020-07-14,57822816,361885029,249500,249500,1474545,363359574
2020-07-15,37819806,359975424,20000,95000,535800,360511224
2020-07-16,23421398,363038092,5800,100800,552384,363590476
2020-07-17,14352710,357445079,1000,51800,285936,357731015
2020-07-20,23752580,354291608,5000,51800,303548,354595156
2020-07-21,16711596,352699907,0,51800,296814,352996721
2020-07-22,19480722,353965709,0,51800,294742,354260451
2020-07-23,53850732,361542629,127700,134500,790860,362333489
2020-07-24,34723353,346966382,0,60800,336224,347302606
2020-07-27,38716005,358790277,166000,176800,1009528,359799805
2020-07-28,24129407,334724204,10000,116200,653044,335377248
2020-07-29,26160490,341731548,0,100800,575568,342307116
2020-07-30,45771659,354193436,79700,140500,831760,355025196
2020-07-31,89647889,398633671,265000,343500,2150310,400783981
2020-08-03,71148452,413197624,12000,109800,693936,413891560
2020-08-04,49365110,406994843,0,109800,667584,407662427
2020-08-05,27769116,390742381,30000,133800,817518,391559899
2020-08-06,53796224,402728987,318600,369400,2286586,405015573
2020-08-07,49971393,403383822,50000,186700,1144471,404528293
2020-08-10,64248960,421656831,271700,315500,1978185,423635016
2020-08-11,48646690,411019885,145000,305500,1805505,412825390
2020-08-12,25819892,396186788,120500,330200,1859026,398045814
2020-08-13,18237330,386269694,3000,212700,1182612,387452306
2020-08-14,12954574,371956606,0,159700,897514,372854120
2020-08-17,22221195,374092511,0,159700,911887,375004398
2020-08-18,24877406,375483389,319600,407600,2351852,377835241
2020-08-19,24276671,375068354,66700,250700,1423976,376492330
2020-08-20,11925416,376487871,0,244700,1365426,377853297
2020-08-21,7288531,373670795,0,244700,1380108,375050903
2020-08-24,7639462,372609253,0,244700,1375214,373984467
2020-08-25,10587206,372022143,0,244700,1367873,373390016
2020-08-26,26923963,377489349,8200,162900,881289,378370638
2020-08-27,9480049,367135701,0,154900,858146,367993847
2020-08-28,19861930,370971940,2600,157500,893025,371864965
2020-08-31,43295783,368857242,101800,218500,1282595,370139837
2020-09-01,19358581,369733662,6000,222700,1313930,371047592
2020-09-02,24784251,374830215,120000,292700,1718149,376548364
2020-09-03,39285707,373548306,70000,232700,1345006,374893312
2020-09-04,15832457,374518634,0,226700,1276321,375794955
2020-09-07,19482063,378502866,106900,273600,1499328,380002194
2020-09-08,16014215,384014604,0,267600,1479828,385494432
2020-09-09,10433924,380381855,6000,206000,1128880,381510735
2020-09-10,14143567,370221711,25000,225000,1156500,371378211
2020-09-11,8843704,370013514,0,150000,777000,370790514
2020-09-14,4029013,367631386,6000,156000,811200,368442586
2020-09-15,3690907,366425243,0,56000,291760,366717003
2020-09-16,4288807,364950098,0,56000,290640,365240738
2020-09-17,6523987,365548412,17900,67900,349006,365897418
2020-09-18,3964071,361735717,0,17900,94154,361829871
2020-09-21,8014499,363715773,0,17900,93975,363809748
2020-09-22,9671136,364490380,0,17900,92543,364582923
2020-09-23,6780293,362894525,6000,6200,32302,362926827
2020-09-24,6646866,361201976,0,200,1006,361202982
2020-09-25,5055653,356610326,66700,66900,336507,356946833
2020-09-28,8099454,358675386,0,66900,333831,359009217
2020-09-29,5264731,358572708,0,66700,338169,358910877
2020-09-30,3513866,352983523,0,66700,337502,353321025
2020-10-09,13557892,357388795,0,66700,350842,357739637
2020-10-12,15572880,356454365,47000,113700,620802,357075167
2020-10-13,13299261,362618280,0,99100,540095,363158375
2020-10-14,20198680,372024469,155000,251700,1381833,373406302
2020-10-15,7398611,357733010,0,65000,352950,358085960
2020-10-16,7325498,356607020,66700,116700,631347,357238367
2020-10-19,9754056,356325039,0,50000,265000,356590039
2020-10-20,5881803,342669647,0,50000,267000,342936647
2020-10-21,10130583,346559988,0,50000,261000,346820988
2020-10-22,5383298,348111446,0,50000,260500,348371946
2020-10-23,5006411,343158658,0,0,0,343158658
2020-10-26,6375682,345095709,6000,6000,31140,345126849
2020-10-27,13752891,350326450,103700,109700,574828,350901278
2020-10-28,13652045,346739261,30300,140000,763000,347502261
2020-10-29,9211984,342209759,0,51700,278663,342488422
2020-10-30,5206005,335560275,0,51700,270908,335831183
2020-11-02,10435539,332634269,0,0,0,332634269
2020-11-03,14163841,337728961,0,0,0,337728961
2020-11-04,12700759,341984530,0,0,0,341984530
2020-11-05,18945946,344804783,3400,3400,18802,344823585
2020-11-06,18369859,350769704,6000,6000,33240,350802944
2020-11-09,22344193,358229249,0,0,0,358229249
2020-11-10,20914371,356199409,6000,6000,32940,356232349
2020-11-11,12102604,356661331,0,6000,32280,356693611
2020-11-12,9418033,360047431,0,6000,32280,360079711
2020-11-13,6150039,353857915,0,6000,32400,353890315
2020-11-16,15021959,353424029,36700,36700,203318,353627347
2020-11-17,17353811,353954666,6000,6000,33180,353987846
2020-11-18,24107986,352282493,330700,336700,1895621,354178114
2020-11-19,12848312,350799687,0,57700,325428,351125115
2020-11-20,11075919,347417189,0,6000,33900,347451089
2020-11-23,26213248,355220421,100000,100000,569000,355789421
2020-11-24,25937139,358882727,172700,172700,989571,359872298
2020-11-25,23258172,351532951,79500,152200,852320,352385271
2020-11-26,9465825,345633632,100000,172700,972301,346605933
2020-11-27,9015813,341331442,50000,50000,282500,341613942
2020-11-30,18156455,349797489,26000,26000,143000,349940489
2020-12-01,9581188,343216077,0,0,0,343216077
2020-12-02,12273283,340288113,172700,172700,979209,341267322
2020-12-03,11427980,341444486,0,4600,25530,341470016
2020-12-04,7053762,341863456,0,4600,25438,341888894
2020-12-07,11913468,345600719,0,4600,25070,345625789
2020-12-08,7197584,345528318,0,4600,24886,345553204
2020-12-09,12657274,341754430,0,0,0,341754430
2020-12-10,4568716,338900561,0,0,0,338900561
2020-12-11,6164435,332474629,0,0,0,332474629
2020-12-14,6782602,334264461,0,0,0,334264461
2020-12-15,5869101,330820943,0,0,0,330820943
2020-12-16,20336325,337543509,5700,5700,29469,337572978
2020-12-17,8202997,336122509,0,5700,29754,336152263
2020-12-18,6410503,335486562,0,0,0,335486562
2020-12-21,10888302,335898836,6000,6000,31740,335930576
2020-12-22,9661931,334311830,0,6000,30720,334342550
2020-12-23,14239724,335974214,79500,79500,420555,336394769
2020-12-24,21522697,334825875,6000,6000,32220,334858095
2020-12-25,28600988,338145561,279400,279400,1536700,339682261
2020-12-28,21529754,341405098,6000,105900,583509,341988607
2020-12-29,32224293,345690637,185800,185800,1042338,346732975
2020-12-30,37577468,359042768,99900,285700,1559922,360602690
2020-12-31,21809620,356026992,0,0,0,356026992
2021-01-04,40233244,356201678,105900,105900,615279,356816957
2021-01-05,49409813,352232856,70000,70000,406700,352639556
2021-01-06,22585385,341832071,0,0,0,341832071
2021-01-07,24664787,348266757,6000,6000,34200,348300957
2021-01-08,16316348,335001349,0,0,0,335001349
2021-01-11,67753141,376197661,8000,8000,44800,376242461
2021-01-12,50787915,393646906,259817,261817,1531629,395178535
2021-01-13,29824725,398560322,131000,193000,1132910,399693232
2021-01-14,59451733,432247644,99900,161900,924449,433172093
2021-01-15,27034821,441920509,6000,8000,45360,441965869
2021-01-18,46536687,456696377,20700,22700,133930,456830307
2021-01-19,38238537,456782290,66000,68700,406017,457188307
2021-01-20,22964363,463724730,160000,168700,995330,464720060
2021-01-21,49046475,471124295,0,5300,32277,471156572
2021-01-22,33016604,464523203,3400,8700,52287,464575490
2021-01-25,37231433,467024093,300,9000,53640,467077733
2021-01-26,37165991,468684707,99800,102100,571760,469256467
2021-01-27,22204583,468284546,140000,142300,803995,469088541
2021-01-28,122778164,499122982,277000,339000,2105190,501228172
2021-01-29,78782431,490124144,6300,236500,1461570,491585714
2021-02-01,77820891,531355599,68800,205500,1267935,532623534
2021-02-02,91363565,534822343,99800,305300,1950867,536773210
2021-02-03,62136771,540250412,0,143100,877203,541127615
2021-02-04,44008721,529509621,0,105800,613640,530123261
2021-02-05,41380680,517290912,90000,92000,486680,517777592
2021-02-08,19664869,509246007,6000,98000,515480,509761487
2021-02-09,17900573,503041494,130000,228000,1254000,504295494
2021-02-10,13461499,498353064,3500,155500,845920,499198984
2021-02-18,22388495,490288405,6000,101500,566370,490854775
2021-02-19,22102884,485427792,102800,104800,601552,486029344
2021-02-22,32198838,479585702,6000,11000,64130,479649832
2021-02-23,34848035,491104337,0,2000,11780,491116117
2021-02-24,22296314,494714282,6000,8000,47360,494761642
2021-02-25,12496337,485856385,0,8000,46000,485902385
2021-02-26,31569132,485640026,277100,279100,1682973,487322999
2021-03-01,51375463,496781369,64700,106500,670950,497452319
2021-03-02,25674162,491222136,48000,48000,299520,491521656
2021-03-03,21590371,488036640,8000,18000,113940,488150580
2021-03-04,23687898,487382653,44000,54000,338040,487720693
2021-03-05,50092652,497658385,241500,251500,1624690,499283075
2021-03-08,80426866,518151259,174800,226300,1457372,519608631
2021-03-09,50879754,500539332,0,120500,729025,501268357
2021-03-10,31292355,508534908,6000,95500,573000,509107908
2021-03-11,62159670,509535554,249800,339300,2239380,511774934
2021-03-12,67473136,500178468,146000,385500,2552010,502730478
2021-03-15,60479882,521057569,138500,359100,2391606,523449175
2021-03-16,151971078,585326122,158900,415200,2997744,588323866
2021-03-17,86418939,574057105,105800,405300,2751987,576809092
2021-03-18,44020590,584915552,38000,127500,859350,585774902
2021-03-19,49248188,587908159,14500,136000,909840,588817999
2021-03-22,65676386,598498189,0,121500,846855,599345044
2021-03-23,42180631,573149019,6000,113500,738885,573887904
2021-03-24,34042270,553603698,0,49500,314325,553918023
2021-03-25,37356581,566313712,107800,145800,925830,567239542
2021-03-26,42466697,574689817,33000,71000,459370,575149187
2021-03-29,27769169,569895609,0,71000,452270,570347879
2021-03-30,33492311,572941623,329800,400800,2533056,575474679
2021-03-31,24877540,568865506,0,71000,451560,569317066
2021-04-01,20893315,561371169,6000,39000,242190,561613359
2021-04-02,19836377,546239158,0,39000,236730,546475888
2021-04-06,22690251,551519929,0,6000,37020,551556949
2021-04-07,23343557,557852920,0,6000,37680,557890600
2021-04-08,18083661,553528511,0,6000,37020,553565531
2021-04-09,22081272,553364960,0,0,0,553364960
2021-04-12,44163678,563981698,338800,338800,2158156,566139854
2021-04-13,29551162,567844572,32500,182500,1126025,568970597
2021-04-14,50863667,550326133,218800,251300,1638476,551964609
2021-04-15,26971056,547781873,0,52500,341250,548123123
2021-04-16,36658238,551987098,203000,203000,1337770,553324868
2021-04-19,37909574,547966684,0,43000,285950,548252634
2021-04-20,33806490,551816232,0,43000,281220,552097452
2021-04-21,41704528,558522410,32500,75500,505095,559027505
2021-04-22,26459694,550057932,160000,203000,1335740,551393672
2021-04-23,34482521,552730057,6000,186000,1253640,553983697
2021-04-26,45941393,561277558,0,186000,1207140,562484698
2021-04-27,25649018,557560727,0,186000,1182960,558743687
2021-04-28,14585545,557401276,0,26000,166660,557567936
2021-04-29,15910941,553642476,0,20000,127600,553770076
2021-04-30,17746702,542437816,0,0,0,542437816
2021-05-06,29048945,542442785,105500,105500,698410,543141195
2021-05-07,31612476,548091975,6000,26000,171860,548263835
2021-05-10,41539305,563012055,0,6000,40680,563052735
2021-05-11,49499032,572733962,159800,159800,1094630,573828592
2021-05-12,28760778,568281764,0,159800,1086640,569368404
2021-05-13,24370068,567852859,6000,66000,443520,568296379
2021-05-14,77757445,604531213,140000,146000,1029300,605560513
2021-05-17,29665053,587949903,0,100000,692000,588641903
2021-05-18,35341756,591788418,128800,228800,1594736,593383154
2021-05-19,30848935,583961354,6000,126000,842940,584804294
2021-05-20,54197899,590053132,0,120000,835200,590888332
2021-05-21,46987398,592520743,226000,326000,2291780,594812523
2021-05-24,88487904,610310665,196600,356600,2599614,612910279
2021-05-25,51713481,616572926,6000,214700,1552281,618125207
2021-05-26,53175529,609199525,0,28700,204631,609404156
2021-05-27,35852698,606996999,0,22900,163506,607160505
2021-05-28,56834073,606411486,6000,6000,41040,606452526
2021-05-31,30722521,603790262,0,6000,41340,603831602
2021-06-01,30609705,608045251,0,0,0,608045251
2021-06-02,28799252,613087671,0,0,0,613087671
2021-06-03,24673331,609972818,0,0,0,609972818
2021-06-04,56740039,635114077,100000,100000,694000,635808077
2021-06-07,31333906,630044571,0,0,0,630044571
2021-06-08,65859604,644243873,6000,6000,42360,644286233
2021-06-09,30044686,649768385,0,0,0,649768385
2021-06-10,27086937,646109994,2900,2900,20503,646130497
2021-06-11,53445779,633982355,5800,5800,38048,634020403
2021-06-15,17585100,623372676,6000,6000,39480,623412156
2021-06-16,17485971,619402326,15000,21000,132510,619534836
2021-06-17,9893340,615145242,0,6000,38280,615183522
2021-06-18,15833451,614258467,0,6000,38700,614297167
2021-06-21,12168755,609964333,0,6000,38700,610003033
2021-06-22,15329495,608194324,0,6000,38880,608233204
2021-06-23,23152406,610535929,0,6000,38280,610574209
2021-06-24,16746087,604312743,0,6000,37800,604350543
2021-06-25,12292570,597198546,0,0,0,597198546
2021-06-28,19449998,602782727,25000,25000,161000,602943727
2021-06-29,15131389,604418163,12800,37800,238896,604657059
2021-06-30,8063075,601478080,0,31800,203202,601681282
2021-07-01,29884774,605393621,0,31800,194934,605588555
2021-07-02,9438949,606837524,6000,37800,232092,607069616
2021-07-05,9537919,606924370,0,37800,235872,607160242
2021-07-06,9710546,603169339,9000,40800,260304,603429643
2021-07-07,15405591,606249910,0,6800,43520,606293430
2021-07-08,13356647,600735323,6000,12800,82432,600817755
2021-07-09,13634835,592815891,9000,9000,58680,592874571
2021-07-12,25380556,603529129,0,9000,59130,603588259
2021-07-13,20709837,604087962,86000,95000,635550,604723512
2021-07-14,15848891,601823341,28200,37200,244404,602067745
2021-07-15,17792814,599636026,6000,43200,292896,599928922
2021-07-16,26291458,607220107,0,37200,250356,607470463
2021-07-19,15740582,606414843,6100,43300,289677,606704520
2021-07-20,29815990,615525459,228200,271500,1881495,617406954
2021-07-21,24836873,619247242,100,71600,494756,619741998
2021-07-22,17077569,614107894,22600,94200,648096,614755990
2021-07-23,31763378,611207549,265400,325300,2270594,613478143
2021-07-26,28974836,609044986,34200,71200,491992,609536978
2021-07-27,41818866,621191826,6500,72300,488748,621680574
2021-07-28,19474926,615015510,0,66600,443556,615459066
2021-07-29,21123424,606755806,248500,315100,2212002,608967808
2021-07-30,64291799,641713227,32300,131900,956275,642669502
2021-08-02,31838570,638556587,6000,135000,984150,639540737
2021-08-03,61727688,643636445,100000,235000,1687300,645323745
2021-08-04,35754774,647289388,0,129000,932670,648222058
2021-08-05,47446261,659056791,6000,135000,994950,660051741
2021-08-06,88942440,664269724,369478,470278,3729305,667999029
2021-08-09,76281653,678521342,3400,184100,1439662,679961004
2021-08-10,56390511,678383261,2100,86200,679256,679062517
2021-08-11,61809349,688517887,68000,154200,1253646,689771533
2021-08-12,114948449,728676420,364800,511000,4568340,733244760
2021-08-13,128324572,703120677,16200,267200,2412816,705533493
2021-08-16,64302832,679976881,0,259900,2248135,682225016
2021-08-17,60616365,664061334,6700,162000,1331640,665392974
2021-08-18,59017107,685002812,300800,448900,3676491,688679303
2021-08-19,25176200,680698420,7500,154600,1246076,681944496
2021-08-20,42891883,686453372,0,141900,1145133,687598505
2021-08-23,76543402,721092747,100200,180900,1506897,722599644
2021-08-24,71543198,725562154,12700,93600,753480,726315634
2021-08-25,56689207,731315743,171500,265100,2163216,733478959
2021-08-26,82333224,727313980,172500,271600,2295020,729609000
2021-08-27,62518228,735660850,16700,166700,1428619,737089469
2021-08-30,69093155,750304535,26200,192800,1658080,751962615
2021-08-31,54623656,752414054,9500,182900,1554650,753968704
2021-09-01,106269098,760957867,125700,308600,2780486,763738353
2021-09-02,93058945,782863426,100100,282600,2605572,785468998
2021-09-03,99710974,775065602,66700,213400,1856580,776922182
2021-09-06,69463356,777465447,8700,113425,970918,778436365
2021-09-07,52430797,787701525,30200,101325,876461,788577986
2021-09-08,81016209,805383645,236400,302200,2692602,808076247
2021-09-09,53044560,799442812,18500,112600,982998,800425810
2021-09-10,89282202,796813720,23200,123300,1048050,797861770
2021-09-13,58240465,801081561,323600,432700,3781798,804863359
2021-09-14,37408898,774035830,33000,166100,1413511,775449341
2021-09-15,82178824,770680272,369600,462500,4181000,774861272
2021-09-16,87189659,776054389,63600,162500,1402375,777456764
2021-09-17,148461662,789132470,333100,371100,3432675,792565145
2021-09-22,164286563,825113599,164100,271800,2671794,827785393
2021-09-23,96534420,788255754,63000,111800,1063218,789318972
2021-09-24,63587298,778027439,63000,111800,1017380,779044819
2021-09-27,62214948,760977642,381600,411000,3366090,764343732
2021-09-28,55466985,757152279,64100,252100,1994111,759146390
2021-09-29,37426520,753174622,55500,243500,1838425,755013047
2021-09-30,24441959,736039869,22100,84400,657476,736697345
2021-10-08,31400410,744453833,25200,79300,614575,745068408
2021-10-11,25291227,746893822,37400,80300,615098,747508920
2021-10-12,24747427,727355705,65100,94500,687960,728043665
2021-10-13,13802240,724968191,40500,94300,691219,725659410
2021-10-14,12981041,725276161,2000,92300,683943,725960104
2021-10-15,11830220,713286147,31200,98000,715400,714001547
2021-10-18,13421200,711246329,9000,89700,672750,711919079
2021-10-19,19325972,698079428,39700,83500,630425,698709853
2021-10-20,19287870,695737214,25900,92100,704565,696441779
2021-10-21,17886095,696921598,40800,73500,555660,697477258
2021-10-22,12558150,686371622,29700,95500,694285,687065907
2021-10-25,14138579,681923282,29800,115200,870912,682794194
2021-10-26,23134156,690011431,20500,109200,828828,690840259
2021-10-27,17298875,691801053,18800,107800,803110,692604163
2021-10-28,16751067,690592429,26500,115200,829440,691421869
2021-10-29,10381743,689508935,23400,106100,777713,690286648
2021-11-01,19234812,688678834,26500,109200,833196,689512030
2021-11-02,23003300,691365363,21900,113500,854655,692220018
2021-11-03,16905028,686328400,12700,60500,461615,686790015
2021-11-04,40041521,689876722,26700,60700,480744,690357466
2021-11-05,37740420,688537545,95500,143700,1120860,689658405
2021-11-08,24403314,690522086,13300,144400,1124876,691646962
2021-11-09,24901416,677365707,68700,154100,1212767,678578474
2021-11-10,19766183,671831338,38000,122900,954933,672786271
2021-11-11,20032950,672344721,69900,161100,1253358,673598079
2021-11-12,25414366,667938802,52500,162900,1295055,669233857
2021-11-15,27506373,676683039,12500,103000,822970,677506009
2021-11-16,61308194,696795857,52900,128700,1064349,697860206
2021-11-17,59631380,713494192,12500,86300,735276,714229468
2021-11-18,53979051,715024559,51600,119900,1001165,716025724
2021-11-19,27327329,707815367,23500,90700,763694,708579061
2021-11-22,40028930,703916069,289700,367900,3178656,707094725
2021-11-23,40006853,702229286,16600,146100,1253538,703482824
2021-11-24,26017846,695801191,20300,151100,1264707,697065898
2021-11-25,64118326,718533250,222500,361100,3145181,721678431
2021-11-26,31487809,724636678,12500,155100,1326105,725962783
2021-11-29,27122103,724476625,6800,84700,713174,725189799
2021-11-30,50018169,721244701,82900,113700,984642,722229343
2021-12-01,40676747,718957498,12500,101400,886236,719843734
2021-12-02,30364371,712370159,19500,108400,924652,713294811
2021-12-03,22560321,700884722,5000,95100,813105,701697827
2021-12-06,33953834,704204936,10800,100900,843524,705048460
2021-12-07,34179082,699057132,11000,36500,293095,699350227
2021-12-08,23809656,703990905,35400,54900,444690,704435595
2021-12-09,27385262,715551064,125000,174900,1416690,716967754
2021-12-10,20272408,718064385,5000,174900,1385208,719449593
2021-12-13,29845453,720907024,9200,179100,1447128,722354152
2021-12-14,32085835,720724237,206800,376700,3058804,723783041
2021-12-15,14532612,719387608,63800,233700,1878948,721266556
2021-12-16,23383525,717240658,15200,243900,1980468,719221126
2021-12-17,44333142,726766260,5000,243900,2004858,728771118
2021-12-20,32731157,728543235,5000,243900,1946322,730489557
2021-12-21,36781755,737881583,5000,231400,1865084,739746667
2021-12-22,26026546,743550325,2100,229300,1850451,745400776
2021-12-23,36319909,750928190,5000,231400,1929876,752858066
2021-12-24,27741111,740071477,15800,242200,1952132,742023609
2021-12-27,40391579,742912242,115800,342200,2884746,745796988
2021-12-28,38443817,751715040,20800,227700,1908126,753623166
2021-12-29,22674638,750226741,30900,237800,1957094,752183835
