日期,融资买入额(元),融资余额(元),融券卖出量,融券余量,融券余额(元),融资融券余额(元)
2017-07-12,0,1807002350,0,56300,1243667,1808246017
2017-07-13,0,1794560135,0,56300,1243667,1795803802
2017-07-14,59722693,1747904154,0,40900,813092,1748717246
2017-07-17,255985058,1838638898,12200,28000,509320,1839148218
2017-07-18,113593450,1839574090,500,16300,298616,1839872706
2017-07-19,48999664,1774405284,800,16800,317520,1774722804
2017-07-20,57128432,1760531134,10500,26100,498510,1761029644
2017-07-21,40408777,1747588862,11800,37200,710892,1748299754
2017-07-24,33315275,1732355551,700,13300,255227,1732610778
2017-07-25,37677157,1746664671,3600,16200,307638,1746972309
2017-07-26,40784958,1758642253,100,13300,249508,1758891761
2017-07-27,41518429,1750465078,20800,31700,608323,1751073401
2017-07-28,23526812,1745078839,7200,18100,350235,1745429074
2017-07-31,37426357,1749823100,0,18000,343800,1750166900
2017-08-01,44270224,1769925526,0,18000,347220,1770272746
2017-08-02,40939931,1755116146,0,18000,351000,1755467146
2017-08-03,39149996,1763266057,0,18000,348480,1763614537
2017-08-04,48062160,1771607994,100,18100,347520,1771955514
2017-08-07,39567703,1784408625,200,18200,346528,1784755153
2017-08-08,39965811,1781966249,200,18400,345000,1782311249
2017-08-09,44456127,1784629624,100,18200,345800,1784975424
2017-08-10,47455679,1797822087,4500,22200,415140,1798237227
2017-08-11,67685146,1827715103,16500,34100,620620,1828335723
2017-08-14,41133646,1815227740,100,26800,493120,1815720860
2017-08-15,11171115,1805389611,0,26800,495264,1805884875
2017-08-16,32976298,1797423705,0,26800,498480,1797922185
2017-08-17,52390632,1780981033,0,26800,500356,1781481389
2017-08-18,31580007,1776766541,0,26800,500624,1777267165
2017-08-21,44779939,1786936169,300,27100,501079,1787437248
2017-08-22,44866476,1778689566,0,27100,503247,1779192813
2017-08-23,39599886,1788986081,0,26800,490440,1789476521
2017-08-24,13146227,1786574764,0,19500,355680,1786930444
2017-08-25,17139571,1775424163,0,10500,193725,1775617888
2017-08-28,53955018,1778835749,0,10500,195405,1779031154
2017-08-29,37816371,1780281519,0,10500,194250,1780475769
2017-08-30,53959537,1758488873,0,10500,198450,1758687323
2017-08-31,55258688,1759900742,0,10500,202335,1760103077
2017-09-01,52447071,1750715341,26700,37200,711636,1751426977
2017-09-04,51923328,1764740064,0,10500,199710,1764939774
2017-09-05,33132869,1752595081,0,10500,200025,1752795106
2017-09-06,101857348,1733029506,3900,14400,290016,1733319522
2017-09-07,75422860,1706468220,0,14400,292320,1706760540
2017-09-08,53912192,1706947038,26800,37500,753000,1707700038
2017-09-11,76248973,1708374994,1600,38900,806786,1709181780
2017-09-12,94776075,1714272775,0,38900,814177,1715086952
2017-09-13,63861835,1712121754,4000,42900,900042,1713021796
2017-09-14,92581358,1738063725,0,17100,354654,1738418379
2017-09-15,54304892,1722987560,700,17800,373088,1723360648
2017-09-18,57414525,1670453344,25100,42800,928760,1671382104
2017-09-19,79335387,1689645646,0,18500,397750,1690043396
2017-09-20,61068354,1704658948,600,18000,388080,1705047028
2017-09-21,46641964,1700404545,24400,41900,884928,1701289473
2017-09-22,43412264,1697029520,500,16000,336800,1697366320
2017-09-25,40644090,1706797943,11400,26900,558444,1707356387
2017-09-26,24083083,1712569022,3700,28600,594880,1713163902
2017-09-27,41180557,1703790531,0,28600,604318,1704394849
2017-09-28,38072045,1703440005,0,28600,603174,1704043179
2017-09-29,45537575,1688968678,0,28600,596310,1689564988
2017-10-09,63904128,1700907326,0,14900,315880,1701223206
2017-10-10,54056156,1699302766,0,14900,318264,1699621030
2017-10-11,19811636,1673611864,0,14900,314986,1673926850
2017-10-12,88883160,1699668830,0,14900,306344,1699975174
2017-10-13,29155344,1683256849,100,11000,226930,1683483779
2017-10-16,44041588,1675225756,200,10700,218815,1675444571
2017-10-17,14601298,1676224662,600,11300,230407,1676455069
2017-10-18,23946469,1677561852,0,11300,228712,1677790564
2017-10-19,29159855,1683640906,10100,20600,405820,1684046726
2017-10-20,15573358,1673070220,13600,34100,677226,1673747446
2017-10-23,39951872,1684687795,400,25500,518925,1685206720
2017-10-24,20005514,1664446913,100,25200,508284,1664955197
2017-10-25,22140266,1664067313,100,25200,504000,1664571313
2017-10-26,40576886,1659170226,0,25200,509544,1659679770
2017-10-27,27720850,1665425462,100,25300,503723,1665929185
2017-10-30,26844992,1664543219,0,25100,503255,1665046474
2017-10-31,36978080,1680277717,0,25100,491458,1680769175
2017-11-01,69416533,1697921230,1400,26500,503235,1698424465
2017-11-02,20676096,1704046980,7200,27900,526752,1704573732
2017-11-03,13032121,1696724431,0,20700,391437,1697115868
2017-11-06,19126568,1698139217,0,20700,392472,1698531689
2017-11-07,69222554,1741281658,7700,28400,529376,1741811034
2017-11-08,21668012,1727903665,0,12100,226754,1728130419
2017-11-09,19902610,1722985450,0,12100,227480,1723212930
2017-11-10,37009510,1702743462,2000,14100,276360,1703019822
2017-11-13,45020960,1709893208,0,14100,273399,1710166607
2017-11-14,67010511,1742051932,5700,19800,373032,1742424964
2017-11-15,47378489,1714492480,200,16000,292960,1714785440
2017-11-16,25898457,1704595117,500,14600,265282,1704860399
2017-11-17,26373446,1664780279,700,14800,266104,1665046383
2017-11-20,28307717,1658702725,2500,17300,318147,1659020872
2017-11-21,23022905,1647549245,0,16700,306445,1647855690
2017-11-22,52919218,1662068223,700,17400,323640,1662391863
2017-11-23,35416110,1640779537,6800,20900,375155,1641154692
2017-11-24,15340575,1629272439,11600,26600,480928,1629753367
2017-11-27,21465799,1640834131,0,22100,399347,1641233478
2017-11-28,17897223,1642757520,0,11900,215985,1642973505
2017-11-29,16676838,1634887604,0,10600,191118,1635078722
2017-11-30,19376084,1635213093,0,10600,190800,1635403893
2017-12-01,22567549,1635805603,0,10400,187304,1635992907
2017-12-04,35396209,1627772776,21500,31900,555379,1628328155
2017-12-05,63234976,1622493075,7000,17400,287100,1622780175
2017-12-06,25731259,1620120010,1700,12100,202675,1620322685
2017-12-07,16469346,1614981168,0,10400,173056,1615154224
2017-12-08,23136285,1612730641,3200,13600,231336,1612961977
2017-12-11,14974691,1601447251,0,13600,232016,1601679267
2017-12-12,7728834,1586674935,300,13900,239219,1586914154
2017-12-13,14570272,1592187424,300,14200,242962,1592430386
2017-12-14,9733093,1593755950,0,13900,239358,1593995308
2017-12-15,17574010,1597489045,0,13600,232016,1597721061
2017-12-18,24904531,1604739286,0,11400,192432,1604931718
2017-12-19,18902198,1609330116,15000,25400,436626,1609766742
2017-12-20,14997139,1595019232,0,10400,176488,1595195720
2017-12-21,17087877,1599793011,1000,11400,192888,1599985899
2017-12-22,12352975,1594968710,0,10400,175864,1595144574
2017-12-25,18185681,1592335378,0,10400,173992,1592509370
2017-12-26,29418673,1596528717,0,10400,175864,1596704581
2017-12-27,89383569,1603579070,31600,42000,752220,1604331290
2017-12-28,77047181,1644950724,0,19800,356400,1645307124
2017-12-29,46268941,1655369192,0,12100,219857,1655589049
2018-01-02,58663826,1665767152,8000,20100,365619,1666132771
2018-01-03,71905537,1705147223,2700,22800,426132,1705573355
2018-01-04,26486307,1701844297,800,14600,269662,1702113959
2018-01-05,16600046,1694759886,0,14600,271122,1695031008
2018-01-08,58556836,1730591247,1100,14300,261976,1730853223
2018-01-09,22974633,1726095655,700,15000,278100,1726373755
2018-01-10,29551774,1739278038,0,13400,242942,1739520980
2018-01-11,35764078,1747227351,2000,15400,281512,1747508863
2018-01-12,35502391,1750167275,0,4400,79552,1750246827
2018-01-15,32243825,1749183753,3700,8100,144099,1749327852
2018-01-16,30988704,1752499952,1100,5500,98065,1752598017
2018-01-17,63665235,1789482501,300,4400,76780,1789559281
2018-01-18,24546136,1803786438,2000,6100,106689,1803893127
2018-01-19,6377649,1797104735,5000,11100,195249,1797299984
2018-01-22,24566844,1807765220,0,11100,194028,1807959248
2018-01-23,13153211,1803379197,0,11100,194694,1803573891
2018-01-24,25132260,1809339061,0,11000,195030,1809534091
2018-01-25,18213836,1809025055,0,11000,192390,1809217445
2018-01-26,25607630,1819690100,0,11000,190190,1819880290
2018-01-29,15593282,1816869062,0,9000,154800,1817023862
2018-01-30,7804165,1817527320,0,9000,155430,1817682750
2018-01-31,13461024,1813951353,0,9000,155160,1814106513
2018-02-01,21890174,1812781915,29900,33900,564435,1813346350
2018-02-02,26002807,1822294927,0,33900,567825,1822862752
2018-02-05,15499448,1804020536,0,33900,556299,1804576835
2018-02-06,81313361,1760843918,9000,42900,633633,1761477551
2018-02-07,94480088,1636744771,10000,43900,632160,1637376931
2018-02-08,41599275,1604833522,5000,48900,735456,1605568978
2018-02-09,26426751,1604647211,200,48000,717120,1605364331
2018-02-12,34822773,1616167190,3800,41600,650208,1616817398
2018-02-13,24138972,1609718067,0,7900,120870,1609838937
2018-02-14,10665150,1600398578,0,7900,120475,1600519053
2018-02-22,11246841,1602011532,0,7900,122924,1602134456
2018-02-23,10475339,1596589026,0,7900,122687,1596711713
2018-02-26,15134761,1558846561,200,8100,127980,1558974541
2018-02-27,21377673,1547383150,4000,11900,192780,1547575930
2018-02-28,22014319,1543082672,3800,11700,195273,1543277945
2018-03-01,14199928,1538994074,7200,15100,250811,1539244885
2018-03-02,16293982,1513787946,0,15100,251113,1514039059
2018-03-05,18358055,1500462555,0,15100,251113,1500713668
2018-03-06,23190172,1502285888,10000,25100,424943,1502710831
2018-03-07,16563283,1505326575,0,25100,418166,1505744741
2018-03-08,14534099,1491877656,600,25700,437157,1492314813
2018-03-09,26165941,1487555332,13800,39500,690065,1488245397
2018-03-12,34573781,1449938854,0,39500,701520,1450640374
2018-03-13,32858129,1427297143,3400,27000,479790,1427776933
2018-03-14,37150395,1424755517,0,23000,395370,1425150887
2018-03-15,17296090,1391662798,15900,30800,546084,1392208882
2018-03-16,9242181,1339285026,4100,19000,333450,1339618476
2018-03-19,7320275,1322499564,0,18900,332640,1322832204
2018-03-20,10602721,1286726179,200,15100,260626,1286986805
2018-03-21,12594453,1247526205,15000,30000,520200,1248046405
2018-03-22,30733356,1245750929,600,29900,501423,1246252352
2018-03-23,26407977,1242802455,9000,38300,616630,1243419085
2018-03-26,22776682,1223395329,4000,35100,587925,1223983254
2018-03-27,30128833,1239157775,7300,38400,655872,1239813647
2018-03-28,18721517,1234953384,0,38300,656079,1235609463
2018-03-29,27611460,1236799340,0,38300,647270,1237446610
2018-03-30,49960520,1219303393,4600,42900,757614,1220061007
2018-04-02,55091265,1212187270,0,38900,704868,1212892138
2018-04-03,34642165,1217719249,0,38900,709536,1218428785
2018-04-04,26439384,1216374157,2000,40300,719758,1217093915
2018-04-09,36635194,1222233896,600,39500,686905,1222920801
2018-04-10,19488720,1214935297,600,40100,698943,1215634240
2018-04-11,19318478,1212174381,0,40100,690923,1212865304
2018-04-12,15836531,1215605517,0,40100,688116,1216293633
2018-04-13,20504051,1211318993,0,39500,691250,1212010243
2018-04-16,22859353,1215575139,0,17200,295324,1215870463
2018-04-17,12436579,1210952882,7000,23600,394120,1211347002
2018-04-18,21287279,1210141918,1500,15100,249452,1210391370
2018-04-19,6933963,1188105129,800,8400,139944,1188245073
2018-04-20,15370609,1193372612,7600,15200,246240,1193618852
2018-04-23,9895795,1187977826,4500,16500,262845,1188240671
2018-04-24,8677757,1182293874,2700,17900,296424,1182590298
2018-04-25,26288583,1157723637,3500,21400,357166,1158080803
2018-04-26,32966525,1167414198,3200,21100,342453,1167756651
2018-04-27,7871071,1164799931,0,8200,132594,1164932525
2018-05-02,9976886,1159441795,0,8200,135710,1159577505
2018-05-03,9581503,1153318463,600,8800,148720,1153467183
2018-05-04,6900412,1145615031,1800,10600,177656,1145792687
2018-05-07,18356492,1151861481,0,10000,170800,1152032281
2018-05-08,16923951,1159855713,5000,13200,223872,1160079585
2018-05-09,7180918,1158636596,2000,15200,258400,1158894996
2018-05-10,8417627,1146639502,0,15200,259768,1146899270
2018-05-11,19418659,1148106425,0,15200,260528,1148366953
2018-05-14,15669176,1144743573,600,13100,222700,1144966273
2018-05-15,9729484,1136226238,1200,13700,236873,1136463111
2018-05-16,18246125,1132721814,2700,15200,259920,1132981734
2018-05-17,8463937,1128738046,0,15200,258248,1128996294
2018-05-18,10902116,1107515132,0,15200,258856,1107773988
2018-05-21,19656641,1091763580,0,15200,264936,1092028516
2018-05-22,23532258,1086904979,1600,16800,293832,1087198811
2018-05-23,52661241,1046986120,12100,28900,520200,1047506320
2018-05-24,41807091,1060500020,0,18000,313020,1060813040
2018-05-25,29218880,1065574540,2600,15600,266448,1065840988
2018-05-28,20206708,1073996129,0,13600,232288,1074228417
2018-05-29,27638729,1077083882,0,13600,224808,1077308690
2018-05-30,23492337,1079249463,2500,15500,250170,1079499633
2018-05-31,21095256,1072514525,0,10300,166654,1072681179
2018-06-01,11623511,1065627175,1800,11300,179331,1065806506
2018-06-04,19484551,1069653294,13000,23500,381875,1070035169
2018-06-05,14256663,1069788594,0,22500,370800,1070159394
2018-06-06,16769425,1071343143,2700,25200,410760,1071753903
2018-06-07,16019734,1077473058,100,25300,408848,1077881906
2018-06-08,15725241,1081194659,0,10500,168630,1081363289
2018-06-11,3828395,1078796694,0,9500,152665,1078949359
2018-06-12,6992138,1069846589,0,9500,153805,1070000394
2018-06-13,5873918,1064768309,0,9500,152000,1064920309
2018-06-14,15075015,1060770321,2100,11600,182932,1060953253
2018-06-15,28499531,1074247507,1200,10700,164566,1074412073
2018-06-19,27286050,1051978713,30700,41400,593676,1052572389
2018-06-20,4762749,1042527154,0,17300,251715,1042778869
2018-06-21,13454683,1036044002,7500,24800,348440,1036392442
2018-06-22,4388694,1031480301,7400,23300,332258,1031812559
2018-06-25,7442685,1027613535,9767,31067,434938,1028048473
2018-06-26,3821413,1024536062,700,11200,157360,1024693422
2018-06-27,6911173,1021963077,2700,13900,195573,1022158650
2018-06-28,7630115,1019033174,0,13900,194600,1019227774
2018-06-29,8958525,1017863730,0,10200,146982,1018010712
2018-07-02,11533178,1014818675,1800,11000,154220,1014972895
2018-07-03,9849945,1015999978,0,10000,141900,1016141878
2018-07-04,4318451,1003842106,3200,13200,183480,1004025586
2018-07-05,13959542,977363431,7900,18000,234900,977598331
2018-07-06,8169788,965828526,3800,20600,274392,966102918
2018-07-09,5357293,953652323,0,12100,166496,953818819
2018-07-10,4927474,944916740,0,12000,168360,945085100
2018-07-11,6204829,939197698,4900,16900,234234,939431932
2018-07-12,14469770,932730674,100,17000,244460,932975134
2018-07-13,10101524,929591752,100,12800,181888,929773640
2018-07-16,9011859,931974080,0,12800,179200,932153280
2018-07-17,7348886,932389985,8700,21500,303365,932693350
2018-07-18,10840285,926510347,900,18700,259743,926770090
2018-07-19,7625087,926650777,0,17800,245462,926896239
2018-07-20,7796331,926267015,0,17800,247242,926514257
2018-07-23,9329394,920642722,0,17800,252048,920894770
2018-07-24,14328512,915965137,0,17800,259524,916224661
2018-07-25,5094321,908411307,0,17800,258634,908669941
2018-07-26,10814705,911149095,0,17800,254718,911403813
2018-07-27,10833330,912161415,0,17800,249022,912410437
2018-07-30,4314036,902321196,0,16200,230040,902551236
2018-07-31,14183006,906538696,0,16200,227934,906766630
2018-08-01,7562311,897338725,1800,18000,254700,897593425
2018-08-02,16085819,899427772,32275,47875,641046,900068818
2018-08-03,2916950,893454828,9600,25200,341460,893796288
2018-08-06,11379889,891902288,20500,36700,476366,892378654
2018-08-07,13341637,895233556,700,15800,208086,895441642
2018-08-08,10865937,898626148,2500,18300,236436,898862584
2018-08-09,29541730,910563476,2500,13300,173033,910736509
2018-08-10,9785387,907054913,2500,13300,171703,907226616
2018-08-13,13964021,901243863,2500,13300,168644,901412507
2018-08-14,4568788,899226034,2100,12900,165378,899391412
2018-08-15,8730899,897007044,6100,16900,210405,897217449
2018-08-16,9998649,891636409,2500,17700,213462,891849871
2018-08-17,4032216,882622140,1600,14300,172315,882794455
2018-08-20,19515266,886165521,9900,22600,267358,886432879
2018-08-21,7783424,881765169,700,14837,178934,881944103
2018-08-22,2274622,878703531,1300,14437,173100,878876631
2018-08-23,8558718,882100116,2700,15837,189411,882289527
2018-08-24,3815977,872955261,1511,14848,174612,873129873
2018-08-27,11805843,876758189,5200,18048,220186,876978375
2018-08-28,10368769,880109867,500,14348,173037,880282904
2018-08-29,7332688,881609720,9400,22248,264529,881874249
2018-08-30,15601975,873327098,10400,30148,343989,873671087
2018-08-31,9012471,870037910,3800,26648,307518,870345428
2018-09-03,25342670,887006797,36800,59648,666268,887673065
2018-09-04,11225065,882449474,10600,55348,615470,883064944
2018-09-05,8717661,868887212,9800,59848,642768,869529980
2018-09-06,5745753,865788034,2500,58248,626748,866414782
2018-09-07,9796754,862508039,13000,68148,716917,863224956
2018-09-10,9492368,847604139,30900,86048,869085,848473224
2018-09-11,10480797,843340792,44400,127548,1327775,844668567
2018-09-12,9320235,840719926,2900,87948,923454,841643380
2018-09-13,5592644,834994591,5900,89148,936054,835930645
2018-09-14,19363440,844262560,27900,96748,1004244,845266804
2018-09-17,7694370,838497156,18900,109448,1125125,839622281
2018-09-18,12071312,835625593,17500,123455,1295043,836920636
2018-09-19,13824582,836471044,10800,126955,1341914,837812958
2018-09-20,18670669,842153122,20200,142455,1490079,843643201
2018-09-21,25740649,831566429,59400,181348,2009336,833575765
2018-09-25,13813655,834668400,20814,150362,1641953,836310353
2018-09-26,25171336,834077590,31200,160762,1795712,835873302
2018-09-27,17441826,833886945,12600,143062,1575113,835462058
2018-09-28,9457830,816775562,31000,169462,1886112,818661674
2018-10-08,14220555,813483657,4800,138762,1470877,814954534
2018-10-09,2220189,807963692,29600,159159,1710959,809674651
2018-10-10,4088498,801130001,21500,153459,1638942,802768943
2018-10-11,15562556,772356529,25900,155459,1503289,773859818
2018-10-12,13177397,758044046,34400,163959,1590402,759634448
2018-10-15,10630902,752776892,31300,165059,1556506,754333398
2018-10-16,9520399,735779109,66000,200759,1832930,737612039
2018-10-17,6184399,732183561,26300,194759,1797626,733981187
2018-10-18,4325185,723919781,29400,200059,1824538,725744319
2018-10-19,10829802,719089604,31900,201929,1883998,720973602
2018-10-22,10556280,706439794,21500,163529,1614031,708053825
2018-10-23,9275147,705535861,28192,169421,1633219,707169080
2018-10-24,9192875,707529468,27400,168721,1618034,709147502
2018-10-25,11912672,708681973,33300,175321,1646264,710328237
2018-10-26,8679996,710372628,33100,173421,1630158,712002786
2018-10-29,9745713,705826836,32800,173121,1575401,707402237
2018-10-30,15150489,696829174,38700,179021,1740084,698569258
2018-10-31,17372808,698158111,53000,197121,1988951,700147062
2018-11-01,18983592,700147014,26300,197021,1968240,702115254
2018-11-02,35823540,706919139,95199,215220,2341594,709260733
2018-11-05,14088018,700792252,20200,179134,1950769,702743021
2018-11-06,10878285,701859471,25543,179977,1958149,703817620
2018-11-07,17327436,703583253,45344,193621,2108532,705691785
2018-11-08,21917053,717787672,18800,184941,1949278,719736950
2018-11-09,8074167,709299257,53500,185341,1957201,711256458
2018-11-12,9914402,706391465,16600,162441,1746241,708137706
2018-11-13,20706085,707830768,27600,160741,1745647,709576415
2018-11-14,14339326,704363252,38500,174341,1860218,706223470
2018-11-15,35315107,716604342,56100,200741,2218188,718822530
2018-11-16,51553476,729017107,42300,211241,2425047,731442154
2018-11-19,30837912,726904842,26399,175728,2003300,728908142
2018-11-20,21565221,729047437,28500,197728,2149303,731196740
2018-11-21,14480760,725053780,47500,213428,2322097,727375877
2018-11-22,11702083,720357535,43400,184013,2051745,722409280
2018-11-23,8515002,715710840,48400,189013,2018659,717729499
2018-11-26,7736958,712735164,46572,188285,2016533,714751697
2018-11-27,7804283,710326252,43500,181885,1960721,712286973
2018-11-28,15273497,704062382,46300,174785,1931374,705993756
2018-11-29,12249350,704034415,58500,179585,1905397,705939812
2018-11-30,5706203,700975748,47500,167601,1793331,702769079
2018-12-03,18581856,699002057,54300,172601,1917597,700919654
2018-12-04,14001836,698677195,43492,161993,1798122,700475317
2018-12-05,13504354,699077608,43500,161793,1768397,700846005
2018-12-06,11054234,695971461,44200,162493,1748425,697719886
2018-12-07,7643139,694997795,42158,160451,1723244,696721039
2018-12-10,9203849,691475886,65200,183551,1905259,693381145
2018-12-11,3522172,686731258,51400,171851,1818184,688549442
2018-12-12,5323762,683056132,97300,228164,2471016,685527148
2018-12-13,14411335,681863110,29900,179664,1954744,683817854
2018-12-14,7146047,675535400,26900,166064,1766921,677302321
2018-12-17,7562359,677303692,21900,162964,1707863,679011555
2018-12-18,8480384,677436069,21800,139264,1455309,678891378
2018-12-19,5970705,678222110,25500,132964,1360222,679582332
2018-12-20,7061242,678253134,87800,198264,2030223,680283357
2018-12-21,3462883,676292627,40700,148164,1511273,677803900
2018-12-24,5634535,677243640,29000,136764,1410037,678653677
2018-12-25,5570193,674343637,109800,217564,2243085,676586722
2018-12-26,4489449,674689072,38300,146064,1491313,676180385
2018-12-27,5345432,672392948,70035,177849,1812281,674205229
2018-12-28,4497579,671139043,39800,133349,1349492,672488535
2019-01-02,5475480,671300586,104300,197849,1948812,673249398
2019-01-03,8987168,671720050,39900,133449,1278441,672998491
2019-01-04,7441200,670941188,42800,136349,1349856,672291044
2019-01-07,6812243,670011255,39699,138248,1396304,671407559
2019-01-08,7250097,672878195,17500,118591,1189468,674067663
2019-01-09,15934546,668958067,38300,130849,1335968,670294035
2019-01-10,5195575,667257313,17800,116949,1191710,668449023
2019-01-11,11558365,670934376,45400,137949,1398803,672333179
2019-01-14,6805193,674365230,21900,114414,1140708,675505938
2019-01-15,6915730,673829268,34400,126914,1278024,675107292
2019-01-16,4479995,667933875,17500,112964,1135288,669069163
2019-01-17,5968308,666923980,21500,113964,1125964,668049944
2019-01-18,6063187,660143343,17500,110764,1118716,661262059
2019-01-21,9366104,660879969,22300,114764,1178626,662058595
2019-01-22,8110792,664131181,24500,118266,1182660,665313841
2019-01-23,3763531,657323813,19900,119364,1193640,658517453
2019-01-24,3891166,653804064,20000,119464,1211365,655015429
2019-01-25,5656905,649137278,21810,121274,1217591,650354869
2019-01-28,7638644,648921835,22500,121964,1217201,650139036
2019-01-29,12772185,650478373,22400,92860,895170,651373543
2019-01-30,5590799,649025528,0,72200,687344,649712872
2019-01-31,8164166,646634807,5000,65400,614760,647249567
2019-02-01,3331755,635846109,4300,64700,623708,636469817
2019-02-11,13785659,643731069,5500,68200,674498,644405567
2019-02-12,12127166,641856222,0,9400,95316,641951538
2019-02-13,13482709,632499405,14000,23400,241722,632741127
2019-02-14,13028440,630464973,14700,33100,344240,630809213
2019-02-15,20792248,626202310,46300,75000,807000,627009310
2019-02-18,27530091,639273470,31800,81700,894615,640168085
2019-02-19,30478693,639782757,19600,77500,839325,640622082
2019-02-20,19222852,626269257,6900,78900,845019,627114276
2019-02-21,20819041,626157157,39685,74985,797840,626954997
2019-02-22,34821087,629309697,23700,78285,879141,630188838
2019-02-25,72994674,643751186,42300,79485,927590,644678776
2019-02-26,52048449,652729692,42200,79582,920764,653650456
2019-02-27,36286900,659279972,42028,79510,902439,660182411
2019-02-28,38137994,657675988,41973,79351,941896,658617884
2019-03-01,44128021,669111501,43102,80299,933877,670045378
2019-03-04,76828896,702925979,42200,79397,928945,703854924
2019-03-05,61144610,704501026,45000,82197,1001981,705503007
2019-03-06,68132154,699939666,43400,80797,1028546,700968212
2019-03-07,49915267,686685375,38250,75767,988002,687673377
2019-03-08,46749489,668354616,43161,80428,1005350,669359966
2019-03-11,42622051,675460257,5000,85428,1087498,676547755
2019-03-12,46620641,661114109,43300,80528,1075049,662189158
2019-03-13,37635476,662277407,43300,80628,1053808,663331215
2019-03-14,22521938,661142453,53500,90931,1158461,662300914
2019-03-15,17439940,651756447,43000,90831,1158095,652914542
2019-03-18,22213642,645939087,29500,84131,1082766,647021853
2019-03-19,23737960,645407264,25791,69022,880721,646287985
2019-03-20,18625609,641458916,45500,88522,1118918,642577834
2019-03-21,38152168,656088055,42100,85322,1078470,657166525
2019-03-22,28083197,650450811,43200,84222,1069619,651520430
2019-03-25,35025562,667613973,5800,78322,964927,668578900
2019-03-26,30036841,669133394,44800,79022,943523,670076917
2019-03-27,23939977,679064590,43241,79163,944415,680009005
2019-03-28,13482438,676986685,32300,80363,964356,677951041
2019-03-29,27330497,678846536,43400,77563,960230,679806766
2019-04-01,43400799,673100895,46202,91965,1171634,674272529
2019-04-02,34810225,679135400,3700,90665,1146912,680282312
2019-04-03,24295351,659348043,29600,78321,1018173,660366216
2019-04-04,40038651,662840635,21300,73521,952832,663793467
2019-04-08,28950748,647912136,16946,78767,1016882,648929018
2019-04-09,44536023,663728092,36700,75540,960113,664688205
2019-04-10,49498190,635465955,61834,100574,1346686,636812641
2019-04-11,36565743,621536803,63600,108874,1433871,622970674
2019-04-12,20631696,617024570,45700,85674,1106051,618130621
2019-04-15,24810989,618865888,37200,79874,1018394,619884282
2019-04-16,31201185,626387761,21270,70744,907646,627295407
2019-04-17,25570619,625274528,45300,85044,1107273,626381801
2019-04-18,20114164,618034643,34800,81544,1067411,619102054
2019-04-19,17566335,619802926,30600,104056,1362093,621165019
2019-04-22,29978166,631597347,12900,83056,1048997,632646344
2019-04-23,30593056,641868801,10100,68955,832976,642701777
2019-04-24,13669021,644082819,26500,70655,865524,644948343
2019-04-25,8416596,635044859,33600,78655,942287,635987146
2019-04-26,15280417,639126758,27100,80155,937814,640064572
2019-04-29,14968008,638112261,27600,84755,984853,639097114
2019-04-30,9851129,627436077,33200,80255,918920,628354997
2019-05-06,27097137,639609986,35600,72555,748042,640358028
2019-05-07,7371409,634422976,50000,85955,892213,635315189
2019-05-08,13512043,639865882,48000,87555,891310,640757192
2019-05-09,6828141,636018682,42282,86082,875454,636894136
2019-05-10,13787179,636216768,43300,89117,925926,637142694
2019-05-13,8808936,638834923,16790,98507,996891,639831814
2019-05-14,9985649,639047302,7000,72317,726063,639773365
2019-05-15,8824948,639970780,10900,57181,584390,640555170
2019-05-16,9924025,633122245,20900,38300,404065,633526310
2019-05-17,14164243,637448220,35900,62900,637806,638086026
2019-05-20,8594321,634158024,59211,78911,779641,634937665
2019-05-21,7038749,634047919,19996,89507,896860,634944779
2019-05-22,7679985,634953316,7500,80462,798988,635752304
2019-05-23,6619881,635896448,4900,72362,701188,636597636
2019-05-24,5250551,631289586,11400,78662,763021,632052607
2019-05-27,8024420,630758457,48598,90160,893485,631651942
2019-05-28,4826463,625147960,22800,67862,670477,625818437
2019-05-29,2801257,624530873,6000,73062,721853,625252726
2019-05-30,3138489,619672116,27400,94462,928561,620600677
2019-05-31,6152157,620311209,28900,70362,674772,620985981
2019-06-03,4680393,616182008,8200,69762,664134,616846142
2019-06-04,4175598,616233680,5500,67062,633736,616867416
2019-06-05,6574627,617775707,1800,63362,599405,618375112
2019-06-06,5513935,610425570,44900,102162,937847,611363417
2019-06-10,11676300,607837897,2300,95762,891544,608729441
2019-06-11,8471736,601309476,16582,108644,1056020,602365496
2019-06-12,3996602,598001079,5300,100662,969375,598970454
2019-06-13,8559127,597432851,4300,86662,831089,598263940
2019-06-14,10219388,601880209,6800,89362,841790,602721999
2019-06-17,4719469,601888362,5000,94162,887006,602775368
2019-06-18,4544238,604100474,2600,89262,831029,604931503
2019-06-19,7988703,597840122,6300,84062,798589,598638711
2019-06-20,8120816,591063109,4200,79462,771576,591834685
2019-06-21,10329624,586285783,0,70562,694330,586980113
2019-06-24,7314534,586616069,7800,78162,764424,587380493
2019-06-25,6692161,583547009,2600,75762,734134,584281143
2019-06-26,1541785,580118942,3200,73562,712080,580831022
2019-06-27,4806226,580657321,6900,76262,739741,581397062
2019-06-28,4103859,581328379,7800,83862,804237,582132616
2019-07-01,16245195,589235830,17300,75462,743301,589979131
2019-07-02,15086890,590728379,4269,79531,797696,591526075
2019-07-03,11679279,590774983,10900,83562,854004,591628987
2019-07-04,5355382,590023767,6800,79662,798213,590821980
2019-07-05,4896223,589727320,5500,81462,818693,590546013
2019-07-08,4796981,587884125,11730,80192,780268,588664393
2019-07-09,4534916,585619729,7352,68744,671629,586291358
2019-07-10,3814115,584895652,4000,70744,678435,585574087
2019-07-11,5136662,585626682,11000,75644,728452,586355134
2019-07-12,1829591,582491242,9900,74244,719424,583210666
2019-07-15,4551529,582039544,19300,79444,773785,582813329
2019-07-16,2682487,581571612,5500,76244,743379,582314991
2019-07-17,4676964,583577991,2800,76944,750204,584328195
2019-07-18,5603229,583585818,6600,75384,716902,584302720
2019-07-19,2357645,582580677,5400,73484,701772,583282449
2019-07-22,2556928,580597003,17100,81984,772289,581369292
2019-07-23,1021609,579077205,1500,75884,720898,579798103
2019-07-24,5697555,581225870,2000,75784,732073,581957943
2019-07-25,6122560,584169878,2400,77784,753727,584923605
2019-07-26,9765567,584044443,600,75984,752242,584796685
2019-07-29,10715351,588645127,1200,76784,759394,589404521
2019-07-30,2992768,583279674,3200,67984,677121,583956795
2019-07-31,1364784,581141939,9000,75784,756324,581898263
2019-08-01,2434902,579113805,1100,76684,763006,579876811
2019-08-02,5128747,576527587,9800,81684,802137,577329724
2019-08-05,5449625,576572334,3800,82084,789648,577361982
2019-08-06,9429574,574566637,19700,83484,767218,575333855
2019-08-07,10404727,572840713,9000,91284,826120,573666833
2019-08-08,12287797,580813928,2700,92984,839646,581653574
2019-08-09,7352371,579483425,2100,82584,729217,580212642
2019-08-12,8142298,575913339,14000,94484,839963,576753302
2019-08-13,12936239,578643671,5800,99084,861040,579504711
2019-08-14,6624297,580824439,700,98984,858191,581682630
2019-08-15,12358885,586389471,3800,96984,824364,587213835
2019-08-16,9423736,589659398,4000,88784,755552,590414950
2019-08-19,8916891,587260765,3400,84084,741621,588002386
2019-08-20,9617085,585499445,8000,88684,792835,586292280
2019-08-21,3071894,582396869,7800,92284,830556,583227425
2019-08-22,2611804,578209145,5000,89484,797302,579006447
2019-08-23,3009102,573937091,800,88284,785728,574722819
2019-08-26,4766740,572129440,1600,75984,677777,572807217
2019-08-27,8189485,568770939,8800,79184,736411,569507350
2019-08-28,6212549,564724005,12300,86284,801578,565525583
2019-08-29,5826227,564539557,5400,87684,811077,565350634
2019-08-30,8649866,564520261,5700,79084,710965,565231226
2019-09-02,5719539,563282337,5200,74884,683691,563966028
2019-09-03,9263166,568641965,4400,70284,632556,569274521
2019-09-04,6602500,567074847,14600,84284,763613,567838460
2019-09-05,12068999,568652249,12055,81839,744735,569396984
2019-09-06,30000508,574816789,43213,88552,860725,575677514
2019-09-09,20678990,574198075,300,69152,683222,574881297
2019-09-10,19061782,574870383,14000,83152,823205,575693588
2019-09-11,19722742,574010230,0,73152,715427,574725657
2019-09-12,3715016,565685933,0,72352,710497,566396430
2019-09-16,14173114,567650600,0,72352,705432,568356032
2019-09-17,18316710,568260098,0,72252,679169,568939267
2019-09-18,10724651,569440922,0,72252,667608,570108530
2019-09-19,7506478,570307327,10000,80952,753663,571060990
2019-09-20,7568194,563951307,0,80952,745568,564696875
2019-09-23,8792887,564626885,1300,82252,746848,565373733
2019-09-24,8480467,561996547,0,79152,725824,562722371
2019-09-25,12447082,567023440,0,79152,711576,567735016
2019-09-26,7320491,565425642,16700,95852,842539,566268181
2019-09-27,6927213,569029867,0,77452,678480,569708347
2019-09-30,5965466,566444130,200,75552,654280,567098410
2019-10-08,10595246,571546407,43100,115052,1000952,572547359
2019-10-09,8065530,574580975,10000,122552,1071104,575652079
2019-10-10,5723337,572163296,7200,128152,1123893,573287189
2019-10-11,8966371,557085412,0,58152,510575,557595987
2019-10-14,10020129,540817416,1700,51252,457680,541275096
2019-10-15,7518451,541238192,26800,78052,683736,541921928
2019-10-16,10455148,542648043,7000,67452,575366,543223409
2019-10-17,2206048,541404723,1800,68252,584237,541988960
2019-10-18,4272075,539993564,2100,70352,600806,540594370
2019-10-21,4170601,540666095,1000,60046,504987,541171082
2019-10-22,4804695,541479721,8100,67846,578726,542058447
2019-10-23,4563125,542002653,5000,66946,571049,542573702
2019-10-24,2831617,542132812,8500,69646,591295,542724107
2019-10-25,4666425,543044143,9700,79246,683101,543727244
2019-10-28,4783914,542828207,5800,75346,656264,543484471
2019-10-29,4623100,543465776,8900,78446,669144,544134920
2019-10-30,3041111,539792969,20100,89646,778127,540571096
2019-10-31,2737695,538637061,10300,83946,721096,539358157
2019-11-01,7417491,539992465,0,74046,630872,540623337
2019-11-04,8431767,536593344,1800,75846,632556,537225900
2019-11-05,11316406,539117250,3800,79646,654690,539771940
2019-11-06,11494316,543355781,22200,101846,817823,544173604
2019-11-07,9952269,543004382,8700,106846,860110,543864492
2019-11-08,7129313,542946279,1000,81646,660516,543606795
2019-11-11,9840319,544776926,2500,64152,503593,545280519
2019-11-12,7774222,546711302,0,60652,475512,547186814
2019-11-13,6383519,538494671,15200,60352,496093,538990764
2019-11-14,4680200,536748870,6800,57752,478187,537227057
2019-11-15,7757516,540896932,10600,59652,487357,541384289
2019-11-18,6437778,540051493,1900,54052,435119,540486612
2019-11-19,6486502,536766846,2200,55252,447541,537214387
2019-11-20,3081480,534363455,8200,61952,494377,534857832
2019-11-21,4478788,531683850,1000,62952,498580,532182430
2019-11-22,12051587,527551943,17400,76852,622501,528174444
2019-11-25,7438150,527934511,14000,71952,592884,528527395
2019-11-26,5879728,529805143,800,71752,584061,530389204
2019-11-27,4548532,530156027,0,70852,571776,530727803
2019-11-28,1571304,528702593,22000,87552,710047,529412640
2019-11-29,4207132,528988473,7800,89352,721964,529710437
2019-12-02,5665573,530035708,3500,82352,663757,530699465
2019-12-03,7680391,530707528,10500,86752,707896,531415424
2019-12-04,12399488,531555407,16300,100452,832747,532388154
2019-12-05,10909381,534765613,2700,91252,756479,535522092
2019-12-06,4599031,533208297,2500,88052,729071,533937368
2019-12-09,5528719,528948244,4200,77952,636088,529584332
2019-12-10,5806296,527452520,7300,79352,645132,528097652
2019-12-11,5547923,528935620,0,75952,619768,529555388
2019-12-12,6865276,530194459,6500,81752,659739,530854198
2019-12-13,4731133,527049082,6300,81052,664626,527713708
2019-12-16,11703230,526844530,4100,79252,667302,527511832
2019-12-17,19512259,527350284,11100,85452,741723,528092007
2019-12-18,10721865,516558019,4400,86952,751265,517309284
2019-12-19,18838527,520611749,4400,86852,763429,521375178
2019-12-20,7420428,522064154,5700,87652,759943,522824097
2019-12-23,13518905,526689118,5100,78852,668665,527357783
2019-12-24,13209331,529029030,1900,76852,672455,529701485
2019-12-25,11360338,530291491,4100,78252,676880,530968371
2019-12-26,10600643,529280540,10700,85052,738251,530018791
2019-12-27,17728558,530131437,5600,88552,756234,530887671
2019-12-30,24830400,529666445,16400,104652,943961,530610406
2019-12-31,32652040,540938303,8900,103252,934431,541872734
2020-01-02,22767094,534973208,6100,109352,996197,535969405
2020-01-03,29752139,541019455,6900,114052,1077791,542097246
2020-01-06,64749195,540089994,16400,130452,1303215,541393209
2020-01-07,37914476,537776390,27400,153152,1520799,539297189
2020-01-08,102997664,565791750,1100,149852,1636384,567428134
2020-01-09,109663645,597857927,4900,153652,1645613,599503540
2020-01-10,71714091,622741260,30800,174052,1785774,624527034
2020-01-13,49204463,625428909,39700,188452,1980631,627409540
2020-01-14,93173144,626204328,159300,342552,3613924,629818252
2020-01-15,47336061,639975050,30100,361752,3758603,643733653
2020-01-16,37513186,646058374,5800,358700,3662327,649720701
2020-01-17,54017025,660190980,45700,391600,3908168,664099148
2020-01-20,35227300,672690753,22800,409600,4136960,676827713
2020-01-21,29035906,664084672,4100,406300,3997992,668082664
2020-01-22,39620192,657264506,3700,249700,2509485,659773991
2020-01-23,36926892,628478650,800,156900,1484274,629962924
2020-02-03,17992693,627169053,0,149600,1273096,628442149
2020-02-04,25144488,612697740,0,133700,1169875,613867615
2020-02-05,49475059,596933495,0,133700,1226029,598159524
2020-02-06,33798291,598856202,668,133668,1232419,600088621
2020-02-07,46881667,601395230,400,133668,1257816,602653046
2020-02-10,60391056,606595042,33300,136568,1371143,607966185
2020-02-11,38441001,605795783,20600,140100,1357569,607153352
2020-02-12,44279818,593884388,500,100400,1002996,594887384
2020-02-13,54719907,603202717,16100,113000,1131130,604333847
2020-02-14,59290270,606143871,10400,122400,1269288,607413159
2020-02-17,68943343,622657587,11100,133500,1403085,624060672
2020-02-18,55435213,614018350,29200,161200,1670032,615688382
2020-02-19,58260312,617255279,35700,196900,1970969,619226248
2020-02-20,51729847,616722095,3500,197400,2019402,618741497
2020-02-21,48136436,605617819,6400,191700,2012850,607630669
2020-02-24,50904675,607636149,4000,195200,2045696,609681845
2020-02-25,75787957,602217545,25900,181900,1871751,604089296
2020-02-26,67798377,591077226,48600,197600,2055040,593132266
2020-02-27,70975287,622720064,1500,188800,1920096,624640160
2020-02-28,39118824,619315662,45300,193500,1791810,621107472
2020-03-02,27824567,620218161,500,158200,1510810,621728971
2020-03-03,28382092,619354574,12700,170900,1649185,621003759
2020-03-04,26039334,621150974,4400,145100,1403117,622554091
2020-03-05,27882011,618302973,20500,165400,1615958,619918931
2020-03-06,19297061,614221708,9200,174600,1690128,615911836
2020-03-09,37259299,628449148,33000,185900,1704703,630153851
2020-03-10,41201092,625338847,17500,184500,1808100,627146947
2020-03-11,37193360,626377437,14800,198200,1861098,628238535
2020-03-12,26612846,639404995,20200,218400,1985256,641390251
2020-03-13,25540935,636931565,22300,230900,2038847,638970412
2020-03-16,31047999,642073005,34100,247300,2084739,644157744
2020-03-17,18270880,645863584,500,237900,1967433,647831017
2020-03-18,12930876,637745494,5900,233800,1900794,639646288
2020-03-19,14741788,636386139,26900,254400,2050464,638436603
2020-03-20,20216332,644522474,6400,246100,1981105,646503579
2020-03-23,19762695,648078914,11500,257100,1912824,649991738
2020-03-24,16158286,648229306,54800,278400,2088000,650317306
2020-03-25,26195744,652928368,7500,275800,2118144,655046512
2020-03-26,0,636388502,22700,298500,2522325,638910827
2020-03-27,143405989,655285870,2303090,2572490,23924157,679210027
2020-03-30,177994748,649977424,186300,2567356,23619675,673597099
2020-03-31,131360601,692341711,802100,2733840,25397374,717739085
2020-04-01,144468890,689386397,630760,3102400,30217376,719603773
2020-04-02,152439655,704729447,276700,2376340,22955444,727684891
2020-04-03,168707844,708247043,1065100,3039640,29727679,737974722
2020-04-07,206545949,772443813,356600,2336440,22967205,795411018
2020-04-08,160202168,755625033,1132100,2236600,20755648,776380681
2020-04-09,112898213,765559648,298900,1387200,12914832,778474480
2020-04-10,78218552,758901161,594900,1343100,11819280,770720441
2020-04-13,46936025,744964445,205200,1118500,9283550,754247995
2020-04-14,38859789,744512922,491444,1561644,13195892,757708814
2020-04-15,39109568,731643030,444400,1472544,12310468,743953498
2020-04-16,34350227,728787911,330200,1497344,12562716,741350627
2020-04-17,31960203,723457777,94200,1112844,9180963,732638740
2020-04-20,29216737,721696142,288800,1381544,11453000,733149142
2020-04-21,40146264,709168890,466600,1742244,13903107,723071997
2020-04-22,24185536,693753249,181700,998244,7965987,701719236
2020-04-23,32444256,696119494,177500,990244,7961562,704081056
2020-04-24,27150733,689847549,39100,956544,7355823,697203372
2020-04-27,12173746,678796490,130600,1055344,7978401,686774891
2020-04-28,19674046,672120796,148467,1024211,7579162,679699958
2020-04-29,12098193,671883116,244200,1142711,8513197,680396313
2020-04-30,24693955,666308961,109952,1008063,7772166,674081127
2020-05-06,19377083,662599890,197300,1093963,8532912,671132802
2020-05-07,21838214,661059542,182139,1112902,8547087,669606629
2020-05-08,30320679,664146260,179500,1110902,8665036,672811296
2020-05-11,30316229,665602346,243400,1062763,8470221,674072567
2020-05-12,15548037,669367204,108200,1071363,8431627,677798831
2020-05-13,11456433,670410844,173900,1145263,8967409,679378253
2020-05-14,15540252,671838981,155700,1220763,9363252,681202233
2020-05-15,9876952,658617000,125800,1135103,8694888,667311888
2020-05-18,11404696,657156003,79700,1097563,8319528,665475531
2020-05-19,14937776,657548053,156800,1139763,8650802,666198855
2020-05-20,13779627,655868066,146200,1248663,9439892,665307958
2020-05-21,38441238,655446507,362000,1343163,10570693,666017200
2020-05-22,22671147,654843108,235090,1425953,10822984,665666092
2020-05-25,13995900,659156066,119200,1354053,10236640,669392706
2020-05-26,13594265,657931194,5300,1122301,8608049,666539243
2020-05-27,19833628,661320392,55000,1162601,9068288,670388680
2020-05-28,10374445,659154385,88000,1172901,8984421,668138806
2020-05-29,10336860,653431388,3000,1170001,8973908,662405296
2020-06-01,17467059,652763363,35200,1125001,8831258,661594621
2020-06-02,20966221,648148194,13300,942378,7539024,655687218
2020-06-03,23062899,642659972,86700,1024078,8079975,650739947
2020-06-04,14434478,635216090,4800,982178,7857424,643073514
2020-06-05,12090452,635937833,1000,956278,7554597,643492430
2020-06-08,14645249,631187219,13600,840478,6774253,637961472
2020-06-09,17184928,629778281,218500,1036578,8313356,638091637
2020-06-10,17235709,631907743,1800,1008678,7988730,639896473
2020-06-11,28888167,634880505,15900,953478,7627824,642508329
2020-06-12,10910487,631776188,59700,835878,6603437,638379625
2020-06-15,12643513,622584431,28800,794278,6274797,628859228
2020-06-16,20774580,627326114,70400,847778,6816135,634142249
2020-06-17,11274132,612722679,89600,928978,7394665,620117344
2020-06-18,18352973,609782081,485700,1274378,10322462,620104543
2020-06-19,23390010,610967522,91900,1284778,10406702,621374224
2020-06-22,28546323,621737189,30200,1206878,9920536,631657725
2020-06-23,15345182,610620686,137265,1306866,10572546,621193232
2020-06-24,16629291,609431965,51200,1268266,10070032,619501997
2020-06-29,14175325,608054861,41000,1239676,9669473,617724334
2020-06-30,15051525,598661496,80400,1270976,9977162,608638658
2020-07-01,14156158,593397473,151400,1389976,10953011,604350484
2020-07-02,14938767,578727895,89500,1408376,11464180,590192075
2020-07-03,38781034,583626067,34400,1262076,10765509,594391576
2020-07-06,73644611,597300090,118900,1288776,11818077,609118167
2020-07-07,87439371,603615090,169300,1317576,12055820,615670910
2020-07-08,40821483,606583562,109300,1289776,11865939,618449501
2020-07-09,45714305,611524850,100100,1325924,12344353,623869203
2020-07-10,79374587,644125173,187300,1027924,9662486,653787659
2020-07-13,69411436,641930253,89000,1056624,10249253,652179506
2020-07-14,52917879,637075065,112600,1108324,10506911,647581976
2020-07-15,43590402,624233545,115200,1118824,10047040,634280585
2020-07-16,50933486,644149512,67500,1061724,9247616,653397128
2020-07-17,30627895,647664529,49200,983624,8449330,656113859
2020-07-20,19527636,623805177,101200,989724,9105461,632910638
2020-07-21,18110185,626745419,108700,1030724,9389896,636135315
2020-07-22,20649832,622488744,104800,1108924,10224279,632713023
2020-07-23,33769807,639622296,69000,1164324,10583705,650206001
2020-07-24,30231708,641039205,75700,1192924,10426156,651465361
2020-07-27,17828077,646013951,84000,1246724,11108311,657122262
2020-07-28,26635135,646817740,114200,1313724,11968026,658785766
2020-07-29,31777594,647921670,136800,1393324,12372717,660294387
2020-07-30,50159071,638038908,130200,1449824,13468865,651507773
2020-07-31,66376251,673462952,163000,1505624,14122753,687585705
2020-08-03,92595956,689543220,180900,1633524,16857968,706401188
2020-08-04,171232563,726960489,198700,1780824,20212352,747172841
2020-08-05,151525868,705391678,1370200,3136124,37006263,742397941
2020-08-06,110854219,697123345,101100,2796724,31547047,728670392
2020-08-07,83108927,703902514,258900,2817024,31804201,735706715
2020-08-10,52193469,701917759,413000,3053924,34997969,736915728
2020-08-11,47973936,705194188,188300,3000824,33549213,738743401
2020-08-12,55996445,678809085,92100,2760524,29482396,708291481
2020-08-13,39016008,675935988,207300,2907224,31514309,707450297
2020-08-14,62729115,671067381,495300,3271624,37034784,708102165
2020-08-17,153810717,722092418,130300,2887024,35943449,758035867
2020-08-18,88257614,717212205,294389,2675202,33520281,750732486
2020-08-19,78766605,710945587,143600,2616702,31400424,742346011
2020-08-20,49328107,716690035,202700,2667741,31452666,748142701
2020-08-21,47264195,729778843,138800,2487741,29579240,759358083
2020-08-24,52287203,730455038,417002,2832543,34755303,765210341
2020-08-25,50442238,725757954,96600,2849727,33626778,759384732
2020-08-26,41539847,725763281,65336,2770767,31171130,756934411
2020-08-27,49926979,729612787,293300,3010367,33114037,762726824
2020-08-28,32438371,730061117,13200,2729793,30218808,760279925
2020-08-31,34311107,724608578,391000,3010893,33089715,757698293
2020-09-01,34166870,724451464,74300,3038293,34393477,758844941
2020-09-02,30634551,723474183,61600,2896093,32088710,755562893
2020-09-03,21107774,701750378,67700,2807793,30043386,731793764
2020-09-04,27076808,705722782,14300,2611179,27730720,733453502
2020-09-07,17249105,690990472,112500,2686479,27509546,718500018
2020-09-08,24769302,695092864,194115,2809377,29863678,724956542
2020-09-09,33214672,703970075,60200,2813675,29374767,733344842
2020-09-10,20494971,702394200,127200,2848275,28625165,731019365
2020-09-11,15764904,694367523,12600,2739216,27775651,722143174
2020-09-14,25651592,703618426,132700,2807651,28956521,732574947
2020-09-15,22141800,700692309,106200,2862775,29744232,730436541
2020-09-16,30161614,695725909,166000,3025475,32614622,728340531
2020-09-17,38271661,695026465,130800,2865946,31955297,726981762
2020-09-18,26811620,696984527,106700,2699262,30393690,727378217
2020-09-21,30670303,697819694,224400,2885762,32493680,730313374
2020-09-22,26736058,686587322,109100,2825362,30711684,717299006
2020-09-23,18064735,693931207,56000,2879262,30894481,724825688
2020-09-24,19109160,687152313,62600,2787262,28541563,715693876
2020-09-25,12683584,679211448,28700,2606662,26692219,705903667
2020-09-28,9148552,674059513,6700,2587562,25953246,700012759
2020-09-29,15344955,668646796,279400,2764262,29135322,697782118
2020-09-30,13176310,666646520,253200,3000962,31119976,697766496
2020-10-09,20638067,663876337,51000,2909162,32349882,696226219
2020-10-12,98794904,727385497,45300,2851462,32563696,759949193
2020-10-13,37207071,749065759,105900,2893962,33106925,782172684
2020-10-14,24320609,759171079,96800,2941562,32945495,792116574
2020-10-15,44404467,769846342,117200,2874362,32480292,802326634
2020-10-16,19218276,762039685,121931,2934993,32372972,794412657
2020-10-19,20224724,764653522,134100,3066593,33425865,798079387
2020-10-20,17412515,730098359,52600,3083293,34933709,765032068
2020-10-21,26722950,725245509,48400,2890793,32290159,757535668
2020-10-22,35347345,723774767,57100,2655762,28390094,752164861
2020-10-23,31918236,723017810,68400,2521862,25874304,748892114
2020-10-26,15500513,679014597,68700,2496862,25767615,704782212
2020-10-27,18381364,679280848,134000,1792862,18358907,697639755
2020-10-28,24889511,675490275,132700,1888162,19825703,695315978
2020-10-29,56358459,671830569,140668,1924051,21703296,693533865
2020-10-30,41183739,659339031,116200,1975151,21785915,681124946
2020-11-02,65713230,684982616,99300,2051351,23323861,708306477
2020-11-03,59994955,695831694,81300,2104351,23947515,719779209
2020-11-04,51167594,697710062,62200,2118351,24636422,722346484
2020-11-05,70513150,697606950,34400,2019617,24417169,722024119
2020-11-06,48953835,684025310,78400,2035717,24387890,708413200
2020-11-09,45948327,689084562,83900,1990317,23704676,712789238
2020-11-10,42824378,689882244,106600,2049817,24536310,714418554
2020-11-11,26991327,682840542,13200,1825549,21340666,704181208
2020-11-12,24580318,677679741,75300,1880949,21988292,699668033
2020-11-13,41207253,667603296,59100,1793449,21718668,689321964
2020-11-16,67095661,671626473,84800,1805549,23183250,694809723
2020-11-17,56767618,666241692,191438,1952487,24972309,691214001
2020-11-18,37281502,664729620,190123,1972410,25404640,690134260
2020-11-19,56827008,665438331,66300,1868387,23691147,689129478
2020-11-20,137736902,714790420,215100,1982687,27658482,742448902
2020-11-23,118844961,708650490,255877,2079164,29544920,738195410
2020-11-24,109154769,726720410,216600,2049964,28166506,754886916
2020-11-25,63086202,730355471,151530,2163394,29335623,759691094
2020-11-26,61900336,716563521,11500,1964164,25887682,742451203
2020-11-27,44274001,716094949,75700,1929149,25194686,741289635
2020-11-30,51133310,730381674,147000,1903449,24459320,754840994
2020-12-01,42940315,730213418,91900,1749049,23139918,753353336
2020-12-02,62251269,745071634,16900,1590974,20094002,765165636
2020-12-03,70192086,724319471,145800,1198439,14788737,739108208
2020-12-04,19144150,720237317,41500,1059692,13182569,733419886
2020-12-07,36997155,732525845,16500,946092,11835611,744361456
2020-12-08,21369094,727966804,38200,716561,8856694,736823498
2020-12-09,25197570,715110820,6500,699761,8376140,723486960
2020-12-10,16812487,713949994,47900,720861,8650332,722600326
2020-12-11,22734243,703260504,16000,713761,8400967,711661471
2020-12-14,17341466,681050019,8500,675361,7982767,689032786
2020-12-15,39838337,674587640,659700,1308261,16222437,690810077
2020-12-16,31196928,668790006,120200,1426161,17955367,686745373
2020-12-17,30427155,671043979,111500,1467561,18432566,689476545
2020-12-18,49026488,693719502,138200,1604661,20331055,714050557
2020-12-21,52656674,700148403,36800,1556961,20193785,720342188
2020-12-22,49986576,687447240,166500,1654161,20064973,707512213
2020-12-23,29185131,682045913,59100,1563861,18781971,700827884
2020-12-24,25787170,682229412,99000,1599261,19191132,701420544
2020-12-25,38555952,674230797,171900,1741764,20570232,694801029
2020-12-28,28824108,682702445,197104,1859762,22224156,704926601
2020-12-29,23137526,675387269,98600,1834762,21008025,696395294
2020-12-30,24950247,674514998,85339,1897801,21577998,696092996
2020-12-31,39024131,686169058,202186,1853910,21709286,707878344
2021-01-04,91088227,710939512,218300,1906046,24321146,735260658
2021-01-05,54762923,685988410,149900,1878796,23409798,709398208
2021-01-06,48871056,703789892,80400,1773640,21461045,725250937
2021-01-07,43241973,711771186,181000,1881640,21883473,733654659
2021-01-08,41387810,717616058,58900,1802540,19845965,737462023
2021-01-11,26264075,692122792,153000,1747350,19919790,712042582
2021-01-12,31367920,694852328,52500,1461350,16294051,711146379
2021-01-13,38308406,699118524,71569,1438892,15122755,714241279
2021-01-14,60855468,709989735,71100,1363892,15466535,725456270
2021-01-15,24905887,696183057,33800,1282992,14651768,710834825
2021-01-18,29413080,701261287,129600,1410292,15823476,717084763
2021-01-19,28868847,701791616,259200,1635792,17666553,719458169
2021-01-20,26997476,709629184,195700,1815692,19881827,729511011
2021-01-21,16129553,708205682,32000,1818392,20002312,728207994
2021-01-22,14437926,703713303,32500,1839492,19829724,723543027
2021-01-25,18486507,697912263,5400,1725047,18371750,716284013
2021-01-26,9005091,693627592,79500,1804547,18947746,712575338
2021-01-27,14211152,690794906,58800,1818047,19107674,709902580
2021-01-28,16031223,688711606,111800,1896947,19272981,707984587
2021-01-29,12504610,684413911,74300,1823347,18124070,702537981
2021-02-01,10888362,679112204,28500,1839547,18229911,697342115
2021-02-02,13517080,671834770,86200,1925747,19738907,691573677
2021-02-03,13497284,669640121,52400,1956947,20078277,689718398
2021-02-04,19538722,672579639,27200,1941747,18893197,691472836
2021-02-05,7282831,662922929,47700,1349747,13038556,675961485
2021-02-08,13041292,661216931,12000,1264547,12379916,673596847
2021-02-09,15063706,660553142,33800,1195047,11878768,672431910
2021-02-10,12461616,659351364,26600,1180747,12043620,671394984
2021-02-18,21024554,666599504,96500,1224647,12638357,679237861
2021-02-19,16179605,661072277,5500,1202247,12671683,673743960
2021-02-22,31597789,672916591,2400,1183447,12225008,685141599
2021-02-23,15144100,669706308,4100,1184647,12130787,681837095
2021-02-24,15551005,672164398,34300,1218947,12445448,684609846
2021-02-25,13004909,663987567,20700,1219847,12210669,676198236
2021-02-26,13109222,668458561,53800,1271347,12459200,680917761
2021-03-01,15792580,668034491,78200,1339547,13690170,681724661
2021-03-02,17142656,676998564,25500,1365047,13582217,690580781
2021-03-03,19274057,676917441,10700,1275947,13103977,690021418
2021-03-04,13174887,682279950,71500,1304247,13290277,695570227
2021-03-05,29046105,692002568,81300,1350247,14110081,706112649
2021-03-08,23808334,697548650,37900,1352047,14007207,711555857
2021-03-09,28315507,710424670,171900,1454947,14782261,725206931
2021-03-10,21468850,710691012,103700,1522947,15869107,726560119
2021-03-11,21609835,699153091,62000,1584847,16720136,715873227
2021-03-12,25502635,689957517,30300,1578998,16784747,706742264
2021-03-15,22362811,690748747,31900,1610595,17168943,707917690
2021-03-16,35096364,692297920,4800,1550395,17100857,709398777
2021-03-17,29918390,695399391,42200,1580695,17261189,712660580
2021-03-18,27320100,694427673,20300,1548095,17137412,711565085
2021-03-19,21915098,694493864,55700,1574295,16907928,711401792
2021-03-22,16678418,684565776,5000,1405495,15671269,700237045
2021-03-23,14973253,685458204,16500,1407495,15341696,700799900
2021-03-24,13766634,683484822,90300,1449995,15369947,698854769
2021-03-25,12478923,683682430,700,1335195,13979491,697661921
2021-03-26,12168962,681822292,84600,1413095,14950546,696772838
2021-03-29,32274781,687250357,135876,1420271,14344738,701595095
2021-03-30,16578128,680337700,36300,1367671,13704063,694041763
2021-03-31,8072946,679917889,26600,1382471,13741762,693659651
2021-04-01,13066409,678782693,221900,1589071,15763584,694546277
2021-04-02,12162482,673731093,51000,1632671,16147115,689878208
2021-04-06,5643622,672023547,48500,1678271,16765927,688789474
2021-04-07,6720400,672488853,86600,1764871,17525169,690014022
2021-04-08,12588984,672410050,12300,1769771,17272964,689683014
2021-04-09,8185637,670543372,34100,1786171,17307997,687851369
2021-04-12,7361731,668234392,19300,1796471,17228158,685462550
2021-04-13,13599162,674661345,0,1755071,16743377,691404722
2021-04-14,6754350,665709681,11800,1757695,17049642,682759323
2021-04-15,12035489,669773046,29700,1755780,16820373,686593419
2021-04-16,21893927,658732481,37600,1763480,18022765,676755246
2021-04-19,24866461,662624914,1400,1672328,17843739,680468653
2021-04-20,8694117,639851539,100600,1731728,19014374,658865913
2021-04-21,14655004,639119958,8500,1509572,16635483,655755441
2021-04-22,9682351,630648086,15900,1400687,15393550,646041636
2021-04-23,7523659,614609830,0,1318887,14389058,628998888
2021-04-26,10622090,609512481,15000,1289787,13774925,623287406
2021-04-27,9764676,609129595,34800,1316587,14034818,623164413
2021-04-28,12844829,609236279,26600,1290187,13701786,622938065
2021-04-29,8197177,610310650,31700,1317687,13822537,624133187
2021-04-30,15323796,609636963,40400,1339687,14294460,623931423
2021-05-06,31321249,620103583,103100,1442787,16101503,636205086
2021-05-07,22745678,627538685,381600,1734887,19396036,646934721
2021-05-10,18160945,614463003,42389,1728976,19226214,633689217
2021-05-11,16765115,609982942,55200,1564076,17736621,627719563
2021-05-12,25969028,618195161,136000,1668876,18975122,637170283
2021-05-13,19223278,618924519,99400,1567176,17552371,636476890
2021-05-14,11170478,610655739,11000,1490276,16765605,627421344
2021-05-17,35171046,622830484,45500,1507876,17219943,640050427
2021-05-18,20871277,625934321,29801,1435677,16151366,642085687
2021-05-19,19469299,630937482,25600,1333077,14917131,645854613
2021-05-20,15826705,627810995,10600,1335277,14754811,642565806
2021-05-21,7647698,621750287,5700,1316677,14562447,636312734
2021-05-24,25536181,627307104,42100,1327577,15081275,642388379
2021-05-25,19686795,632753219,94200,1402877,15824452,648577671
2021-05-26,19853407,636739018,63100,1421988,16096904,652835922
2021-05-27,17665591,641586032,78800,1469288,16411947,657997979
2021-05-28,21407799,628318178,38000,1474588,16810303,645128481
2021-05-31,48644901,646457658,44100,1391788,16450935,662908593
2021-06-01,39219043,656265024,46800,1356088,15595014,671860038
2021-06-02,29250960,658995536,90700,1252256,14025267,673020803
2021-06-03,12048329,655537099,20000,1184556,13278872,668815971
2021-06-04,19850018,644953043,57900,1046356,11740114,656693157
2021-06-07,22114877,642098937,66200,984156,10628885,652727822
2021-06-08,76047067,627519846,52700,907787,10784509,638304355
2021-06-09,71684865,637427926,9900,667400,7895342,645323268
2021-06-10,47787561,631211226,32300,629100,7637274,638848500
2021-06-11,35141882,633699912,21900,599000,7140080,640839992
2021-06-15,18971605,629300416,51900,632200,7554790,636855206
2021-06-16,23155997,624981698,135935,698735,7979554,632961252
2021-06-17,16266763,619791658,128900,798300,9028773,628820431
2021-06-18,26284238,621830310,239100,1022800,12079268,633909578
2021-06-21,18649432,623419289,120000,1098800,12910900,636330189
2021-06-22,32990497,629190648,183700,1229100,14687745,643878393
2021-06-23,33301668,630006320,210499,1377599,16462308,646468628
2021-06-24,24698974,629425515,203200,1555199,18413556,647839071
2021-06-25,19899309,625887442,152600,1653099,19440444,645327886
2021-06-28,40084488,621902909,245600,1806699,21842991,643745900
2021-06-29,27242426,624962843,187100,1930199,22969368,647932211
2021-06-30,20180372,620826718,133359,1965558,23743941,644570659
2021-07-01,27008116,616560289,62800,1954400,22475600,639035889
2021-07-02,13410898,612660644,28800,1957300,22117490,634778134
2021-07-05,15618836,612334200,69800,1976600,22691368,635025568
2021-07-06,20638788,621542080,38100,1771800,20109930,641652010
2021-07-07,52536546,602216882,181400,1851900,22908003,625124885
2021-07-08,44704224,609057863,40900,1344900,16394331,625452194
2021-07-09,53125929,611700836,81900,1405400,18017228,629718064
2021-07-12,61599713,631806457,73600,1415100,18226488,650032945
2021-07-13,108173412,653103570,162245,1543145,21063929,674167499
2021-07-14,55398606,638163471,49200,1559845,21666247,659829718
2021-07-15,72586218,626239138,289000,1776745,27148664,653387802
2021-07-16,87094180,650186670,335900,1988445,29051181,679237851
2021-07-19,56904651,669640419,107219,2042464,29901673,699542092
2021-07-20,28844942,660883923,88000,2074464,30349408,691233331
2021-07-21,38819906,645671324,89200,2144964,31724018,677395342
2021-07-22,54566535,655033406,83500,2196264,32504707,687538113
2021-07-23,60738484,660137701,178500,2299245,34534660,694672361
2021-07-26,35243397,626703418,47700,2108945,30832776,657536194
2021-07-27,55319828,626798116,94700,1813645,25463576,652261692
2021-07-28,32243765,607043101,20100,1649245,22281300,629324401
2021-07-29,29430877,585721721,83700,1685645,24087867,609809588
2021-07-30,40423086,598186049,247600,1879545,27554130,625740179
2021-08-02,64102368,613146376,81700,1872645,28557836,641704212
2021-08-03,45946941,611519137,55600,1798675,26692337,638211474
2021-08-04,80762285,641036506,124800,1892875,29850639,670887145
2021-08-05,68146431,656936576,131300,1972675,31424713,688361289
2021-08-06,57192051,660336510,273700,2215875,35010825,695347335
2021-08-09,46437508,660982636,41500,1968175,30427986,691410622
2021-08-10,48667902,666252332,273990,2214265,34409678,700662010
2021-08-11,38557556,655742052,171600,2295965,34990507,690732559
2021-08-12,32046836,635944117,165000,2410465,37145265,673089382
2021-08-13,63303166,641953157,93400,2447865,38431481,680384638
2021-08-16,57882655,636089447,202200,2558065,39215137,675304584
2021-08-17,39003567,639256072,67800,2518265,37018496,676274568
2021-08-18,23080391,632989026,52800,2520965,37184235,670173261
2021-08-19,20154228,616330434,15100,2480165,36929657,653260091
2021-08-20,28001519,617409819,48800,2326165,34497027,651906846
2021-08-23,41702154,609350458,60200,2354865,36782992,646133450
2021-08-24,42760798,620277093,18700,2326165,35590325,655867418
2021-08-25,36925618,621955233,123256,2348421,35273284,657228517
2021-08-26,28352925,613210166,42200,2390621,35596347,648806513
2021-08-27,55267058,605344324,25300,2354021,37217071,642561395
2021-08-30,71566763,631182057,51200,2375821,38488300,669670357
2021-08-31,113188513,624828813,86885,2435906,43407845,668236658
2021-09-01,111966372,612740695,215400,2499806,45271487,658012182
2021-09-02,52925988,588706706,140600,2545206,47086312,635793018
2021-09-03,37128479,576434158,51500,2490306,44227834,620661992
2021-09-06,34445858,585045200,49800,2226406,38962106,624007306
2021-09-07,48765470,594465533,111300,2305206,40940458,635405991
2021-09-08,56566696,604447990,38300,2317006,40593945,645041935
2021-09-09,48503192,611775863,43500,2263242,39900956,651676819
2021-09-10,48671603,582938691,225400,2277442,38830387,621769078
2021-09-13,32393010,586681496,128600,2311642,39066750,625748246
2021-09-14,26588730,589153790,149129,2388571,40486278,629640068
2021-09-15,48522934,604409131,104300,2439107,41928250,646337381
2021-09-16,67540351,621131092,91300,2458307,40291652,661422744
2021-09-17,31928724,617845120,111300,2453307,40136102,657981222
2021-09-22,22850535,608198834,74100,2429491,39090510,647289344
2021-09-23,18380031,602156355,162900,2522691,40892822,643049177
2021-09-24,15844605,601150794,75000,2491426,39987388,641138182
2021-09-27,32091347,604502564,68000,2465926,38172534,642675098
2021-09-28,10856341,597756456,33900,2469326,37533754,635290210
2021-09-29,21012396,594141149,34900,2459226,35781739,629922888
2021-09-30,19836479,589467235,57442,2263868,33143028,622610263
2021-10-08,14527752,591556256,63700,2288068,33817645,625373901
2021-10-11,13817149,592997987,117800,2349768,34447599,627445586
2021-10-12,12789029,592507859,96900,2368468,33632245,626140104
2021-10-13,19330710,583217387,112810,2425078,36885437,620102824
2021-10-14,30825101,580322647,257500,2572568,41778505,622101152
2021-10-15,47613827,600498102,128858,2479019,37681088,638179190
2021-10-18,20130181,588977568,75700,2434219,38168554,627146122
2021-10-19,23595952,593017746,57600,2368219,37133674,630151420
2021-10-20,35353180,606696416,84300,2375119,37978153,644674569
2021-10-21,28113471,604085278,55100,2381019,37334378,641419656
2021-10-22,28813023,606130313,93000,2416619,37916752,644047065
2021-10-25,61726892,640776233,83600,2440084,39895375,680671608
2021-10-26,51741366,662061463,63900,2395984,39102459,701163922
2021-10-27,20533601,645531984,64600,2404384,39071240,684603224
2021-10-28,57426307,646307962,181500,2521584,41807862,688115824
2021-10-29,66300023,666547128,132900,2587284,44475413,711022541
2021-11-01,117718708,717091828,173200,2718484,45072464,762164292
2021-11-02,82567739,732950404,61400,2699184,44482552,777432956
2021-11-03,80675295,701928901,101900,2767384,47571332,749500233
2021-11-04,87252589,721239337,66600,2786284,50125249,771364586
2021-11-05,49655544,700397707,58200,2587184,46077746,746475453
2021-11-08,47273953,713464952,52967,2597051,46746918,760211870
2021-11-09,59941258,719436501,56700,2570151,46288420,765724921
2021-11-10,62260196,714987735,79100,2431251,44175831,759163566
2021-11-11,57139823,711055233,46200,2234451,39527438,750582671
2021-11-12,60423666,710085410,255900,2381051,43263697,753349107
2021-11-15,112200072,726632246,159800,2330751,43258738,769890984
2021-11-16,71415427,721226505,30900,2216451,39984776,761211281
2021-11-17,58053020,720174659,74300,2266751,41390873,761565532
2021-11-18,87238245,742937087,169192,2315643,39458557,782395644
2021-11-19,40283669,692688224,234300,2437043,43964256,736652480
2021-11-22,70072996,680015486,205500,2546443,49808425,729823911
2021-11-23,60622032,657702563,149000,2457443,49075136,706777699
2021-11-24,57336903,632945657,224000,2459095,49599946,682545603
2021-11-25,56858614,668121263,69500,2426695,48364031,716485294
2021-11-26,73868081,680855328,375899,2668694,55962513,736817841
2021-11-29,172360221,720458627,225834,2713328,62596477,783055104
2021-11-30,167388909,736212867,224200,2584283,61169978,797382845
2021-12-01,145631645,806526671,97551,2345598,52822868,859349539
2021-12-02,89920928,793119014,65900,1944357,42736967,835855981
2021-12-03,146205521,870846709,92800,1780257,39824349,910671058
2021-12-06,85364491,803461146,71400,1613890,35295775,838756921
2021-12-07,227583094,914015349,70800,1300191,27134987,941150336
2021-12-08,104963328,829623550,65900,1239091,26144820,855768370
2021-12-09,55408325,796567351,66800,1246691,26030908,822598259
2021-12-10,56663028,801794360,28300,1204991,25437360,827231720
2021-12-13,79283097,826405674,46000,1230791,26462007,852867681
2021-12-14,49130931,837502279,146700,1334791,28484440,865986719
2021-12-15,47838821,849258837,178500,1466891,31112758,880371595
2021-12-16,35870645,826800669,125200,1464691,30538807,857339476
2021-12-17,44191264,806640834,80200,1297891,26463997,833104831
2021-12-20,47664104,828733817,136834,1371525,27293348,856027165
2021-12-21,61835002,723707557,175200,1406765,29316983,753024540
2021-12-22,90713284,746227795,117901,1430266,31122588,777350383
2021-12-23,72258628,735640978,220307,1454073,32905672,768546650
2021-12-24,89070082,755662034,220700,1448572,32520441,788182475
2021-12-27,69131853,767862930,103300,1363072,29210634,797073564
2021-12-28,52233265,756779139,158100,1432038,32063331,788842470
2021-12-29,38068926,749021668,175900,1534038,34485174,783506842
2021-12-30,40483628,758928382,89800,1558338,34626271,793554653
2021-12-31,32812967,751047057,65200,1557838,33976447,785023504
2022-01-04,56806981,729053957,65800,1576538,32287498,761341455
2022-01-05,43246026,730823640,163800,1547238,30898343,761721983
2022-01-06,27082530,706491008,68700,1539338,31864297,738355305
2022-01-07,27238574,670314572,78650,1558388,32383302,702697874
2022-01-10,28300199,647588673,58700,1309888,28372175,675960848
2022-01-11,36867670,661347273,85900,1360451,28433426,689780699
2022-01-12,35143165,645262313,254400,1457288,32424659,677686972
2022-01-13,51641216,638864727,154400,1544988,34638631,673503358
2022-01-14,126271100,663810491,172400,1627888,39720468,703530959
2022-01-17,84658336,668170429,232100,1735788,44488247,712658676
2022-01-18,53220842,667788241,256200,1894088,48640180,716428421
2022-01-19,79601503,700929792,134528,1799616,44666470,745596262
2022-01-20,83004275,715410828,105900,1758016,40223406,755634234
2022-01-21,44491984,720421784,192913,1821029,41282729,761704513
2022-01-24,44644215,704843695,314100,1994416,46350229,751193924
2022-01-25,29839150,695047627,243021,2110716,48229861,743277488
2022-01-26,38871196,693737084,124700,2038516,45886995,739624079
2022-01-27,52423917,681803135,187700,1785285,37508838,719311973
2022-01-28,34959673,626987565,188887,1548272,30733200,657720765
2022-02-07,52390708,651586639,195523,1655295,31616135,683202774
2022-02-08,49922687,646270783,130200,1640095,29570914,675841697
2022-02-09,48853596,653555417,350896,1899491,36508218,690063635
2022-02-10,36660740,652254297,224700,1967691,37897729,690152026
2022-02-11,29335749,644842425,133100,1921345,35122187,679964612
2022-02-14,31458626,647969013,128601,1951968,35135424,683104437
2022-02-15,50106065,655105027,194766,2047933,39729900,694834927
2022-02-16,37758400,642178659,111306,1994641,39055071,681233730
2022-02-17,46118149,649394362,128128,2004947,39477406,688871768
2022-02-18,40495202,665957178,90000,2004047,38597945,704555123
2022-02-21,36731350,670446406,83200,1949809,37280347,707726753
2022-02-22,38107191,682422958,130300,1954453,37056429,719479387
2022-02-23,47112869,672256546,134611,1769620,35427792,707684338
2022-02-24,47680868,667812459,558633,1657390,32567713,700380172
2022-02-25,67921121,678723785,99372,1589051,32003488,710727273
2022-02-28,39648132,668345331,168600,1440897,29408707,697754038
2022-03-01,42432945,675639571,207761,1532498,30987109,706626680
2022-03-02,27024753,664474300,96191,1506971,29521563,693995863
2022-03-03,179452644,791729385,448931,1736719,30618355,822347740
2022-03-04,84575866,765969134,274400,1541909,24809316,790778450
2022-03-07,56990201,789787819,242769,1457178,22498828,812286647
2022-03-08,40510300,777563170,352200,1566547,24171821,801734991
2022-03-09,41228239,759445048,378166,1653513,26439674,785884722
2022-03-10,107878274,808900144,372900,1759850,28791146,837691290
2022-03-11,26882101,805208708,90800,1559781,25424431,830633139
2022-03-14,24620340,745977969,153000,1455277,22775086,768753055
2022-03-15,33027026,712930086,344500,1589877,23848155,736778241
2022-03-16,52678214,718833474,206000,1631781,26075860,744909334
2022-03-17,62380275,706989315,159000,1339691,22238870,729228185
2022-03-18,44292621,713770849,276013,1494304,24252555,738023404
2022-03-21,43325964,725317001,321200,1678598,27176502,752493503
2022-03-22,38401543,732980644,208500,1489298,23605374,756586018
2022-03-23,33534759,723439900,147200,1528898,24385924,747825824
2022-03-24,27370008,724086322,242500,1538998,23992979,748079301
2022-03-25,24863590,716205794,196000,1447435,21856269,738062063
2022-03-28,18505867,704472860,192200,1373622,20274661,724747521
2022-03-29,17903579,705102155,209300,1209651,17491554,722593709
2022-03-30,39584052,692201311,210200,1053751,16522815,708724126
2022-03-31,28715320,698040204,214000,1147551,17224740,715264944
2022-04-01,21767997,698370053,142900,1173551,17474174,715844227
2022-04-06,36113360,718106893,152000,1218751,17525640,735632533
2022-04-07,27417313,727005258,101700,1251951,17639990,744645248
2022-04-08,16709769,709029826,92300,1149551,15817822,724847648
2022-04-11,16915319,695363243,101300,1022951,13124461,708487704
2022-04-12,13283192,691527001,241400,1176551,15565770,707092771
2022-04-13,10750045,684854143,89100,1101951,14093954,698948097
2022-04-14,16905386,684839726,71400,1070751,13951885,698791611
2022-04-15,38980703,682619077,380798,1281249,17783736,700402813
2022-04-18,57401020,707980768,608132,1767881,24874085,732854853
2022-04-19,34335176,708851630,253900,1623781,22164612,731016242
2022-04-20,16572372,707593365,187800,1717681,23051280,730644645
2022-04-21,13006669,701656968,168200,1591481,20514190,722171158
2022-04-22,14338377,699962869,209000,1623481,20114931,720077800
2022-04-25,20784102,684805420,250200,1283781,14326997,699132417
2022-04-26,18184013,658052042,176706,1229087,13138940,671190982
2022-04-27,20205353,651155275,275178,1339559,15297765,666453040
2022-04-28,14138600,645294910,135800,1332159,14800287,660095197
2022-04-29,20548941,637297337,209300,1361359,16172944,653470281
2022-05-05,34469683,644311508,106208,1284867,15996596,660308104
2022-05-06,28283747,639892426,475874,1656241,20421452,660313878
2022-05-09,24535297,648440418,114600,1585541,18963072,667403490
2022-05-10,20880692,634946441,201700,1426629,17989791,652936232
2022-05-11,86707535,673183765,307100,1425829,18906493,692090258
2022-05-12,29236083,679031365,356343,1547293,20517106,699548471
2022-05-13,35993999,655618501,419600,1644593,23106531,678725032
2022-05-16,37254379,637247326,281208,1687817,22954311,660201637
2022-05-17,36443873,647948799,271900,1556917,21578869,669527668
2022-05-18,48523238,656368278,356106,1491287,20848192,677216470
2022-05-19,18534279,642187299,287400,1390187,19615540,661802839
2022-05-20,20696915,633712942,195259,1380240,19599408,653312350
2022-05-23,67581154,664609241,289583,1443223,21258675,685867916
2022-05-24,41952423,640515758,328718,1331900,18686556,659202314
2022-05-25,32691994,645364046,378500,1296257,18627214,663991260
2022-05-26,18595164,635888331,124700,1109157,15705662,651593993
2022-05-27,20721991,635580040,413600,1332257,18918049,654498089
2022-05-30,39062173,639162771,349000,1493657,22091188,661253959
2022-05-31,27398682,636724136,187800,1390635,20414522,657138658
2022-06-01,44667069,650002725,230210,1234201,18364911,668367636
2022-06-02,50504032,653782169,159100,967162,15377876,669160045
2022-06-06,102271752,695423421,237000,980256,16272249,711695670
2022-06-07,43292340,695416429,120300,803152,12874526,708290955
2022-06-08,74466816,727572941,263200,871552,14546203,742119144
2022-06-09,59374816,749920248,160400,895567,13917111,763837359
2022-06-10,50435347,719860908,40900,650967,11125026,730985934
2022-06-13,115943990,696676339,228000,819067,14513867,711190206
2022-06-14,111347482,697816918,201600,889367,16764568,714581486
2022-06-15,94632503,682909247,42500,862567,15897110,698806357
2022-06-16,76679073,711941346,325000,1165767,21543373,733484719
2022-06-17,69885200,704375706,41600,1193267,22910726,727286432
2022-06-20,78616384,702206750,124900,1176067,22086539,724293289
2022-06-21,61379662,710119861,78800,1147667,20887539,731007400
