日期,融资买入额(元),融资余额(元),融券卖出量,融券余量,融券余额(元),融资融券余额(元)
2017-07-12,34878044,850089313,0,0,0,850089313
2017-07-13,51608078,837946863,1100,1100,6864,837953727
2017-07-14,29253421,838563377,0,0,0,838563377
2017-07-17,46937148,836347102,0,0,0,836347102
2017-07-18,24310423,831647589,0,0,0,831647589
2017-07-19,44137124,821727697,1100,1100,6886,821734583
2017-07-20,47586806,829201270,0,0,0,829201270
2017-07-21,55751355,843859199,0,0,0,843859199
2017-07-24,40571857,839113143,0,0,0,839113143
2017-07-25,33388039,827968474,0,0,0,827968474
2017-07-26,36840406,827188315,1100,1100,6787,827195102
2017-07-27,62413089,837662173,0,1100,6985,837669158
2017-07-28,48326288,839642881,0,1100,7029,839649910
2017-07-31,116908670,818059578,0,1100,7194,818066772
2017-08-01,69429517,826806846,0,1100,7150,826813996
2017-08-02,60331752,833935727,0,1100,7084,833942811
2017-08-03,33112472,829500588,0,300,1941,829502529
2017-08-04,76925488,831776272,0,300,1926,831778198
2017-08-07,44593821,831030671,0,300,1941,831032612
2017-08-08,65060711,823448293,800,1100,6996,823455289
2017-08-09,27993076,824504576,0,100,640,824505216
2017-08-10,40688618,818353735,0,100,635,818354370
2017-08-11,51922215,822033326,0,100,622,822033948
2017-08-14,36270734,822599607,0,100,627,822600234
2017-08-15,26076765,824144346,0,100,627,824144973
2017-08-16,25971815,831529948,0,100,628,831530576
2017-08-17,26183490,836539217,0,100,628,836539845
2017-08-18,24100683,839784444,0,100,626,839785070
2017-08-21,39686814,836443608,2300,2400,15408,836459016
2017-08-22,32120689,832221349,0,100,630,832221979
2017-08-23,29173352,837441767,0,0,0,837441767
2017-08-24,10494437,828988962,0,0,0,828988962
2017-08-25,32412358,833705867,0,0,0,833705867
2017-08-28,33532595,819918838,0,0,0,819918838
2017-08-29,28743956,826235059,0,0,0,826235059
2017-08-30,61655221,848127224,0,0,0,848127224
2017-08-31,44068284,846646074,0,0,0,846646074
2017-09-01,55771890,844405602,0,0,0,844405602
2017-09-04,99116671,873664013,0,0,0,873664013
2017-09-05,65854258,883200309,0,0,0,883200309
2017-09-06,52202236,902294321,500,500,3235,902297556
2017-09-07,26848586,897720160,0,0,0,897720160
2017-09-08,91239392,901492652,0,0,0,901492652
2017-09-11,130495013,906254456,59900,59900,410914,906665370
2017-09-12,94161333,908436475,0,0,0,908436475
2017-09-13,76210579,912546719,3300,3300,22902,912569621
2017-09-14,66114719,908093220,0,3300,22473,908115693
2017-09-15,49869332,898590430,0,0,0,898590430
2017-09-18,37179377,898452822,0,0,0,898452822
2017-09-19,47120136,901606325,0,0,0,901606325
2017-09-20,40048003,905169796,0,0,0,905169796
2017-09-21,76544397,917007288,0,0,0,917007288
2017-09-22,46369337,918928587,0,0,0,918928587
2017-09-25,49130179,928972190,0,0,0,928972190
2017-09-26,145348337,1005595592,0,0,0,1005595592
2017-09-27,110203866,1011617440,0,0,0,1011617440
2017-09-28,113960916,1022580014,0,0,0,1022580014
2017-09-29,92716994,964058874,0,0,0,964058874
2017-10-09,100201597,1001746714,0,0,0,1001746714
2017-10-10,80081750,1012508075,0,0,0,1012508075
2017-10-11,89645552,1002990659,3900,3900,27573,1003018232
2017-10-12,67810857,994699298,0,0,0,994699298
2017-10-13,45514272,1014171519,0,0,0,1014171519
2017-10-16,66464623,1029052214,3900,3900,27378,1029079592
2017-10-17,48082981,1034750912,0,3900,27027,1034777939
2017-10-18,61433735,1015433336,0,3900,26247,1015459583
2017-10-19,55959310,999778159,0,0,0,999778159
2017-10-20,39639348,999852446,0,0,0,999852446
2017-10-23,31612516,994548782,0,0,0,994548782
2017-10-24,29399767,991075418,0,0,0,991075418
2017-10-25,32373101,991557608,0,0,0,991557608
2017-10-26,47584153,995772343,0,0,0,995772343
2017-10-27,32035650,987886381,0,0,0,987886381
2017-10-30,46200923,989201595,0,0,0,989201595
2017-10-31,26960935,978476989,0,0,0,978476989
2017-11-01,18061461,962478195,0,0,0,962478195
2017-11-02,21475728,954103256,0,0,0,954103256
2017-11-03,45521563,949591989,3000,3000,19170,949611159
2017-11-06,35796322,952730255,0,3000,19380,952749635
2017-11-07,30893048,943562453,0,3000,19380,943581833
2017-11-08,34666825,941737667,0,3000,19290,941756957
2017-11-09,22055661,925878136,0,3000,19260,925897396
2017-11-10,19394919,921877144,0,3000,19080,921896224
2017-11-13,34620336,931215791,0,3000,19170,931234961
2017-11-14,31609177,930465701,0,3000,19170,930484871
2017-11-15,17441109,927105285,0,3000,18870,927124155
2017-11-16,15260936,919874380,0,3000,18840,919893220
2017-11-17,30847956,913449342,0,3000,17940,913467282
2017-11-20,21964206,919623421,900,3900,23361,919646782
2017-11-21,17202222,914526065,0,3000,17820,914543885
2017-11-22,14643944,912227111,0,3000,17970,912245081
2017-11-23,16272691,911777373,0,3000,17550,911794923
2017-11-24,14080108,914941053,0,3000,17610,914958663
2017-11-27,9649227,911051080,0,3000,17430,911068510
2017-11-28,13387267,905271748,0,3000,17760,905289508
2017-11-29,31331928,900001752,0,3000,18300,900020052
2017-11-30,22717239,897912179,0,3000,18060,897930239
2017-12-01,13658699,897280331,0,3000,18120,897298451
2017-12-04,11474449,897711320,0,3000,17910,897729230
2017-12-05,23768222,890717949,0,3000,17370,890735319
2017-12-06,13234796,890841953,0,3000,17610,890859563
2017-12-07,9066793,891360252,0,3000,17520,891377772
2017-12-08,12800263,892008856,0,3000,17760,892026616
2017-12-11,17803887,892958405,0,3000,17790,892976195
2017-12-12,17633720,897344891,0,3000,17400,897362291
2017-12-13,17384226,904121068,0,3000,17550,904138618
2017-12-14,9823315,888595819,0,3000,17460,888613279
2017-12-15,9129434,886336457,0,3000,17370,886353827
2017-12-18,15034299,888716553,0,3000,17190,888733743
2017-12-19,12965467,889476105,0,3000,17400,889493505
2017-12-20,12624805,889795397,0,3000,17130,889812527
2017-12-21,15446679,891588780,0,3000,17310,891606090
2017-12-22,5619774,887609719,0,3000,17250,887626969
2017-12-25,10114262,888582721,0,3000,16950,888599671
2017-12-26,12329928,884718975,0,3000,17100,884736075
2017-12-27,12139434,879171175,0,3000,17100,879188275
2017-12-28,14448736,883477677,0,3000,17250,883494927
2017-12-29,15937243,882768603,0,3000,17670,882786273
2018-01-02,20341331,878370192,0,3000,17940,878388132
2018-01-03,21804997,879683504,0,3000,17910,879701414
2018-01-04,10910942,872763113,0,3000,18000,872781113
2018-01-05,30141975,871681320,0,2800,16912,871698232
2018-01-08,47021955,888117324,0,2800,17136,888134460
2018-01-09,14024748,879838639,0,2800,17080,879855719
2018-01-10,25434948,872320283,0,2800,16828,872337111
2018-01-11,17250404,874562860,0,2800,16828,874579688
2018-01-12,23026786,872798481,0,2800,16940,872815421
2018-01-15,23692022,876582491,0,2800,16632,876599123
2018-01-16,13484374,872655896,0,2800,16968,872672864
2018-01-17,25327251,878640385,0,2800,16856,878657241
2018-01-18,25665780,880459423,0,2800,17164,880476587
2018-01-19,52596143,887229436,0,2800,17556,887246992
2018-01-22,46404581,908819961,0,2800,17612,908837573
2018-01-23,34600686,911791682,0,2800,17388,911809070
2018-01-24,26429829,916960687,0,2800,17388,916978075
2018-01-25,48653768,923651074,0,2800,17388,923668462
2018-01-26,44843773,935371726,0,2800,17500,935389226
2018-01-29,60659065,940645509,900,3700,23532,940669041
2018-01-30,28020548,936809006,0,2800,17724,936826730
2018-01-31,35675625,928739629,0,2800,17220,928756849
2018-02-01,38653264,933121052,0,2800,16520,933137572
2018-02-02,29413116,927691865,0,2800,16940,927708805
2018-02-05,29249120,922452763,0,2800,17528,922470291
2018-02-06,46656422,932114178,0,2800,16520,932130698
2018-02-07,57471586,938828032,0,2800,17136,938845168
2018-02-08,33784360,930178881,0,2800,17052,930195933
2018-02-09,38888942,931298418,0,2800,15652,931314070
2018-02-12,12154310,927835575,1100,3900,22191,927857766
2018-02-13,12124696,922922239,0,2800,16044,922938283
2018-02-14,7779758,911265819,0,2800,16128,911281947
2018-02-22,16048236,906873971,0,2800,16380,906890351
2018-02-23,31868395,909494073,0,2800,16940,909511013
2018-02-26,33411915,906711453,500,3300,20295,906731748
2018-02-27,37397924,913423244,0,3300,20427,913443671
2018-02-28,70892367,934926935,0,3300,20493,934947428
2018-03-01,34198278,927274618,0,3300,20559,927295177
2018-03-02,51689321,942872324,0,3300,20625,942892949
2018-03-05,25350534,935532680,600,3900,24180,935556860
2018-03-06,68590894,960308229,0,3900,24921,960333150
2018-03-07,48058791,954668391,0,3400,21080,954689471
2018-03-08,50690177,968218194,0,3400,21454,968239648
2018-03-09,47595626,964977141,0,3400,21250,964998391
2018-03-12,58743658,968913034,0,3400,21454,968934488
2018-03-13,35619459,967597648,0,3400,21012,967618660
2018-03-14,17281886,963538050,0,3400,20978,963559028
2018-03-15,35973669,962881080,0,2800,16940,962898020
2018-03-16,22637029,962070187,0,2800,16660,962086847
2018-03-19,12189817,952579518,0,2800,16716,952596234
2018-03-20,15889994,952268148,0,2800,16744,952284892
2018-03-21,23219874,955712362,0,2800,16548,955728910
2018-03-22,18674540,956795801,0,2800,16436,956812237
2018-03-23,28696508,918575914,0,2800,15540,918591454
2018-03-26,14330979,913203106,0,2800,15792,913218898
2018-03-27,26120241,920978802,0,2800,15932,920994734
2018-03-28,14211596,920536128,0,2800,15764,920551892
2018-03-29,19038386,924429837,0,2800,16044,924445881
2018-03-30,11111209,917518975,0,2800,16072,917535047
2018-04-02,16882441,915592540,0,2800,15876,915608416
2018-04-03,12157626,913760329,0,2800,15708,913776037
2018-04-04,10938088,907613391,0,2800,15708,907629099
2018-04-09,6983447,909294466,0,2800,15652,909310118
2018-04-10,15544235,909576759,0,2800,16044,909592803
2018-04-11,19159425,904373055,0,2800,16100,904389155
2018-04-12,15379174,903388259,0,2800,15876,903404135
2018-04-13,8712897,903803889,0,2800,15848,903819737
2018-04-16,11638277,906338417,0,2800,15708,906354125
2018-04-17,12628524,904815450,0,2800,15596,904831046
2018-04-18,14599693,907622748,0,2800,15848,907638596
2018-04-19,9239636,906458166,0,2800,15904,906474070
2018-04-20,10528754,899871883,0,2800,15428,899887311
2018-04-23,6713903,893958577,0,2800,15428,893974005
2018-04-24,11570092,889799486,0,2800,15680,889815166
2018-04-25,9181388,890890540,0,2800,15624,890906164
2018-04-26,11228793,876856441,0,2800,15120,876871561
2018-04-27,12172915,873064055,0,2800,14896,873078951
2018-05-02,35152270,847697044,100,2900,13891,847710935
2018-05-03,18931671,837426626,0,2900,13746,837440372
2018-05-04,8692460,830819647,1000,3900,18369,830838016
2018-05-07,27656229,842208114,0,2900,14007,842222121
2018-05-08,16149987,845076182,0,2900,14007,845090189
2018-05-09,9657920,846293010,0,2900,13949,846306959
2018-05-10,9150392,841122201,1000,3900,18837,841141038
2018-05-11,6928407,839226145,0,100,481,839226626
2018-05-14,9402834,832350609,0,100,474,832351083
2018-05-15,8025477,829814312,0,100,478,829814790
2018-05-16,7788883,823745363,3000,3100,14663,823760026
2018-05-17,6846004,822004142,0,3100,14601,822018743
2018-05-18,11138377,820272580,0,3100,14787,820287367
2018-05-21,23603624,821860539,0,3100,14942,821875481
2018-05-22,10077157,823655568,0,3100,14973,823670541
2018-05-23,8557271,817503841,0,3100,14632,817518473
2018-05-24,14439773,807860646,0,3100,14725,807875371
2018-05-25,9009634,803198699,0,3100,14384,803213083
2018-05-28,5522900,800068671,800,3900,18018,800086689
2018-05-29,8615135,801722482,0,3800,17366,801739848
2018-05-30,14858201,789305324,0,3800,16340,789321664
2018-05-31,5227420,784779116,0,3800,16644,784795760
2018-06-01,4556348,780246510,0,3800,16492,780263002
2018-06-04,8989163,781729721,0,3800,16758,781746479
2018-06-05,4721739,778006840,0,3800,16872,778023712
2018-06-06,3857559,776295543,0,3800,16682,776312225
2018-06-07,4366527,774625068,0,3800,16644,774641712
2018-06-08,9739683,765509638,0,3800,16112,765525750
2018-06-11,3329841,757448673,0,3800,15960,757464633
2018-06-12,3223367,752418310,0,3800,16036,752434346
2018-06-13,4243785,746784467,0,3800,15542,746800009
2018-06-14,5572909,738289920,0,3800,15352,738305272
2018-06-15,11539750,736878107,0,3800,15124,736893231
2018-06-19,13925658,696782802,0,3800,13604,696796406
2018-06-20,12433171,690668406,100,3900,14118,690682524
2018-06-21,9770405,687176970,0,3900,14040,687191010
2018-06-22,7980727,688990084,0,3900,14391,689004475
2018-06-25,4944253,683814951,0,3900,14157,683829108
2018-06-26,4699569,678670469,0,3900,14391,678684860
2018-06-27,22673037,675993887,0,3900,15327,676009214
2018-06-28,20011013,685550899,0,3900,14820,685565719
2018-06-29,15881760,684655679,0,3900,15288,684670967
2018-07-02,10771496,679254327,0,3900,15132,679269459
2018-07-03,9829381,677515180,0,3900,15288,677530468
2018-07-04,7567974,673218672,0,3900,14820,673233492
2018-07-05,5578364,670163194,0,3100,11346,670174540
2018-07-06,9229796,669080204,0,3100,11470,669091674
2018-07-09,7726193,669495984,0,3100,11687,669507671
2018-07-10,13466963,673052343,0,3100,11997,673064340
2018-07-11,6905522,665036034,0,3100,11656,665047690
2018-07-12,13819315,669555100,0,3000,11580,669566680
2018-07-13,8122055,670163511,30000,33000,127380,670290891
2018-07-16,6124631,670793872,0,3000,11490,670805362
2018-07-17,5735950,670700422,0,3000,11460,670711882
2018-07-18,2001362,665877216,0,3000,11460,665888676
2018-07-19,6678908,666027049,0,3000,11190,666038239
2018-07-20,6281048,660569074,0,3000,11310,660580384
2018-07-23,8477857,659750081,0,3000,11520,659761601
2018-07-24,18151307,664097275,0,3000,11940,664109215
2018-07-25,10582388,664216985,0,3000,11820,664228805
2018-07-26,11848991,664320999,0,3000,11940,664332939
2018-07-27,11665665,665744893,0,3000,11730,665756623
2018-07-30,9508499,664328708,0,3000,11580,664340288
2018-07-31,5209220,665683029,0,3000,11580,665694609
2018-08-01,10095105,664020830,0,3000,11490,664032320
2018-08-02,10562639,661462575,0,3000,11190,661473765
2018-08-03,4464450,660934515,0,3000,11010,660945525
2018-08-06,6367565,658477213,0,3000,10920,658488133
2018-08-07,7230800,656566262,0,3000,11160,656577422
2018-08-08,4216513,652066369,0,3000,11070,652077439
2018-08-09,7656145,653563957,0,3000,11280,653575237
2018-08-10,5366767,652437618,0,3000,11310,652448928
2018-08-13,5797257,654827159,0,3000,11280,654838439
2018-08-14,4346523,654607881,0,3000,11310,654619191
2018-08-15,6504252,650298316,0,3000,11070,650309386
2018-08-16,2210678,648634059,0,3000,11010,648645069
2018-08-17,4677494,646256798,0,3000,10890,646267688
2018-08-20,3621581,644597846,0,3000,10980,644608826
2018-08-21,15290559,644486075,900,3900,14703,644500778
2018-08-22,9720010,648564565,0,3000,11160,648575725
2018-08-23,4189935,647765101,0,3000,11190,647776291
2018-08-24,2570144,643942690,0,3000,11160,643953850
2018-08-27,10836653,646479248,0,3000,11370,646490618
2018-08-28,5090896,643608367,0,3000,11250,643619617
2018-08-29,3824305,639686253,0,3000,11190,639697443
2018-08-30,3176453,637643180,0,3000,11010,637654190
2018-08-31,3180496,635593771,0,3000,10890,635604661
2018-09-03,3357391,632916466,0,3000,11010,632927476
2018-09-04,10023050,636727766,900,3900,14352,636742118
2018-09-05,3532766,634335416,0,3900,14118,634349534
2018-09-06,4050511,635059307,0,3900,14001,635073308
2018-09-07,3940427,633422130,0,3000,10830,633432960
2018-09-10,2921031,630095057,0,3000,10710,630105767
2018-09-11,1903229,626353382,0,3000,10740,626364122
2018-09-12,1599080,623719770,0,3000,10770,623730540
2018-09-13,4532437,624637997,0,3000,10860,624648857
2018-09-14,2890448,625092085,0,3000,10770,625102855
2018-09-17,3491892,624201491,0,3000,10560,624212051
2018-09-18,4602983,623585870,0,3000,10740,623596610
2018-09-19,7676709,623653541,0,3000,10770,623664311
2018-09-20,3554350,622674048,0,3000,10800,622684848
2018-09-21,9894125,620633937,0,3000,10980,620644917
2018-09-25,4759239,621485946,0,3000,10890,621496836
2018-09-26,5641882,619770827,0,3000,10890,619781717
2018-09-27,6411286,619837661,0,3000,10710,619848371
2018-09-28,5085823,617547442,0,3000,10770,617558212
2018-10-08,4377531,616509546,0,3000,10500,616520046
2018-10-09,3258860,616481515,0,3000,10470,616491985
2018-10-10,2112687,614497574,0,3000,10500,614508074
2018-10-11,12048659,597104819,0,3000,9450,597114269
2018-10-12,9779109,576458629,0,3000,9330,576467959
2018-10-15,3755886,574120748,0,3000,9120,574129868
2018-10-16,3288846,564572308,0,3000,8940,564581248
2018-10-17,9319661,567586833,0,3000,9090,567595923
2018-10-18,7970050,570174828,0,3000,9000,570183828
2018-10-19,2842551,567522551,0,3000,9090,567531641
2018-10-22,13900864,570608685,900,3900,12363,570621048
2018-10-23,3819173,564761630,0,3000,9300,564770930
2018-10-24,4240856,560918529,0,3000,9390,560927919
2018-10-25,4865464,562678379,0,3000,9270,562687649
2018-10-26,3293656,558398865,0,3000,9240,558408105
2018-10-29,1765960,556500629,0,3000,9210,556509839
2018-10-30,3080840,552157106,0,3000,9270,552166376
2018-10-31,5927233,551619974,0,3000,9360,551629334
2018-11-01,7135924,552841166,0,3000,9330,552850496
2018-11-02,24071376,557338226,50900,53900,177870,557516096
2018-11-05,14502670,558329837,0,3000,9840,558339677
2018-11-06,13050023,550932698,0,3000,9990,550942688
2018-11-07,10691244,552396870,0,3000,9810,552406680
2018-11-08,10508037,553882838,0,3000,9810,553892648
2018-11-09,10527467,547068598,50900,53900,194040,547262638
2018-11-12,5949108,545704825,0,53900,213444,545918269
2018-11-13,71090244,566835084,30000,83900,338956,567174040
2018-11-14,50741494,568913641,30000,83900,338117,569251758
2018-11-15,53504208,587787845,30000,113900,454461,588242306
2018-11-16,47890363,586193979,0,33900,135600,586329579
2018-11-19,84284699,603866575,30000,63900,270297,604136872
2018-11-20,50144756,607945002,0,33900,132210,608077212
2018-11-21,17532399,599301022,0,33900,131193,599432215
2018-11-22,19720689,604558039,0,33900,131532,604689571
2018-11-23,19629188,583299205,75000,108900,396396,583695601
2018-11-26,10863514,583363718,5000,53900,198352,583562070
2018-11-27,12654449,584243916,30000,83900,312108,584556024
2018-11-28,12040789,579878411,0,33900,126786,580005197
2018-11-29,16175607,570235473,0,33900,123057,570358530
2018-11-30,9998742,564500308,100000,133900,494091,564994399
2018-12-03,20566748,552599563,120000,153000,596700,553196263
2018-12-04,22462429,552632961,103900,186900,745731,553378692
2018-12-05,15177349,541918190,0,63000,242550,542160740
2018-12-06,15953036,543348667,3900,66900,252213,543600880
2018-12-07,5351979,542562104,0,63000,238140,542800244
2018-12-10,6757143,539993935,144800,177800,677418,540671353
2018-12-11,5519447,539949703,0,37800,144774,540094477
2018-12-12,5814521,536478247,130100,167900,638020,537116267
2018-12-13,7666178,534784234,0,37800,144018,534928252
2018-12-14,10538501,534860713,21100,55000,200200,535060913
2018-12-17,3429580,531359332,0,3900,14235,531373567
2018-12-18,5415943,531866435,120000,123000,440340,532306775
2018-12-19,4394733,528515914,110000,183000,651480,529167394
2018-12-20,6147983,526905132,50000,123000,440340,527345472
2018-12-21,4014890,525313030,50000,123000,434190,525747220
2018-12-24,6486998,524054404,0,73000,259880,524314284
2018-12-25,5595392,522168353,103900,176900,615612,522783965
2018-12-26,5741063,521592012,120000,296900,1039150,522631162
2018-12-27,7674796,525182771,0,76900,264536,525447307
2018-12-28,2329393,520787256,0,73000,256230,521043486
2019-01-02,1951514,521092683,0,73000,254770,521347453
2019-01-03,5463123,522028815,0,73000,254040,522282855
2019-01-04,9861169,524661208,0,73000,259880,524921088
2019-01-07,11926909,527576391,3900,6900,24909,527601300
2019-01-08,11219113,528778262,0,6900,25047,528803309
2019-01-09,10049328,525536568,100900,107800,388080,525924648
2019-01-10,20672824,526974269,20000,26900,98454,527072723
2019-01-11,19718374,528004808,76200,99200,369024,528373832
2019-01-14,18156321,530927689,0,23000,84870,531012559
2019-01-15,15082194,535060589,130000,153000,566100,535626689
2019-01-16,10418929,532306132,0,23000,83720,532389852
2019-01-17,7451227,529650298,0,23000,82570,529732868
2019-01-18,10766543,531112370,100000,123000,448950,531561320
2019-01-21,9131125,532811940,0,3000,10950,532822890
2019-01-22,8482382,534308468,0,3000,10770,534319238
2019-01-23,3016792,531878034,0,3000,10830,531888864
2019-01-24,6361038,527576915,100000,103000,370800,527947715
2019-01-25,10175371,528350855,0,103000,371830,528722685
2019-01-28,11666863,530862638,0,3000,10890,530873528
2019-01-29,8355518,525646117,0,3000,10530,525656647
2019-01-30,4414561,521836143,74000,77000,267960,522104103
2019-01-31,7988986,516970935,3900,80900,266161,517237096
2019-02-01,3192891,508110619,0,77000,257180,508367799
2019-02-11,2375969,505895561,0,77000,264110,506159671
2019-02-12,5141858,504820089,0,77000,267190,505087279
2019-02-13,8999173,505744401,0,77000,271810,506016211
2019-02-14,7232105,505069453,0,77000,271810,505341263
2019-02-15,9663186,504822900,0,77000,271810,505094710
2019-02-18,32209164,510107578,20000,97000,360840,510468418
2019-02-19,18414065,508400776,0,97000,357930,508758706
2019-02-20,13056643,509356847,0,77000,285670,509642517
2019-02-21,23180155,509714268,0,77000,282590,509996858
2019-02-22,18239280,512618432,900,77900,291346,512909778
2019-02-25,43144908,520313330,0,77900,306147,520619477
2019-02-26,49399487,527075471,0,77900,303810,527379281
2019-02-27,33111485,536000699,0,77900,303810,536304509
2019-02-28,45159194,533045689,20000,97900,392579,533438268
2019-03-01,33585838,539580730,0,77900,306926,539887656
2019-03-04,42799397,545681796,0,77900,310042,545991838
2019-03-05,39456076,554630904,0,77900,313158,554944062
2019-03-06,54826373,559739963,0,77900,319390,560059353
2019-03-07,68751567,564310999,0,77900,330296,564641295
2019-03-08,48111992,549660459,0,77900,305368,549965827
2019-03-11,32386705,552425430,0,77900,318611,552744041
2019-03-12,49351135,557695971,0,77900,324064,558020035
2019-03-13,49974139,562164469,0,77900,322506,562486975
2019-03-14,26659651,553274656,0,77900,316274,553590930
2019-03-15,49503702,574404362,0,77900,325622,574729984
2019-03-18,56089973,587724419,0,77900,331075,588055494
2019-03-19,38246476,590574620,0,77900,326401,590901021
2019-03-20,38732761,579965047,8500,86400,360288,580325335
2019-03-21,44157129,568826012,0,86400,359424,569185436
2019-03-22,30781882,569756249,0,86400,362880,570119129
2019-03-25,71369657,572020441,0,86400,369792,572390233
2019-03-26,62175367,585164565,0,86400,374112,585538677
2019-03-27,35719932,578927206,0,86400,369792,579296998
2019-03-28,24473235,568664213,0,86400,354240,569018453
2019-03-29,26059449,569270697,0,77900,327959,569598656
2019-04-01,54914528,582357271,5100,83000,360220,582717491
2019-04-02,45795693,588220269,3100,86100,376257,588596526
2019-04-03,40173624,598938784,0,86100,382284,599321068
2019-04-04,52385128,584327390,0,85200,382548,584709938
2019-04-08,46216426,584797365,0,85200,377436,585174801
2019-04-09,48265168,603810001,0,85200,384252,604194253
2019-04-10,43055539,600957037,21200,106400,475608,601432645
2019-04-11,27480158,596480480,0,105200,459724,596940204
2019-04-12,15119337,588830637,0,97000,418070,589248707
2019-04-15,33763031,588922485,3000,100000,417000,589339485
2019-04-16,22537539,591043189,0,100000,424000,591467189
2019-04-17,22212205,584748935,0,97000,417100,585166035
2019-04-18,13879277,581672592,0,97000,412250,582084842
2019-04-19,18267259,586729605,0,97000,417100,587146705
2019-04-22,20142948,586629088,0,97000,407400,587036488
2019-04-23,11415537,586115459,0,97000,404490,586519949
2019-04-24,15145260,581517417,9400,106400,449008,581966425
2019-04-25,15019830,582636839,0,97000,392850,583029689
2019-04-26,11660688,570638327,0,97000,381210,571019537
2019-04-29,9914253,566400710,0,97000,369570,566770280
2019-04-30,4862660,562402626,0,97000,371510,562774136
2019-05-06,15036679,554450226,0,77000,268730,554718956
2019-05-07,8516641,554366638,0,77000,271810,554638448
2019-05-08,5338333,554501138,0,77000,273350,554774488
2019-05-09,4236618,552485281,0,77000,270270,552755551
2019-05-10,8099566,554069394,0,77000,278740,554348134
2019-05-13,5040172,546987960,9400,86400,317088,547305048
2019-05-14,2917366,543703612,0,77000,277970,543981582
2019-05-15,7177980,544008728,0,77000,283360,544292088
2019-05-16,6614275,542857212,0,77000,284130,543141342
2019-05-17,4326748,540316450,0,77000,274120,540590570
2019-05-20,3659383,541167816,0,77000,272580,541440396
2019-05-21,6208345,543586062,0,77000,276430,543862492
2019-05-22,3411469,541943023,0,77000,271810,542214833
2019-05-23,2565438,541113542,0,77000,266420,541379962
2019-05-24,2261881,538883355,0,77000,264880,539148235
2019-05-27,3842717,537414192,0,77000,270270,537684462
2019-05-28,4311102,533932682,0,77000,267960,534200642
2019-05-29,5905312,536038742,0,77000,268730,536307472
2019-05-30,3826575,534983687,0,77000,269500,535253187
2019-05-31,3189952,534358511,0,77000,266420,534624931
2019-06-03,2878603,530019695,0,77000,261030,530280725
2019-06-04,2604682,524806603,0,77000,257950,525064553
2019-06-05,2839245,523658780,0,77000,257950,523916730
2019-06-06,3270452,521168806,9400,86400,285120,521453926
2019-06-10,2758969,520985139,0,86400,286848,521271987
2019-06-11,6204050,520053537,0,86400,296352,520349889
2019-06-12,3900231,519260667,0,77000,261800,519522467
2019-06-13,3732875,519204642,0,77000,264110,519468752
2019-06-14,2280278,517279796,0,77000,260260,517540056
2019-06-17,1299576,517187191,0,77000,260260,517447451
2019-06-18,1699961,517763814,0,77000,259490,518023304
2019-06-19,4263310,520035406,0,77000,262570,520297976
2019-06-20,9521701,522188272,0,77000,266420,522454692
2019-06-21,7279587,519721303,0,77000,270270,519991573
2019-06-24,4036782,519000517,0,77000,272580,519273097
2019-06-25,4014524,515037306,0,77000,270270,515307576
2019-06-26,3636585,515262145,0,77000,268730,515530875
2019-06-27,7618255,517965701,0,77000,268730,518234431
2019-06-28,1694795,516060931,0,77000,264880,516325811
2019-07-01,8808231,518406715,0,77000,271040,518677755
2019-07-02,5944631,517001656,0,77000,270270,517271926
2019-07-03,5117348,516804210,0,77000,266420,517070630
2019-07-04,8404147,520167655,9000,86000,300140,520467795
2019-07-05,2748233,519909049,0,77000,268730,520177779
2019-07-08,4702181,517776106,0,77000,259490,518035596
2019-07-09,2411829,514961852,0,77000,257180,515219032
2019-07-10,3292795,515822360,0,77000,256410,516078770
2019-07-11,1718779,514102795,0,77000,254870,514357665
2019-07-12,907872,512705003,0,77000,257180,512962183
2019-07-15,3192611,512942072,0,77000,258720,513200792
2019-07-16,3234400,511594183,3900,80900,272633,511866816
2019-07-17,2219400,510979644,0,77000,260260,511239904
2019-07-18,906921,507333151,0,77000,255640,507588791
2019-07-19,1517595,505688310,0,77000,257950,505946260
2019-07-22,3128748,505709366,0,77000,251790,505961156
2019-07-23,1203610,506111896,0,77000,252560,506364456
2019-07-24,4025475,507291271,0,77000,255640,507546911
2019-07-25,2545818,507721557,0,77000,255640,507977197
2019-07-26,4989340,507086460,0,77000,257180,507343640
2019-07-29,2173366,507836330,0,77000,256410,508092740
2019-07-30,2498807,507620550,0,23000,76590,507697140
2019-07-31,4122799,508592310,0,23000,75900,508668210
2019-08-01,3424350,509462919,0,23000,75900,509538819
2019-08-02,3327913,507741914,0,23000,74520,507816434
2019-08-05,1727041,503112102,0,23000,73140,503185242
2019-08-06,3905326,498514016,0,23000,70610,498584626
2019-08-07,1807682,498910663,0,23000,70610,498981273
2019-08-08,1738166,498089590,0,23000,70380,498159970
2019-08-09,3344578,498422572,0,23000,70150,498492722
2019-08-12,2797472,498776067,0,0,0,498776067
2019-08-13,2979337,500124289,0,0,0,500124289
2019-08-14,2082525,500464826,0,0,0,500464826
2019-08-15,1129092,498401553,0,0,0,498401553
2019-08-16,1222349,498322356,0,0,0,498322356
2019-08-19,3520578,495735640,0,0,0,495735640
2019-08-20,2662077,495142554,0,0,0,495142554
2019-08-21,2551861,492263264,0,0,0,492263264
2019-08-22,2093644,492229147,0,0,0,492229147
2019-08-23,877227,491660115,0,0,0,491660115
2019-08-26,1430151,491660516,0,0,0,491660516
2019-08-27,1931822,491307265,0,0,0,491307265
2019-08-28,1085328,489129614,0,0,0,489129614
2019-08-29,2651080,489805730,0,0,0,489805730
2019-08-30,3007680,487079513,0,0,0,487079513
2019-09-02,3061175,487212679,0,0,0,487212679
2019-09-03,3848229,487244534,0,0,0,487244534
2019-09-04,6794566,489793661,7900,7900,25122,489818783
2019-09-05,6628610,486075537,0,0,0,486075537
2019-09-06,6310584,484363947,0,0,0,484363947
2019-09-09,5336638,485384281,0,0,0,485384281
2019-09-10,5677664,484548178,0,0,0,484548178
2019-09-11,13496299,482876791,6400,6400,21312,482898103
2019-09-12,8610098,482886594,0,6400,21376,482907970
2019-09-16,5536526,483111906,0,6400,21312,483133218
2019-09-17,7110048,487436241,0,0,0,487436241
2019-09-18,4058330,487344440,0,0,0,487344440
2019-09-19,2810919,486685772,7900,7900,25596,486711368
2019-09-20,2527563,484018167,0,0,0,484018167
2019-09-23,2093990,483343104,0,0,0,483343104
2019-09-24,4841642,485582916,0,0,0,485582916
2019-09-25,2974956,484368018,0,0,0,484368018
2019-09-26,1861399,484299235,0,0,0,484299235
2019-09-27,1183370,481280031,0,0,0,481280031
2019-09-30,3605690,481660792,0,0,0,481660792
2019-10-08,3139949,482556006,0,0,0,482556006
2019-10-09,3494017,484213653,0,0,0,484213653
2019-10-10,3033691,482173205,0,0,0,482173205
2019-10-11,1762081,481817184,0,0,0,481817184
2019-10-14,9023381,482359612,0,0,0,482359612
2019-10-15,4021380,480795065,0,0,0,480795065
2019-10-16,3295121,481689833,7900,7900,24569,481714402
2019-10-17,2544521,479638134,0,0,0,479638134
2019-10-18,3653134,478459074,0,0,0,478459074
2019-10-21,4085137,480692563,0,0,0,480692563
2019-10-22,4122420,482821838,0,0,0,482821838
2019-10-23,896810,480085845,0,0,0,480085845
2019-10-24,1822077,479487157,0,0,0,479487157
2019-10-25,3658943,480577347,0,0,0,480577347
2019-10-28,2045777,480021534,0,0,0,480021534
2019-10-29,1406292,480039124,0,0,0,480039124
2019-10-30,1895147,477059586,0,0,0,477059586
2019-10-31,3114872,476986613,0,0,0,476986613
2019-11-01,2485041,477523186,0,0,0,477523186
2019-11-04,1393677,477335997,0,0,0,477335997
2019-11-05,1973070,476642641,0,0,0,476642641
2019-11-06,4723824,475058480,0,0,0,475058480
2019-11-07,2372499,470319509,0,0,0,470319509
2019-11-08,1124324,469038927,0,0,0,469038927
2019-11-11,3416257,466553267,0,0,0,466553267
2019-11-12,466126,465632835,0,0,0,465632835
2019-11-13,1107148,465560599,0,0,0,465560599
2019-11-14,1301447,464702106,0,0,0,464702106
2019-11-15,1770355,465202490,0,0,0,465202490
2019-11-18,1351017,464038105,0,0,0,464038105
2019-11-19,1983538,464761507,7900,7900,24016,464785523
2019-11-20,1746855,463769041,0,0,0,463769041
2019-11-21,3028249,465111640,0,0,0,465111640
2019-11-22,1613506,464579323,0,0,0,464579323
2019-11-25,5503110,465006823,0,0,0,465006823
2019-11-26,2356272,462778982,0,0,0,462778982
2019-11-27,1699692,461347739,0,0,0,461347739
2019-11-28,1149365,460760168,0,0,0,460760168
2019-11-29,1395745,460045245,0,0,0,460045245
2019-12-02,1762597,458100849,0,0,0,458100849
2019-12-03,15475950,463406073,0,0,0,463406073
2019-12-04,7403378,467633002,7900,7900,24490,467657492
2019-12-05,4615014,469608018,0,7900,24411,469632429
2019-12-06,3951281,470445500,0,7900,24332,470469832
2019-12-09,3720625,464174093,0,7900,24174,464198267
2019-12-10,2600946,463616645,0,7900,24174,463640819
2019-12-11,2044510,465233654,0,7900,24095,465257749
2019-12-12,673075,464541663,0,7900,24016,464565679
2019-12-13,2515453,462697318,0,7900,24332,462721650
2019-12-16,2390087,461593603,0,0,0,461593603
2019-12-17,6171230,459600488,0,0,0,459600488
2019-12-18,20254940,457725163,7900,7900,26386,457751549
2019-12-19,9952891,457270742,0,0,0,457270742
2019-12-20,5381143,455462971,7900,7900,25754,455488725
2019-12-23,7158854,459420678,0,7900,25201,459445879
2019-12-24,4340688,458514597,0,7900,25991,458540588
2019-12-25,2815229,459006877,0,7900,25912,459032789
2019-12-26,4949577,460780708,0,7900,25833,460806541
2019-12-27,6175496,462782073,0,7900,25675,462807748
2019-12-30,7556900,463453323,0,7900,26544,463479867
2019-12-31,3787834,462825639,0,7900,26386,462852025
2020-01-02,9594552,458845294,0,7900,26781,458872075
2020-01-03,7642043,457951089,0,7900,26623,457977712
2020-01-06,9385160,461051686,0,7900,26465,461078151
2020-01-07,5673899,461830560,0,7900,26702,461857262
2020-01-08,6239998,462824549,0,7900,26149,462850698
2020-01-09,6920286,463674453,0,7900,26623,463701076
2020-01-10,6555134,465330057,0,7900,26228,465356285
2020-01-13,4320426,466018819,0,7900,26228,466045047
2020-01-14,7045563,460215153,0,7900,26465,460241618
2020-01-15,29619285,461122086,0,7900,28914,461151000
2020-01-16,19619481,460107665,0,7900,27808,460135473
2020-01-17,7460095,452589035,0,7900,27097,452616132
2020-01-20,10581929,453818901,0,7900,27255,453846156
2020-01-21,9344177,455730625,0,7900,27334,455757959
2020-01-22,6928700,455836001,0,7900,27018,455863019
2020-01-23,7996267,454031267,0,7900,25912,454057179
2020-02-03,6752373,448618618,0,7900,23305,448641923
2020-02-04,6655027,447090237,0,7900,23700,447113937
2020-02-05,5942563,446642885,0,7900,23858,446666743
2020-02-06,8261792,446050152,0,7900,24332,446074484
2020-02-07,10587288,449136704,0,7900,24332,449161036
2020-02-10,8982043,450857847,0,7900,24569,450882416
2020-02-11,6002105,450022010,0,7900,24332,450046342
2020-02-12,10305154,456685354,0,7900,24411,456709765
2020-02-13,6703149,456742442,0,7900,23937,456766379
2020-02-14,6964047,459962752,0,7900,23858,459986610
2020-02-17,21978460,472860318,0,7900,24490,472884808
2020-02-18,13004587,473802825,0,7900,24648,473827473
2020-02-19,16891796,471553237,0,7900,24806,471578043
2020-02-20,12528767,469563835,0,7900,25596,469589431
2020-02-21,16421344,468602660,0,7900,25675,468628335
2020-02-24,13234486,470790570,0,7900,25596,470816166
2020-02-25,14690366,469698925,0,7900,24964,469723889
2020-02-26,12151029,463459875,0,7900,25438,463485313
2020-02-27,11110645,462691563,0,7900,25675,462717238
2020-02-28,14295296,468501396,0,7900,24253,468525649
2020-03-02,11865567,469276655,0,7900,25122,469301777
2020-03-03,12102158,469734111,0,7900,25201,469759312
2020-03-04,14990656,466970852,0,7900,26070,466996922
2020-03-05,31026347,464852501,0,7900,27334,464879835
2020-03-06,26173833,466367696,0,7900,27176,466394872
2020-03-09,23883985,471599018,0,500,1685,471600703
2020-03-10,24640745,474099548,0,0,0,474099548
2020-03-11,27096824,483401895,0,0,0,483401895
2020-03-12,16755980,488817356,0,0,0,488817356
2020-03-13,30980953,474456099,7900,7900,28993,474485092
2020-03-16,136713350,537582483,0,0,0,537582483
2020-03-17,73484886,523518327,1900,1900,6422,523524749
2020-03-18,40965786,528380300,0,0,0,528380300
2020-03-19,30815557,535667122,0,0,0,535667122
2020-03-20,29802074,547734166,500,500,1615,547735781
2020-03-23,23396111,559230003,0,500,1545,559231548
2020-03-24,8538561,556559407,2800,3300,10395,556569802
2020-03-25,18446585,552617808,700,1200,3840,552621648
2020-03-26,12041040,552118962,200,1400,4396,552123358
2020-03-27,9788115,551565440,0,1400,4382,551569822
2020-03-30,6682767,550591707,200,1600,4912,550596619
2020-03-31,5040590,550446562,0,1400,4298,550450860
2020-04-01,4840292,548555746,1100,2500,7600,548563346
2020-04-02,9694402,552540328,4400,6900,21321,552561649
2020-04-03,5925079,548335903,0,6900,21045,548356948
2020-04-07,8816883,547955770,0,5000,15600,547971370
2020-04-08,6614735,544981013,0,0,0,544981013
2020-04-09,10611100,544465140,0,0,0,544465140
2020-04-10,8011007,543460055,0,0,0,543460055
2020-04-13,3715538,542686989,0,0,0,542686989
2020-04-14,6767688,543891668,0,0,0,543891668
2020-04-15,5274833,542116469,0,0,0,542116469
2020-04-16,3962366,541648538,0,0,0,541648538
2020-04-17,5545086,541209884,0,0,0,541209884
2020-04-20,3218865,539821529,0,0,0,539821529
2020-04-21,3832960,536997127,0,0,0,536997127
2020-04-22,10497950,542044660,0,0,0,542044660
2020-04-23,10817808,546024809,0,0,0,546024809
2020-04-24,17628226,554457882,0,0,0,554457882
2020-04-27,11705923,558096829,0,0,0,558096829
2020-04-28,6743961,551144241,0,0,0,551144241
2020-04-29,2590979,548055569,0,0,0,548055569
2020-04-30,4804038,545740761,0,0,0,545740761
2020-05-06,2797934,545224225,0,0,0,545224225
2020-05-07,2781367,546134143,0,0,0,546134143
2020-05-08,1999531,545048195,0,0,0,545048195
2020-05-11,1886879,544077382,0,0,0,544077382
2020-05-12,6437072,545044705,0,0,0,545044705
2020-05-13,3953137,543802834,0,0,0,543802834
2020-05-14,1240173,541986740,0,0,0,541986740
2020-05-15,2032598,541869028,0,0,0,541869028
2020-05-18,2921637,540903411,0,0,0,540903411
2020-05-19,2695171,541257134,0,0,0,541257134
2020-05-20,2115649,539451675,0,0,0,539451675
2020-05-21,3531602,540162067,0,0,0,540162067
2020-05-22,2226165,539074034,0,0,0,539074034
2020-05-25,533294,538419952,0,0,0,538419952
2020-05-26,791580,537630383,0,0,0,537630383
2020-05-27,3188175,537873797,0,0,0,537873797
2020-05-28,1488088,537516317,0,0,0,537516317
2020-05-29,1701751,536680093,0,0,0,536680093
2020-06-01,4985790,534910577,0,0,0,534910577
2020-06-02,6649897,537145608,0,0,0,537145608
2020-06-03,3486239,532165253,0,0,0,532165253
2020-06-04,4967059,533371920,0,0,0,533371920
2020-06-05,4131664,531516089,0,0,0,531516089
2020-06-08,3627220,530913967,0,0,0,530913967
2020-06-09,2610768,530955879,0,0,0,530955879
2020-06-10,12321572,528994267,7400,7400,22866,529017133
2020-06-11,7431438,530297000,0,0,0,530297000
2020-06-12,3879515,530246699,0,0,0,530246699
2020-06-15,2143218,528769019,0,0,0,528769019
2020-06-16,3769650,528127247,0,0,0,528127247
2020-06-17,3446094,526146600,0,0,0,526146600
2020-06-18,2345591,525578100,0,0,0,525578100
2020-06-19,3203574,522843084,0,0,0,522843084
2020-06-22,6758553,521743314,0,0,0,521743314
2020-06-23,2645182,520777220,0,0,0,520777220
2020-06-24,3900569,521198318,0,0,0,521198318
2020-06-29,1592496,520655195,0,0,0,520655195
2020-06-30,2291907,521495926,0,0,0,521495926
2020-07-01,4011044,520864409,0,0,0,520864409
2020-07-02,9160728,523162130,0,0,0,523162130
2020-07-03,17889483,525025088,0,0,0,525025088
2020-07-06,26999731,529081997,0,0,0,529081997
2020-07-07,23854064,530031977,0,0,0,530031977
2020-07-08,13017808,529158051,0,0,0,529158051
2020-07-09,21750725,532361932,0,0,0,532361932
2020-07-10,15972314,531773673,0,0,0,531773673
2020-07-13,18551936,532958517,0,0,0,532958517
2020-07-14,28897659,537245308,7400,7400,25530,537270838
2020-07-15,14223531,534807571,0,0,0,534807571
2020-07-16,18763231,542643552,0,0,0,542643552
2020-07-17,6662881,540161260,0,0,0,540161260
2020-07-20,13708019,536137837,2000,2000,6880,536144717
2020-07-21,13575647,539852185,0,2000,6820,539859005
2020-07-22,18953606,544540543,0,0,0,544540543
2020-07-23,27536126,561236998,7400,7400,25086,561262084
2020-07-24,7891345,559162721,0,7400,24494,559187215
2020-07-27,8698247,563607226,0,7400,24272,563631498
2020-07-28,7934492,565070314,0,7400,24420,565094734
2020-07-29,8315765,567755014,0,7400,24790,567779804
2020-07-30,9928032,566338975,0,7400,24790,566363765
2020-07-31,6601067,564805785,0,7400,24790,564830575
2020-08-03,10486940,561388975,0,7400,25382,561414357
2020-08-04,11917273,564975471,0,7400,25382,565000853
2020-08-05,8860054,564589855,0,7400,25530,564615385
2020-08-06,8650057,556879328,0,7400,25234,556904562
2020-08-07,7596393,556772011,0,7400,24790,556796801
2020-08-10,9909618,557803644,0,7400,25086,557828730
2020-08-11,9787794,558351098,0,7400,24568,558375666
2020-08-12,5655657,556827513,0,0,0,556827513
2020-08-13,6396750,554847748,7400,7400,24716,554872464
2020-08-14,4757163,555104114,0,7400,24790,555128904
2020-08-17,9171026,557740893,0,7400,25086,557765979
2020-08-18,13417024,556442132,0,7400,25160,556467292
2020-08-19,20190760,558983298,0,7400,25234,559008532
2020-08-20,16433047,557740484,0,7400,25530,557766014
2020-08-21,14673404,555767770,0,7400,25530,555793300
2020-08-24,11751215,557287647,0,7400,25308,557312955
2020-08-25,11137880,559864065,0,7400,25012,559889077
2020-08-26,10295727,561397204,0,0,0,561397204
2020-08-27,13525201,553520041,7400,7400,25456,553545497
2020-08-28,13815733,543186123,0,7400,25604,543211727
2020-08-31,60656900,567528465,0,7400,26196,567554661
2020-09-01,27539285,576101912,0,0,0,576101912
2020-09-02,23081649,581611490,0,0,0,581611490
2020-09-03,26038328,586820588,7400,7400,26122,586846710
2020-09-04,26006555,586047483,0,0,0,586047483
2020-09-07,33215654,585354091,7400,7400,27084,585381175
2020-09-08,26872683,588907124,0,0,0,588907124
2020-09-09,29755652,579942531,0,0,0,579942531
2020-09-10,60714125,561293011,4900,4900,18228,561311239
2020-09-11,44268268,558113644,0,0,0,558113644
2020-09-14,34484689,554318611,7400,7400,28046,554346657
2020-09-15,43354095,567832380,0,0,0,567832380
2020-09-16,38066511,570964238,0,0,0,570964238
2020-09-17,40466004,588118171,0,0,0,588118171
2020-09-18,39635920,584824602,0,0,0,584824602
2020-09-21,22189682,586160770,0,0,0,586160770
2020-09-22,25713575,595655207,0,0,0,595655207
2020-09-23,10774356,584996976,0,0,0,584996976
2020-09-24,10199416,578683693,0,0,0,578683693
2020-09-25,7989331,578669810,0,0,0,578669810
2020-09-28,8209238,570389901,0,0,0,570389901
2020-09-29,6397662,569510948,7400,7400,24938,569535886
2020-09-30,7724922,563214435,0,7400,24642,563239077
2020-10-09,6338111,560198820,0,7400,25456,560224276
2020-10-12,10873143,559571171,0,7400,25900,559597071
2020-10-13,9733797,555569653,0,7400,25530,555595183
2020-10-14,8890121,545594526,0,7400,24938,545619464
2020-10-15,13851363,551863703,0,7400,25160,551888863
2020-10-16,9091863,552836205,0,7400,25382,552861587
2020-10-19,10958628,558141043,0,7400,25160,558166203
2020-10-20,4040830,558375906,0,7400,25456,558401362
2020-10-21,2719137,557887441,0,7400,25234,557912675
2020-10-22,7585287,562980297,0,7400,25086,563005383
2020-10-23,5460180,560904660,0,7400,24642,560929302
2020-10-26,2639890,560291311,0,7400,24494,560315805
2020-10-27,3928369,560327678,0,7400,24568,560352246
2020-10-28,4756392,559075066,0,7400,24272,559099338
2020-10-29,2686085,558402649,0,7400,24198,558426847
2020-10-30,11025178,564541590,0,7400,23532,564565122
2020-11-02,8516378,564962882,0,0,0,564962882
2020-11-03,3883020,560552637,0,0,0,560552637
2020-11-04,5920703,561780124,0,0,0,561780124
2020-11-05,4505785,560344718,0,0,0,560344718
2020-11-06,5124165,558009935,0,0,0,558009935
2020-11-09,12684258,561658710,0,0,0,561658710
2020-11-10,7377594,562329718,0,0,0,562329718
2020-11-11,3107835,558234072,0,0,0,558234072
2020-11-12,3904545,558926461,0,0,0,558926461
2020-11-13,4670283,558847430,0,0,0,558847430
2020-11-16,12486083,560822208,0,0,0,560822208
2020-11-17,8241684,560404492,0,0,0,560404492
2020-11-18,29346339,555644112,4900,4900,18032,555662144
2020-11-19,21136967,559884797,2500,5600,20496,559905293
2020-11-20,17827962,561781319,0,3100,11377,561792696
2020-11-23,33848403,573058439,0,3100,11656,573070095
2020-11-24,29594975,577323020,0,3100,11594,577334614
2020-11-25,17393918,573598806,0,3100,11315,573610121
2020-11-26,9385372,565247930,4000,7100,25489,565273419
2020-11-27,13416049,561653148,0,3100,11129,561664277
2020-11-30,13721692,560136382,0,3100,11160,560147542
2020-12-01,8879446,557375997,0,3100,11284,557387281
2020-12-02,11758034,562399866,0,3100,11377,562411243
2020-12-03,12723088,566861003,0,3100,11191,566872194
2020-12-04,6106682,563714504,0,3100,11346,563725850
2020-12-07,8418221,561338765,0,0,0,561338765
2020-12-08,12934250,566672658,0,0,0,566672658
2020-12-09,6817451,567981648,0,0,0,567981648
2020-12-10,5903966,570196963,0,0,0,570196963
2020-12-11,8545545,571193616,0,0,0,571193616
2020-12-14,3226476,569668321,7400,7400,25752,569694073
2020-12-15,3762972,570158132,0,0,0,570158132
2020-12-16,7932157,574716721,0,0,0,574716721
2020-12-17,5322042,567930826,0,0,0,567930826
2020-12-18,3320177,563878373,0,0,0,563878373
2020-12-21,4892149,560103272,0,0,0,560103272
2020-12-22,10517315,560984909,0,0,0,560984909
2020-12-23,5957924,558678399,0,0,0,558678399
2020-12-24,9939514,559042403,0,0,0,559042403
2020-12-25,8767341,550022534,100,100,348,550022882
2020-12-28,7073664,544214963,0,100,342,544215305
2020-12-29,7865371,546425548,0,100,342,546425890
2020-12-30,9272251,551423569,0,100,342,551423911
2020-12-31,8790491,547268958,0,100,351,547269309
2021-01-04,11273896,529826439,0,0,0,529826439
2021-01-05,11331502,523160977,0,0,0,523160977
2021-01-06,34823106,528974164,0,0,0,528974164
2021-01-07,20740535,522665622,4400,4400,15708,522681330
2021-01-08,40224643,506728985,0,4400,15972,506744957
2021-01-11,22354969,504216222,0,4400,15752,504231974
2021-01-12,31962881,498020015,1300,5700,22458,498042473
2021-01-13,86863812,493431324,0,4400,17072,493448396
2021-01-14,46106502,490670226,0,4400,16500,490686726
2021-01-15,38903737,486678804,3000,7400,28342,486707146
2021-01-18,48115167,477125201,0,7400,29526,477154727
2021-01-19,43017608,478384184,0,7400,29008,478413192
2021-01-20,29818730,471480663,30000,37400,148852,471629515
2021-01-21,30942091,482891175,0,33000,128700,483019875
2021-01-22,33856044,485792151,0,33000,125070,485917221
2021-01-25,21740099,488838832,4400,37400,140624,488979456
2021-01-26,20878729,490955970,0,37400,136136,491092106
2021-01-27,25538370,488526720,0,37400,140250,488666970
2021-01-28,16156500,486771798,0,37400,136884,486908682
2021-01-29,20545243,476180614,0,37400,140624,476321238
2021-02-01,34791370,480098142,0,37400,146234,480244376
2021-02-02,31360837,492855943,0,37400,145112,493001055
2021-02-03,35374457,491774901,0,37400,147730,491922631
2021-02-04,35368114,487902532,0,37400,138754,488041286
2021-02-05,28828278,485766639,0,37400,130152,485896791
2021-02-08,12190209,482104148,0,37400,132022,482236170
2021-02-09,10626346,475598283,0,37400,133892,475732175
2021-02-10,12377783,470658701,0,37400,134266,470792967
2021-02-18,19825395,446247745,0,37400,144738,446392483
2021-02-19,30627396,439819898,0,37400,151470,439971368
2021-02-22,43960857,439022709,0,37400,156332,439179041
2021-02-23,41550574,437837656,0,37400,156706,437994362
2021-02-24,23061449,428323805,0,37400,154088,428477893
2021-02-25,23996118,424769680,0,37400,150348,424920028
2021-02-26,27587650,431379283,0,37400,151096,431530379
2021-03-01,24655737,419437000,20500,57900,249549,419686549
2021-03-02,40960408,440749990,0,57900,237969,440987959
2021-03-03,18875177,435305399,0,57900,240864,435546263
2021-03-04,19469633,436865907,0,57900,235653,437101560
2021-03-05,19871472,438685042,0,57900,233916,438918958
2021-03-08,27842055,446012128,0,57900,226968,446239096
2021-03-09,29599252,452153723,0,57900,223494,452377217
2021-03-10,11888440,453467517,0,57900,220020,453687537
2021-03-11,16773824,451703414,0,57900,226968,451930382
2021-03-12,13101907,451004135,0,57900,228126,451232261
2021-03-15,18165153,453012823,0,57900,230442,453243265
2021-03-16,18988773,451816391,0,57900,226968,452043359
2021-03-17,15651745,449884008,0,57900,228705,450112713
2021-03-18,38054891,453895067,0,57900,235074,454130141
2021-03-19,24322979,449957634,0,57900,228705,450186339
2021-03-22,22443444,441307963,0,57900,236232,441544195
2021-03-23,30626512,453284067,0,57900,226968,453511035
2021-03-24,15005642,455773479,0,57900,225231,455998710
2021-03-25,24189471,450771244,0,57900,224652,450995896
2021-03-26,29698235,453335386,0,57900,231600,453566986
2021-03-29,34905373,447014164,0,57900,236811,447250975
2021-03-30,22296513,440245598,0,27900,110484,440356082
2021-03-31,14656721,443708368,0,27900,110763,443819131
2021-04-01,21497067,447438844,0,27900,111600,447550444
2021-04-02,18418630,448898688,30000,57400,227878,449126566
2021-04-06,26272161,450149224,0,57400,233044,450382268
2021-04-07,27283121,457453881,0,57400,235914,457689795
2021-04-08,28303384,463737571,0,57400,233044,463970615
2021-04-09,19385505,464658600,0,57400,230748,464889348
2021-04-12,18557902,465440224,0,57400,227304,465667528
2021-04-13,32051417,473288978,0,57400,222712,473511690
2021-04-14,12253834,476108134,0,57400,223860,476331994
2021-04-15,12175251,476082362,0,27400,105216,476187578
2021-04-16,8910364,472914376,0,27400,106860,473021236
2021-04-19,12999411,467460774,0,27400,107408,467568182
2021-04-20,11465675,469120902,0,27400,106860,469227762
2021-04-21,13371392,467357391,0,27400,104394,467461785
2021-04-22,12634151,465147861,0,27400,103298,465251159
2021-04-23,14545461,462711802,0,27400,101380,462813182
2021-04-26,7862790,460414258,0,27400,100284,460514542
2021-04-27,16451944,467758078,0,27400,102202,467860280
2021-04-28,8250604,468067574,0,27400,102476,468170050
2021-04-29,7061558,463064247,0,27400,102476,463166723
2021-04-30,10079258,453904771,0,27400,101654,454006425
2021-05-06,10983985,452611429,0,27400,102750,452714179
2021-05-07,26368080,459501540,0,27400,105216,459606756
2021-05-10,14304168,453476268,0,27400,106312,453582580
2021-05-11,13002952,446914364,0,27400,105764,447020128
2021-05-12,26220883,456025587,0,27400,106312,456131899
2021-05-13,14220167,458398167,0,27400,105216,458503383
2021-05-14,13456365,461797790,0,27400,105490,461903280
2021-05-17,13672805,465340960,0,27400,105764,465446724
2021-05-18,23508621,476325198,0,27400,103846,476429044
2021-05-19,17961097,487952965,0,27400,103024,488055989
2021-05-20,10660361,487680537,0,27400,101106,487781643
2021-05-21,17069920,480888972,0,27400,105490,480994462
2021-05-24,30106461,472477012,0,27400,109052,472586064
2021-05-25,24335008,476038283,0,27400,108230,476146513
2021-05-26,39570916,485713586,0,27400,111244,485824830
2021-05-27,28237627,484299095,0,27400,110422,484409517
2021-05-28,16214513,481159016,0,27400,109326,481268342
2021-05-31,17403897,483361854,0,27400,109600,483471454
2021-06-01,15885131,485611135,0,27400,109600,485720735
2021-06-02,35909354,491474957,0,27400,109874,491584831
2021-06-03,17665280,488334672,0,27400,108504,488443176
2021-06-04,11895834,484138143,0,27400,108504,484246647
2021-06-07,14318903,488637362,0,27400,107956,488745318
2021-06-08,24494146,489953109,0,27400,109874,490062983
2021-06-09,17179616,493765631,0,27400,109874,493875505
2021-06-10,14999070,495286633,0,27400,109052,495395685
2021-06-11,19102171,494262003,0,27400,110148,494372151
2021-06-15,24304744,501692196,0,27400,105216,501797412
2021-06-16,10516460,501793556,0,27400,104942,501898498
2021-06-17,12916206,501383721,0,27400,104120,501487841
2021-06-18,6861516,498567207,0,27400,104668,498671875
2021-06-21,8842268,501138823,0,27400,104120,501242943
2021-06-22,7078056,500913988,0,27400,104120,501018108
2021-06-23,9893043,501514786,0,27400,103846,501618632
2021-06-24,8799102,500326763,0,27400,102202,500428965
2021-06-25,6755117,498466590,0,27400,103298,498569888
2021-06-28,14523413,505343000,0,27400,103846,505446846
2021-06-29,7939994,508646503,0,27400,101928,508748431
2021-06-30,8159539,500511542,0,27400,100558,500612100
2021-07-01,7711211,497650516,0,27400,100284,497750800
2021-07-02,3154123,498217486,0,27400,100558,498318044
2021-07-05,5671566,494096190,0,27400,99462,494195652
2021-07-06,4842908,493168395,0,27400,100010,493268405
2021-07-07,3910666,491786047,0,27400,100010,491886057
2021-07-08,11920010,490691544,0,27400,100832,490792376
2021-07-09,4253314,484431839,0,27400,101928,484533767
2021-07-12,6771995,473588906,0,27400,101654,473690560
2021-07-13,9630796,472850325,0,27400,102750,472953075
2021-07-14,6687023,470070054,0,27400,101654,470171708
2021-07-15,6924164,470900595,0,27400,100832,471001427
2021-07-16,17004693,466517878,0,27400,101928,466619806
2021-07-19,5136083,466408297,0,27400,100832,466509129
2021-07-20,4230095,465126974,0,27400,100558,465227532
2021-07-21,6814239,465696924,0,27400,100832,465797756
2021-07-22,5625323,462673185,0,27400,101928,462775113
2021-07-23,8668311,462194986,0,27400,100832,462295818
2021-07-26,9037082,460496186,0,27400,98914,460595100
2021-07-27,7439643,459783373,0,27400,96174,459879547
2021-07-28,7222923,454857822,0,20000,68600,454926422
2021-07-29,3787520,452899128,0,20000,69000,452968128
2021-07-30,5350222,450757671,0,20000,70200,450827871
2021-08-02,5057424,449308168,0,20000,70800,449378968
2021-08-03,2702247,445570667,0,20000,70600,445641267
2021-08-04,5846185,445756692,0,20000,71000,445827692
2021-08-05,6219021,448133691,0,20000,70400,448204091
2021-08-06,4437082,444801720,0,20000,70200,444871920
2021-08-09,7634823,439487607,0,20000,70800,439558407
2021-08-10,3504207,437132876,0,20000,71400,437204276
2021-08-11,4454720,430875959,2700,22700,81266,430957225
2021-08-12,4066492,424723495,0,22700,81720,424805215
2021-08-13,9240849,425874198,0,22700,82855,425957053
2021-08-16,6489972,427049079,0,2700,9828,427058907
2021-08-17,6603973,426870149,0,2700,9639,426879788
2021-08-18,2239124,419721518,800,3500,12705,419734223
2021-08-19,4145501,420815500,200,3700,13394,420828894
2021-08-20,4996623,421550281,0,3700,13394,421563675
2021-08-23,6961185,423343470,0,3700,13505,423356975
2021-08-24,4219391,421911160,0,3700,13505,421924665
2021-08-25,5060071,417802128,0,3700,13542,417815670
2021-08-26,10101267,418416974,0,3700,13653,418430627
2021-08-27,8233910,417848382,0,3700,13801,417862183
2021-08-30,9058642,420083690,0,3700,13727,420097417
2021-08-31,9461115,413415318,0,3700,14060,413429378
2021-09-01,14079307,416159591,0,3700,13949,416173540
2021-09-02,10897451,396783288,0,3700,14208,396797496
2021-09-03,10171687,394688632,0,3700,14171,394702803
2021-09-06,10684360,399699399,0,3700,14208,399713607
2021-09-07,11682438,394457551,0,3700,14467,394472018
2021-09-08,30653557,401098316,0,3700,15022,401113338
2021-09-09,16367457,398131486,0,3700,15133,398146619
2021-09-10,23137352,392271514,0,3700,15133,392286647
2021-09-13,19062562,388612799,0,3700,15577,388628376
2021-09-14,16302348,383969884,3500,7200,30024,383999908
2021-09-15,21153881,383270397,0,7200,30816,383301213
2021-09-16,37971893,388819552,0,7200,31176,388850728
2021-09-17,15801030,381636088,0,3700,15762,381651850
2021-09-22,18690818,391980630,0,3700,15725,391996355
2021-09-23,46580148,395799359,0,3700,17316,395816675
2021-09-24,109279616,463747925,3500,7200,31824,463779749
2021-09-27,64648422,474461710,0,3700,15392,474477102
2021-09-28,13378520,465720284,3700,7400,31672,465751956
2021-09-29,14256844,460455371,0,3900,16029,460471400
2021-09-30,15818081,460095163,0,3900,16107,460111270
2021-10-08,25750448,473609803,0,3900,16341,473626144
2021-10-11,10614684,477380463,0,3900,16107,477396570
2021-10-12,15861397,480960905,0,3900,15600,480976505
2021-10-13,13492359,489354817,0,3900,15288,489370105
2021-10-14,5190116,486855040,0,3900,15210,486870250
2021-10-15,5192961,481819239,0,3900,14976,481834215
2021-10-18,7198763,480830137,0,3900,15405,480845542
2021-10-19,4565534,478095844,0,3900,15405,478111249
2021-10-20,8354776,482959710,0,3900,15366,482975076
2021-10-21,6643302,485209677,0,3900,15132,485224809
2021-10-22,6275751,485068831,0,3900,14898,485083729
2021-10-25,6064091,485986745,0,3900,14937,486001682
2021-10-26,6557997,487809430,0,3900,14937,487824367
2021-10-27,9449186,489235799,0,3900,14742,489250541
2021-10-28,7872315,488364670,0,3900,14469,488379139
2021-10-29,6686622,486774053,0,3900,14664,486788717
2021-11-01,7725861,484582302,0,3900,14781,484597083
2021-11-02,15942258,494016848,0,3900,14313,494031161
2021-11-03,8642111,495291634,0,3900,14391,495306025
2021-11-04,9619128,496067948,0,3900,14391,496082339
2021-11-05,15032230,489621591,0,3900,14898,489636489
2021-11-08,17168305,496144854,0,3900,14703,496159557
2021-11-09,8911579,498864346,0,3900,14547,498878893
2021-11-10,7813628,495243003,0,3900,14469,495257472
2021-11-11,6005656,495115627,0,3900,14625,495130252
2021-11-12,4432697,491959248,0,3900,14742,491973990
2021-11-15,9333910,490753509,0,3900,14976,490768485
2021-11-16,9629680,492707372,0,3900,14781,492722153
2021-11-17,6219678,491703919,0,3900,14898,491718817
2021-11-18,14177638,495824530,0,3900,14937,495839467
2021-11-19,5671286,493246550,0,3900,15054,493261604
2021-11-22,7612885,492116811,0,3900,15171,492131982
2021-11-23,8997173,489173934,0,3900,15444,489189378
2021-11-24,5269988,486494868,0,3900,15366,486510234
2021-11-25,10352422,491236004,0,3900,15171,491251175
2021-11-26,7775994,489369991,0,3900,15054,489385045
2021-11-29,10064781,488792227,0,3900,14664,488806891
2021-11-30,13109647,486546574,0,3900,14937,486561511
2021-12-01,22753902,480094424,0,3900,15717,480110141
2021-12-02,15225451,479449313,0,3900,15756,479465069
2021-12-03,15360951,484644666,0,3900,15756,484660422
2021-12-06,11335525,486596616,0,3900,15483,486612099
2021-12-07,11161754,491931023,0,3900,15327,491946350
2021-12-08,13859988,491705214,0,3900,15678,491720892
2021-12-09,15405350,492588971,0,3900,15639,492604610
2021-12-10,9218328,490321088,0,3900,15444,490336532
2021-12-13,10822211,495195717,0,3900,15405,495211122
2021-12-14,7232379,497841611,0,0,0,497841611
2021-12-15,15235442,490881743,7400,7400,29822,490911565
2021-12-16,14942432,494221314,0,7400,29674,494250988
2021-12-17,13512461,495979743,0,7400,29674,496009417
2021-12-20,13739452,503858789,0,7400,29304,503888093
2021-12-21,10546893,499058370,0,7400,29970,499088340
2021-12-22,15483670,502059243,0,7400,29896,502089139
2021-12-23,12229179,503844462,0,7400,29600,503874062
2021-12-24,10869759,502036855,0,7400,29230,502066085
2021-12-27,7371796,500221627,0,7400,29230,500250857
2021-12-28,15755159,510088818,0,7400,29378,510118196
2021-12-29,6540007,500650905,0,7400,29674,500680579
2021-12-30,11416404,504608300,0,7400,29600,504637900
2021-12-31,5813647,494635023,0,7400,29896,494664919
2022-01-04,13848903,488998410,0,7400,30488,489028898
2022-01-05,15348701,494622088,0,7400,30118,494652206
2022-01-06,17621978,493989347,0,7400,30710,494020057
2022-01-07,16702391,493228886,0,7400,30192,493259078
2022-01-10,20546264,496061355,0,7400,30710,496092065
2022-01-11,12291909,495635781,0,7400,30488,495666269
2022-01-12,12386618,497810931,0,7400,30488,497841419
2022-01-13,9223354,493842241,0,7400,30488,493872729
2022-01-14,9739544,486784731,0,7400,29600,486814331
2022-01-17,6295988,486060583,0,7400,29822,486090405
2022-01-18,8038929,488192005,0,7400,29674,488221679
2022-01-19,5207891,487934439,0,7400,29748,487964187
2022-01-20,9784411,487742335,0,7400,29082,487771417
2022-01-21,7598740,489886236,0,7400,28786,489915022
2022-01-24,5672234,486276112,0,7400,28712,486304824
2022-01-25,12903147,482999336,0,7400,27602,483026938
2022-01-26,5245648,482284204,0,7400,27898,482312102
2022-01-27,4781052,483336684,0,7400,27528,483364212
2022-01-28,6413728,478493695,0,0,0,478493695
2022-02-07,6369829,477214915,7400,7400,28416,477243331
2022-02-08,4847168,471046921,0,7400,29008,471075929
2022-02-09,6290577,470194794,0,7400,29156,470223950
2022-02-10,3582065,466783096,0,7400,29230,466812326
2022-02-11,7955430,469621978,0,7400,29008,469650986
2022-02-14,4265737,470274946,0,7400,28934,470303880
2022-02-15,4088724,465902751,0,7400,28860,465931611
2022-02-16,6424409,467595263,0,7400,29304,467624567
2022-02-17,15328187,467206908,0,7400,29748,467236656
2022-02-18,10582494,466164713,0,7400,29896,466194609
2022-02-21,8874533,461198700,0,7400,30044,461228744
2022-02-22,6919628,457224764,0,7400,29748,457254512
2022-02-23,9164762,457635572,0,7400,29674,457665246
2022-02-24,12808615,453564126,0,7400,29082,453593208
2022-02-25,10180703,453155464,0,7400,29526,453184990
2022-02-28,14031343,456122426,0,7400,29452,456151878
2022-03-01,10806752,455726753,0,7400,29674,455756427
2022-03-02,6663156,449907552,0,7400,29748,449937300
2022-03-03,15080671,451413749,0,7400,30044,451443793
2022-03-04,7625849,450935393,0,7400,29822,450965215
2022-03-07,30015380,455958957,0,7400,30784,455989741
2022-03-08,42313921,482080521,0,7400,29008,482109529
2022-03-09,22167240,478553659,0,7400,28268,478581927
2022-03-10,26576991,480234954,0,7400,29526,480264480
2022-03-11,13489522,474704644,0,7400,29970,474734614
2022-03-14,16206056,474678633,0,7400,29526,474708159
2022-03-15,21524427,479442070,0,7400,27380,479469450
2022-03-16,10285439,474635511,0,7400,28416,474663927
2022-03-17,12256615,472936996,0,7400,28564,472965560
2022-03-18,8114912,473652591,0,7400,28934,473681525
2022-03-21,8370150,473672812,0,7400,28786,473701598
2022-03-22,8405937,470040459,0,7400,29452,470069911
2022-03-23,10141504,475798984,0,7400,29304,475828288
2022-03-24,7127842,473544250,0,7400,29304,473573554
2022-03-25,8474281,471190366,0,7400,29526,471219892
2022-03-28,9962702,470178603,0,7400,29452,470208055
2022-03-29,13220167,472216940,0,7400,29674,472246614
2022-03-30,10687658,475373164,0,7400,29748,475402912
2022-03-31,16787396,476993413,0,7400,30340,477023753
2022-04-01,8440763,473879984,0,7400,30044,473910028
2022-04-06,12989304,469870421,0,7400,30932,469901353
2022-04-07,12853518,465622640,0,7400,30414,465653054
2022-04-08,10285845,463861815,0,7400,30710,463892525
2022-04-11,12977426,460288896,0,7400,29896,460318792
2022-04-12,10588655,460245199,0,7400,30192,460275391
2022-04-13,18578882,464958296,0,7400,29748,464988044
2022-04-14,9435889,461105423,0,7400,29970,461135393
2022-04-15,14031581,464851434,0,7400,29674,464881108
2022-04-18,10112757,466569608,0,7400,28934,466598542
2022-04-19,2901904,463041080,0,7400,29526,463070606
2022-04-20,6896100,463317537,0,7400,29082,463346619
2022-04-21,11767226,466116915,0,7400,27972,466144887
2022-04-22,5444972,465278379,0,7400,28120,465306499
2022-04-25,12284721,459289441,0,7400,26122,459315563
2022-04-26,8016691,456159703,0,7400,25160,456184863
2022-04-27,10386400,457755037,0,7400,25678,457780715
2022-04-28,7528881,457708917,0,7400,24790,457733707
2022-04-29,6709029,452664130,0,7400,25530,452689660
2022-05-05,7803745,454508981,0,7400,25752,454534733
2022-05-06,5575109,455070300,0,7400,25012,455095312
2022-05-09,20665955,446423025,0,7400,27528,446450553
2022-05-10,21839816,454680597,0,7400,27010,454707607
2022-05-11,30723480,471491300,0,7400,26788,471518088
2022-05-12,12543793,475135218,0,7400,26862,475162080
2022-05-13,9352730,469732825,0,7400,26714,469759539
2022-05-16,9400444,471856966,0,7400,26566,471883532
2022-05-17,10320815,472191036,0,7400,26344,472217380
2022-05-18,5435697,472817346,0,7400,26418,472843764
2022-05-19,5119638,473190868,0,7400,26344,473217212
2022-05-20,7559586,472581684,0,7400,26418,472608102
2022-05-23,8470862,474634791,0,7400,26640,474661431
2022-05-24,9587756,469902936,0,7400,25604,469928540
2022-05-25,4084036,468158271,0,7400,25974,468184245
2022-05-26,7636464,467804692,0,7400,26270,467830962
2022-05-27,5792373,467488728,0,7400,26344,467515072
2022-05-30,6518148,470033313,0,7400,26418,470059731
2022-05-31,8636345,469459260,0,7400,26640,469485900
2022-06-01,5730801,465809049,0,7400,26640,465835689
2022-06-02,19708107,476077171,0,7400,26862,476104033
2022-06-06,35709636,494127398,0,7400,27232,494154630
2022-06-07,16675195,501342158,0,7400,27084,501369242
