日期,融资买入额(元),融资余额(元),融券卖出量,融券余量,融券余额(元),融资融券余额(元)
2019-08-19,5221450,4354935,0,0,0,4354935
2019-08-20,12611901,13754396,0,0,0,13754396
2019-08-21,5995648,15214923,0,0,0,15214923
2019-08-22,5198631,17086140,0,0,0,17086140
2019-08-23,13890107,22039787,0,0,0,22039787
2019-08-26,8980835,25275690,0,0,0,25275690
2019-08-27,9682284,28066520,0,0,0,28066520
2019-08-28,10563654,26284688,0,0,0,26284688
2019-08-29,20247058,37316426,10000,10000,47800,37364226
2019-08-30,8912596,32553683,0,10000,45600,32599283
2019-09-02,7207955,36129144,0,10000,46600,36175744
2019-09-03,10148585,41540548,0,10000,47800,41588348
2019-09-04,28221135,52172689,0,10000,49500,52222189
2019-09-05,39305686,64119144,0,10000,49500,64168644
2019-09-06,21952564,61886379,0,10000,50800,61937179
2019-09-09,50360134,89803580,0,10000,53900,89857480
2019-09-10,38475694,93338905,0,0,0,93338905
2019-09-11,23452282,82602576,0,0,0,82602576
2019-09-12,16780310,72359073,0,0,0,72359073
2019-09-16,29345742,84536605,10000,10000,51600,84588205
2019-09-17,9441299,80198096,0,10000,50300,80248396
2019-09-18,14046846,83196602,0,10000,50700,83247302
2019-09-19,37950427,103271388,0,10000,52300,103323688
2019-09-20,13756830,89461537,0,10000,51500,89513037
2019-09-23,15801013,93860578,0,10000,50800,93911378
2019-09-24,20817552,96343181,0,10000,51300,96394481
2019-09-25,22445900,97722662,0,10000,51500,97774162
2019-09-26,11214942,82712993,0,0,0,82712993
2019-09-27,4913662,82557408,0,0,0,82557408
2019-09-30,2755239,76286291,0,0,0,76286291
2019-10-08,3093425,76525632,0,0,0,76525632
2019-10-09,3365247,77562432,20000,20000,93400,77655832
2019-10-10,5757038,79342753,0,0,0,79342753
2019-10-11,4538252,75719706,0,0,0,75719706
2019-10-14,8784509,74751735,0,0,0,74751735
2019-10-15,2689313,73312803,0,0,0,73312803
2019-10-16,2748286,74690526,0,0,0,74690526
2019-10-17,1847646,71209549,0,0,0,71209549
2019-10-18,3009081,68870186,0,0,0,68870186
2019-10-21,1622731,68714058,0,0,0,68714058
2019-10-22,2649159,68648812,0,0,0,68648812
2019-10-23,2710338,69497952,0,0,0,69497952
2019-10-24,2150577,68942620,0,0,0,68942620
2019-10-25,3724040,69404429,0,0,0,69404429
2019-10-28,8630598,74794301,0,0,0,74794301
2019-10-29,3472424,69900491,0,0,0,69900491
2019-10-30,2666220,69313129,0,0,0,69313129
2019-10-31,1562060,66879913,0,0,0,66879913
2019-11-01,3771490,68282202,0,0,0,68282202
2019-11-04,4790122,66966332,0,0,0,66966332
2019-11-05,4576205,69255261,0,0,0,69255261
2019-11-06,3455189,68582425,0,0,0,68582425
2019-11-07,1504006,68959691,0,0,0,68959691
2019-11-08,1573130,67573900,0,0,0,67573900
2019-11-11,1558090,65695499,0,0,0,65695499
2019-11-12,1868900,65587750,0,0,0,65587750
2019-11-13,1719083,66293976,0,0,0,66293976
2019-11-14,3170757,65847860,0,0,0,65847860
2019-11-15,2675144,66785932,0,0,0,66785932
2019-11-18,3024963,68339251,0,0,0,68339251
2019-11-19,6159294,71132417,0,0,0,71132417
2019-11-20,2828049,68149345,0,0,0,68149345
2019-11-21,1559341,67380946,0,0,0,67380946
2019-11-22,10414781,71874370,0,0,0,71874370
2019-11-25,6475372,73308425,0,0,0,73308425
2019-11-26,3358531,72936072,0,0,0,72936072
2019-11-27,2547332,69568798,0,0,0,69568798
2019-11-28,2038480,68742738,0,0,0,68742738
2019-11-29,457046,67387484,0,0,0,67387484
2019-12-02,882215,67057834,0,0,0,67057834
2019-12-03,4539392,69433389,0,0,0,69433389
2019-12-04,4835738,69136926,0,0,0,69136926
2019-12-05,8533306,74177634,0,0,0,74177634
2019-12-06,10740196,75484941,0,0,0,75484941
2019-12-09,56452827,105338698,0,0,0,105338698
2019-12-10,36274522,110512803,0,0,0,110512803
2019-12-11,20458158,105924926,0,0,0,105924926
2019-12-12,19399120,105739665,0,0,0,105739665
2019-12-13,13448297,101941963,0,0,0,101941963
2019-12-16,32977553,109040221,0,0,0,109040221
2019-12-17,26984335,108546413,0,0,0,108546413
2019-12-18,25196838,110412426,0,0,0,110412426
2019-12-19,22867264,121063783,0,0,0,121063783
2019-12-20,16000223,115688851,0,0,0,115688851
2019-12-23,7928301,109143509,0,0,0,109143509
2019-12-24,11828548,111545213,0,0,0,111545213
2019-12-25,35921782,126396277,0,0,0,126396277
2019-12-26,25390662,119917300,20000,20000,104000,120021300
2019-12-27,24922813,113083508,0,0,0,113083508
2019-12-30,24379313,125280253,0,0,0,125280253
2019-12-31,7732824,122870414,0,0,0,122870414
2020-01-02,15581839,124596102,0,0,0,124596102
2020-01-03,16876116,127436420,0,0,0,127436420
2020-01-06,38512715,145623804,0,0,0,145623804
2020-01-07,109481222,205395050,20000,20000,110400,205505450
2020-01-08,122566363,227686336,10000,10000,56400,227742736
2020-01-09,49121125,207330376,1900,11900,66045,207396421
2020-01-10,22140313,203791612,0,11900,65093,203856705
2020-01-13,29673430,209344327,0,11900,65212,209409539
2020-01-14,30825362,205045853,51700,63600,343440,205389293
2020-01-15,18226574,181526257,0,63600,344076,181870333
2020-01-16,20415742,180431971,0,13600,71400,180503371
2020-01-17,12369916,174005693,0,13600,71264,174076957
2020-01-20,21486605,176001238,0,3600,19476,176020714
2020-01-21,12034316,171572886,0,3600,19008,171591894
2020-01-22,16998844,165672535,80000,83600,450604,166123139
2020-01-23,15722376,149969220,0,3600,17928,149987148
2020-02-03,1519616,147080079,0,3600,16128,147096207
2020-02-04,14626965,142730682,0,0,0,142730682
2020-02-05,10572612,138676459,0,0,0,138676459
2020-02-06,11490657,139892668,0,0,0,139892668
2020-02-07,14104993,140670199,0,0,0,140670199
2020-02-10,11963873,138644060,20000,20000,93200,138737260
2020-02-11,10004720,137243022,0,20000,91200,137334222
2020-02-12,43091976,163914738,0,20000,96000,164010738
2020-02-13,25832961,165183192,0,20000,95800,165278992
2020-02-14,19195123,142327131,0,20000,96600,142423731
2020-02-17,58446292,162545183,60000,80000,412800,162957983
2020-02-18,47469653,153840820,40000,60000,318000,154158820
2020-02-19,53430879,161641630,60000,80000,428000,162069630
2020-02-20,103148691,213054194,40000,60000,345600,213399794
2020-02-21,94588583,245239599,0,60000,346800,245586399
2020-02-24,98432151,291463632,0,60000,381600,291845232
2020-02-25,221069580,350983266,60000,80000,560000,351543266
2020-02-26,103627870,299431523,40000,70000,441000,299872523
2020-02-27,51900142,292306792,1500,71500,434005,292740797
2020-02-28,42553784,267894903,100,71600,394516,268289419
2020-03-02,61516305,287840976,50100,71700,417294,288258270
2020-03-03,48569013,255842862,50200,71900,413425,256256287
2020-03-04,28870210,256115137,0,71900,417020,256532157
2020-03-05,38118579,255743721,0,71900,421334,256165055
2020-03-06,23735596,239965859,0,71900,411987,240377846
2020-03-09,34904638,231254452,0,71900,398326,231652778
2020-03-10,45786510,241171810,0,71900,418458,241590268
2020-03-11,41307349,235419555,0,21900,123735,235543290
2020-03-12,22108068,234452867,0,21900,124392,234577259
2020-03-13,36915652,232672992,0,21900,125706,232798698
2020-03-16,28587911,217339431,0,21900,120012,217459443
2020-03-17,24238937,222482807,0,21900,121545,222604352
2020-03-18,32186257,220012659,0,21800,113578,220126237
2020-03-19,21379381,214642309,100,21900,114537,214756846
2020-03-20,10737122,207868361,0,21900,114099,207982460
2020-03-23,15023338,193788805,0,21900,103587,193892392
2020-03-24,14020650,188904834,0,21900,106653,189011487
2020-03-25,11660971,191171669,0,21900,109062,191280731
2020-03-26,9569860,191598523,0,21900,106215,191704738
2020-03-27,14492218,194122816,0,21900,104025,194226841
2020-03-30,7700905,187548190,0,21900,98550,187646740
2020-03-31,6770868,187649088,0,21900,100302,187749390
2020-04-01,8108405,186702474,0,21900,101397,186803871
2020-04-02,15120783,195127583,0,21900,105777,195233360
2020-04-03,6313170,184347431,0,21900,104025,184451456
2020-04-07,16138510,191876625,0,20000,97600,191974225
2020-04-08,15021072,192286305,0,20000,99800,192386105
2020-04-09,10413548,182579608,0,20000,100600,182680208
2020-04-10,11344507,182179794,0,20000,96400,182276194
2020-04-13,4310541,180549576,0,0,0,180549576
2020-04-14,7943119,182155932,0,0,0,182155932
2020-04-15,6959906,176639690,0,0,0,176639690
2020-04-16,9628695,179202177,0,0,0,179202177
2020-04-17,10658390,177946225,0,0,0,177946225
2020-04-20,6663774,179377394,0,0,0,179377394
2020-04-21,5501990,175971219,0,0,0,175971219
2020-04-22,6705748,177150283,0,0,0,177150283
2020-04-23,7440708,175295437,0,0,0,175295437
2020-04-24,6553335,172788896,0,0,0,172788896
2020-04-27,2651014,170955047,0,0,0,170955047
2020-04-28,5095332,166987077,0,0,0,166987077
2020-04-29,3195531,167759074,0,0,0,167759074
2020-04-30,4170434,166671399,0,0,0,166671399
2020-05-06,6331093,166137483,0,0,0,166137483
2020-05-07,5266741,165439359,0,0,0,165439359
2020-05-08,9010034,166773813,0,0,0,166773813
2020-05-11,6859787,163984582,0,0,0,163984582
2020-05-12,3190246,162142276,0,0,0,162142276
2020-05-13,31266316,184825705,100000,100000,501000,185326705
2020-05-14,47995850,178315063,0,0,0,178315063
2020-05-15,28660626,185961934,0,0,0,185961934
2020-05-18,27873050,186711197,0,0,0,186711197
2020-05-19,19187709,187451559,0,0,0,187451559
2020-05-20,14756091,186162118,0,0,0,186162118
2020-05-21,11035299,187096032,0,0,0,187096032
2020-05-22,9472910,182559440,0,0,0,182559440
2020-05-25,6046143,183661608,0,0,0,183661608
2020-05-26,11324305,186275126,0,0,0,186275126
2020-05-27,11553645,181865596,0,0,0,181865596
2020-05-28,9148352,175292599,0,0,0,175292599
2020-05-29,7833678,178616495,0,0,0,178616495
2020-06-01,11122110,179194836,0,0,0,179194836
2020-06-02,15613136,186134654,0,0,0,186134654
2020-06-03,9498607,181124006,0,0,0,181124006
2020-06-04,9809307,181397428,0,0,0,181397428
2020-06-05,9283713,182253299,0,0,0,182253299
2020-06-08,9319956,184543312,0,0,0,184543312
2020-06-09,5381435,183505967,0,0,0,183505967
2020-06-10,8840752,175904323,100000,100000,468000,176372323
2020-06-11,12863654,177040388,0,100000,462000,177502388
2020-06-12,6934229,175186393,0,100000,453000,175639393
2020-06-15,7799490,178023819,0,100000,445000,178468819
2020-06-16,11075867,171276011,0,0,0,171276011
2020-06-17,29945266,179066956,100000,100000,476000,179542956
2020-06-18,11520599,172347766,0,100000,473000,172820766
2020-06-19,10093909,166153688,0,0,0,166153688
2020-06-22,16983551,168777484,100000,100000,475000,169252484
2020-06-23,7056404,166418088,0,100000,469000,166887088
2020-06-24,7513051,160216732,0,0,0,160216732
2020-06-29,8864169,161860260,0,0,0,161860260
2020-06-30,7592865,161851727,0,0,0,161851727
2020-07-01,8597287,159726996,0,0,0,159726996
2020-07-02,17886300,164033631,0,0,0,164033631
2020-07-03,17261695,166024929,100000,100000,481000,166505929
2020-07-06,31840954,171906747,0,100000,500000,172406747
2020-07-07,24993596,167088230,0,50000,254000,167342230
2020-07-08,26458273,174075472,50000,50000,262500,174337972
2020-07-09,38183164,183199642,0,0,0,183199642
2020-07-10,23926482,177929632,0,0,0,177929632
2020-07-13,47887952,189001774,0,0,0,189001774
2020-07-14,85420189,211981847,100000,100000,605000,212586847
2020-07-15,41932969,219123538,0,50000,283000,219406538
2020-07-16,28042519,215522225,0,0,0,215522225
2020-07-17,13823083,209192777,0,0,0,209192777
2020-07-20,30927750,222002204,50000,50000,277000,222279204
2020-07-21,20488368,223899156,0,0,0,223899156
2020-07-22,56746867,229664183,110000,110000,639100,230303283
2020-07-23,35995619,237697207,0,0,0,237697207
2020-07-24,16659452,231761595,0,0,0,231761595
2020-07-27,10122826,232614166,0,0,0,232614166
2020-07-28,12328765,230102047,0,0,0,230102047
2020-07-29,18611703,236593045,30000,30000,164400,236757445
2020-07-30,138749555,316525220,100000,130000,783900,317309120
2020-07-31,71577368,296159239,10000,90000,551700,296710939
2020-08-03,41115368,293024830,0,30000,190500,293215330
2020-08-04,33534103,284228820,0,30000,187800,284416620
2020-08-05,50406782,272480129,60000,90000,578700,273058829
2020-08-06,60894689,287813752,50000,80000,540000,288353752
2020-08-07,46412084,281891045,70000,100000,705000,282596045
2020-08-10,52313003,289526806,50000,100000,759000,290285806
2020-08-11,78042601,298909486,50000,90000,751500,299660986
2020-08-12,63520043,285897989,50000,90000,717300,286615289
2020-08-13,56139746,296516108,50000,90000,703800,297219908
2020-08-14,75570487,299289767,50000,90000,774000,300063767
2020-08-17,74948447,324988805,50000,90000,851400,325840205
2020-08-18,0,317621315,0,40000,378400,317999715
2020-08-19,0,310773382,0,40000,378400,311151782
2020-08-20,0,306980624,0,40000,378400,307359024
2020-08-21,0,303330266,0,40000,378400,303708666
2020-08-24,0,300911079,0,40000,378400,301289479
2020-08-25,2158987,283276828,0,10000,85100,283361928
2020-08-26,137429249,348429027,50000,60000,477000,348906027
2020-08-27,61402083,366441182,50000,60000,477600,366918782
2020-08-28,88849228,400397251,50000,60000,490200,400887451
2020-08-31,89821820,422061066,50000,60000,539400,422600466
2020-09-01,85818047,428164945,0,60000,593400,428758345
2020-09-02,113951778,465295548,50000,60000,604800,465900348
2020-09-03,53624088,458283677,0,60000,613200,458896877
2020-09-04,46921979,469521243,49929,109929,1130070,470651313
2020-09-07,63252292,448601899,50000,109929,1031134,449633033
2020-09-08,31083240,430923742,0,59929,545953,431469695
2020-09-09,38230225,427376106,0,59929,491418,427867524
2020-09-10,53311043,431735361,0,59929,449468,432184829
2020-09-11,69171792,427490538,0,59929,494414,427984952
2020-09-14,46753512,421855209,10000,69929,581110,422436319
2020-09-15,22584701,427236856,0,59900,500165,427737021
2020-09-16,18165228,423910558,0,10000,82400,423992958
2020-09-17,21962162,427741658,0,10000,80700,427822358
2020-09-18,30778908,445112364,0,10000,82700,445195064
2020-09-21,23139587,453622236,0,10000,81200,453703436
2020-09-22,28654298,462248337,0,10000,81100,462329437
2020-09-23,8923343,459696019,0,10000,80300,459776319
2020-09-24,8565986,451096263,0,10000,76600,451172863
2020-09-25,4927048,443420667,0,10000,76300,443496967
2020-09-28,9343511,437724244,0,10000,74300,437798544
2020-09-29,10146893,439014189,0,10000,77100,439091289
2020-09-30,5761310,437919315,0,0,0,437919315
2020-10-09,13727578,438788916,0,0,0,438788916
2020-10-12,23551838,449222050,0,0,0,449222050
2020-10-13,7822281,439548544,0,0,0,439548544
2020-10-14,14065206,445251562,0,0,0,445251562
2020-10-15,9856528,443452629,5000,5000,38200,443490829
2020-10-16,14299652,447560341,5000,10000,77900,447638241
2020-10-19,8805315,445236373,0,10000,75200,445311573
2020-10-20,5849562,442960242,0,10000,74300,443034542
2020-10-21,4098090,439549218,0,10000,71200,439620418
2020-10-22,5419435,431503447,0,10000,70300,431573747
2020-10-23,4250795,400815630,0,10000,67100,400882730
2020-10-26,4714758,394167796,50000,60000,391800,394559596
2020-10-27,5935401,395853690,0,60000,388800,396242490
2020-10-28,12035515,390909385,0,60000,393600,391302985
2020-10-29,10176358,386417818,0,60000,393000,386810818
2020-10-30,11161107,393247684,0,10000,64400,393312084
2020-11-02,3165241,380988403,0,10000,63500,381051903
2020-11-03,7378531,373396502,0,10000,65700,373462202
2020-11-04,6069948,372790274,0,10000,64800,372855074
2020-11-05,25032838,387520457,0,10000,69200,387589657
2020-11-06,17081566,393478356,0,10000,67100,393545456
2020-11-09,19544545,388913573,100000,110000,775500,389689073
2020-11-10,17434568,393843196,0,60000,412800,394255996
2020-11-11,8965343,392809819,0,10000,66800,392876619
2020-11-12,7192733,392636355,0,10000,65500,392701855
2020-11-13,3934805,389935455,0,10000,66300,390001755
2020-11-16,11294572,390583826,0,10000,66300,390650126
2020-11-17,6046430,389442852,0,10000,64800,389507652
2020-11-18,2859709,382934256,0,10000,65200,382999456
2020-11-19,3477555,379836381,0,10000,65400,379901781
2020-11-20,8453312,359506301,0,10000,63900,359570201
2020-11-23,15500332,355945976,0,10000,65500,356011476
2020-11-24,12392173,354481973,0,10000,65800,354547773
2020-11-25,11828454,353066693,0,10000,67200,353133893
2020-11-26,48657415,375464302,0,10000,70300,375534602
2020-11-27,19434440,378563031,0,10000,68800,378631831
2020-11-30,13627177,366531226,0,0,0,366531226
2020-12-01,8866327,354002546,0,0,0,354002546
2020-12-02,6252362,343431872,10000,10000,66700,343498572
2020-12-03,11678512,343863036,10000,20000,135200,343998236
2020-12-04,14548729,341109258,0,20000,139400,341248658
2020-12-07,25196467,344067601,0,10000,70700,344138301
2020-12-08,48272696,362975183,0,10000,76300,363051483
2020-12-09,28249298,363486895,0,10000,71700,363558595
2020-12-10,15122434,364833708,0,10000,72300,364906008
2020-12-11,26096689,369836758,0,10000,73900,369910658
2020-12-14,21521609,364923129,0,10000,73400,364996529
2020-12-15,12579918,355624175,0,10000,69900,355694075
2020-12-16,12405459,343400219,0,10000,66700,343466919
2020-12-17,7826596,338416185,0,10000,64800,338480985
2020-12-18,30644105,334606643,0,10000,71300,334677943
2020-12-21,49728306,342240587,60000,70000,525000,342765587
2020-12-22,29050279,343744368,0,10000,72900,343817268
2020-12-23,28103200,353635316,0,10000,73900,353709216
2020-12-24,40433430,358197166,20000,30000,228000,358425166
2020-12-25,27584435,344331246,0,20000,154600,344485846
2020-12-28,26066914,345173887,10000,20000,151400,345325287
2020-12-29,22377986,348918006,0,20000,146600,349064606
2020-12-30,31864530,353774803,0,10000,76100,353850903
2020-12-31,23438914,351158279,0,10000,75800,351234079
2021-01-04,50536153,363518261,70000,80000,657600,364175861
2021-01-05,34290219,344036394,40000,40000,352000,344388394
2021-01-06,37285934,351473574,60000,60000,520800,351994374
2021-01-07,62763670,374967681,60000,60000,535200,375502881
2021-01-08,46192450,387653904,60000,60000,561000,388214904
2021-01-11,75323330,413506487,37700,37700,335907,413842394
2021-01-12,35219685,393388677,0,0,0,393388677
2021-01-13,32376171,395204293,10000,10000,88500,395292793
2021-01-14,25068594,398297004,20000,30000,265200,398562204
2021-01-15,56426098,417078334,0,10000,94000,417172334
2021-01-18,53849124,433140820,30000,40000,393600,433534420
2021-01-19,46160781,446156823,0,20000,195600,446352423
2021-01-20,65931932,487477041,20000,40000,405200,487882241
2021-01-21,29873846,466188020,0,40000,394800,466582820
2021-01-22,34937841,452120729,0,40000,384400,452505129
2021-01-25,37084380,429690042,0,20000,178600,429868642
2021-01-26,30394416,429569671,20000,40000,327200,429896871
2021-01-27,28662099,436284557,10000,50000,410000,436694557
2021-01-28,28050990,439241517,0,50000,414500,439656017
2021-01-29,11725670,434305636,0,30000,251700,434557336
2021-02-01,31787205,447187625,10000,40000,349200,447536825
2021-02-02,20173114,445866614,0,30000,264000,446130614
2021-02-03,24312640,446444686,5000,35000,320250,446764936
2021-02-04,27661938,450170591,14000,44000,362560,450533151
2021-02-05,30086597,449923567,5000,35000,259700,450183267
2021-02-08,6400599,444485661,3200,23200,171216,444656877
2021-02-09,8324483,438930987,5000,25000,194750,439125737
2021-02-10,5418673,433931770,0,20000,156000,434087770
2021-02-18,10432041,436751757,0,20000,155400,436907157
2021-02-19,14377437,434515187,0,20000,160800,434675987
2021-02-22,22650087,435137724,0,20000,159400,435297124
2021-02-23,4127193,429119155,0,20000,154800,429273955
2021-02-24,12540585,425448824,0,20000,151000,425599824
2021-02-25,8638727,426986743,0,20000,149200,427135943
2021-02-26,9285654,428660190,0,20000,154800,428814990
2021-03-01,17552935,435925158,0,20000,156400,436081558
2021-03-02,14239193,417712680,0,20000,150200,417862880
2021-03-03,7261097,408867058,0,20000,151200,409018258
2021-03-04,14493474,404832768,0,20000,141600,404974368
2021-03-05,31295206,423505818,5000,25000,183750,423689568
2021-03-08,5397756,396597269,5000,25000,180250,396777519
2021-03-09,4815472,395296099,5000,25000,175000,395471099
2021-03-10,2289441,393262204,5000,25000,171500,393433704
2021-03-11,5272147,392762129,5000,25000,179500,392941629
2021-03-12,10533071,396574809,35000,55000,388850,396963659
2021-03-15,4401691,395700152,2300,52300,363485,396063637
2021-03-16,5630415,399175425,4400,24400,170800,399346225
2021-03-17,27008145,415738503,65000,75000,553500,416292003
2021-03-18,15248454,408404911,5000,15000,108600,408513511
2021-03-19,13054933,409273196,3700,13700,97955,409371151
2021-03-22,11037630,403832995,5000,15000,107850,403940845
2021-03-23,5747742,396580618,500,10500,74025,396654643
2021-03-24,7207573,398833122,0,10000,69500,398902622
2021-03-25,3092266,361538629,4300,14300,98241,361636870
2021-03-26,4423012,363064566,2500,12500,87250,363151816
2021-03-29,5385101,362828955,2900,12900,89010,362917965
2021-03-30,5340958,360105866,3900,13900,95215,360201081
2021-03-31,5839594,357328982,60000,70000,472500,357801482
2021-04-01,3153411,349453832,2800,67800,461718,349915550
2021-04-02,9126045,342612454,2900,67900,478016,343090470
2021-04-06,15124404,350040945,4000,69000,496110,350537055
2021-04-07,6521849,350572755,500,65500,463740,351036495
2021-04-08,24431344,365590852,5000,70000,510300,366101152
2021-04-09,31326079,384771643,5000,70000,518000,385289643
2021-04-12,17534133,391236512,0,67900,500423,391736935
2021-04-13,14013149,396916696,1200,66200,483922,397400618
2021-04-14,9932839,399387593,0,65000,472550,399860143
2021-04-15,13159719,402343375,0,65000,483600,402826975
2021-04-16,14382649,403606771,0,65000,487500,404094271
2021-04-19,22323452,411147799,0,65000,508950,411656749
2021-04-20,11802301,409655663,0,65000,505700,410161363
2021-04-21,9464698,403630107,0,65000,492700,404122807
2021-04-22,12771580,397786696,0,65000,499850,398286546
2021-04-23,4403622,392763151,0,65000,497900,393261051
2021-04-26,22758090,380661273,0,65000,500500,381161773
2021-04-27,13958733,376729992,0,65000,471900,377201892
2021-04-28,7816434,374334562,0,65000,471900,374806462
2021-04-29,11498754,377120823,0,55000,399850,377520673
2021-04-30,5785728,361976468,0,55000,389950,362366418
2021-05-06,4623801,362938142,0,55000,391600,363329742
2021-05-07,9082357,362477061,0,55000,381700,362858761
2021-05-10,11508792,369589697,0,55000,385550,369975247
2021-05-11,5158302,369621358,0,55000,383350,370004708
2021-05-12,5572549,369907556,0,55000,389950,370297506
2021-05-13,17929971,381113327,0,55000,386650,381499977
2021-05-14,5783247,377574105,0,55000,386650,377960755
2021-05-17,10390832,373058332,0,55000,375100,373433432
2021-05-18,4041680,370921464,0,55000,373450,371294914
2021-05-19,8617184,369759012,2200,57200,392964,370151976
2021-05-20,7273112,369790570,2200,57200,385528,370176098
2021-05-21,2126856,368532010,700,57200,384384,368916394
2021-05-24,15224316,369065989,2200,57200,396396,369462385
2021-05-25,10292238,369023711,6500,62700,433257,369456968
2021-05-26,16515516,379177276,2200,62700,428241,379605517
2021-05-27,14001666,373535916,2200,62700,433257,373969173
2021-05-28,14562146,370098480,7200,67700,471192,370569672
2021-05-31,22534982,363217219,5000,60000,432000,363649219
2021-06-01,41337388,392468507,5000,60000,427200,392895707
2021-06-02,19042627,376694788,5000,60000,425400,377120188
2021-06-03,26915737,385957024,5000,60000,407400,386364424
2021-06-04,70493658,419738424,5000,60000,438600,420177024
2021-06-07,84288541,441493745,5000,60000,453600,441947345
2021-06-08,58720418,431542051,5000,60000,451800,431993851
2021-06-09,45209971,439793970,5000,60000,444600,440238570
2021-06-10,48537335,449551440,0,55000,410850,449962290
2021-06-11,41863881,441644237,0,55000,392700,442036937
2021-06-15,23838438,442383233,0,55000,392700,442775933
2021-06-16,18027273,442084942,0,55000,380600,442465542
2021-06-17,23908414,430291936,0,55000,369600,430661536
2021-06-18,37772612,425936756,0,55000,394350,426331106
2021-06-21,36537953,423822689,0,55000,405350,424228039
2021-06-22,24017717,420858595,0,55000,404800,421263395
2021-06-23,85697833,467358883,0,55000,426250,467785133
2021-06-24,29921420,427375183,0,55000,417450,427792633
2021-06-25,23664028,414920466,0,55000,408650,415329116
2021-06-28,24516072,401754917,0,55000,405350,402160267
2021-06-29,25329245,407033506,0,55000,392150,407425656
2021-06-30,25387038,399762642,0,55000,399300,400161942
2021-07-01,57700005,390149027,0,55000,406450,390555477
2021-07-02,29279451,376745610,0,55000,447150,377192760
2021-07-05,181418127,477832260,0,55000,461450,478293710
2021-07-06,126867523,510891691,0,55000,473000,511364691
2021-07-07,106505033,503943137,0,55000,467500,504410637
2021-07-08,94167799,491282280,0,55000,475200,491757480
2021-07-09,100937926,494373086,0,55000,488400,494861486
2021-07-12,155117815,549007868,0,55000,504900,549512768
2021-07-13,84977227,541647877,0,55000,484550,542132427
2021-07-14,60849079,504709986,0,55000,462000,505171986
2021-07-15,37863078,497743602,0,55000,468050,498211652
2021-07-16,43915109,473827329,0,55000,456500,474283829
2021-07-19,32721535,470141342,0,55000,454300,470595642
2021-07-20,51393538,485016231,10000,65000,553800,485570031
2021-07-21,76822565,497785851,0,65000,559000,498344851
2021-07-22,50490606,477154957,0,65000,560950,477715907
2021-07-23,91759621,491408987,0,65000,572000,491980987
2021-07-26,66777703,495054104,0,65000,546000,495600104
2021-07-27,64601286,485107729,0,65000,552500,485660229
2021-07-28,40954877,455624868,10000,75000,576000,456200868
2021-07-29,35051499,427054476,0,65000,549250,427603726
2021-07-30,43153678,410488926,0,65000,564850,411053776
2021-08-02,57019416,428814786,0,65000,568750,429383536
2021-08-03,40210110,420098240,0,65000,544050,420642290
2021-08-04,61920208,434306965,0,65000,577200,434884165
2021-08-05,73481114,451010675,0,65000,573300,451583975
2021-08-06,80210890,470502500,0,65000,598000,471100500
2021-08-09,92272674,517602794,0,55000,489500,518092294
2021-08-10,54658341,511862225,0,55000,482350,512344575
2021-08-11,77556193,526522307,0,55000,486200,527008507
2021-08-12,65703710,548489782,0,55000,480150,548969932
2021-08-13,52080634,539880713,0,38800,330188,540210901
2021-08-16,36316183,540559523,0,38800,325144,540884667
2021-08-17,31557120,524802934,0,38800,319324,525122258
2021-08-18,20138412,511428571,0,38800,322040,511750611
2021-08-19,25127272,507797604,0,38800,320876,508118480
2021-08-20,27459145,510354544,0,38800,322428,510676972
2021-08-23,48520535,528557962,0,38800,333292,528891254
2021-08-24,47964989,535648286,0,38800,329800,535978086
2021-08-25,40392909,539738607,0,38800,327860,540066467
2021-08-26,33616185,533202819,0,38800,317772,533520591
2021-08-27,34909209,533144524,0,38800,325532,533470056
2021-08-30,109702135,529631826,0,38800,345320,529977146
2021-08-31,89227110,539974770,0,38800,348424,540323194
2021-09-01,80598851,540089837,0,38800,323592,540413429
2021-09-02,83342106,531762308,14000,52800,470976,532233284
2021-09-03,110706186,520856743,0,52800,481008,521337751
2021-09-06,122056468,559188592,0,52800,495264,559683856
2021-09-07,105868001,541708032,0,52800,510576,542218608
2021-09-08,96806035,562010417,0,52800,503184,562513601
2021-09-09,86634486,590230534,0,52800,502128,590732662
2021-09-10,81396420,582771975,0,14000,133700,582905675
2021-09-13,64231782,576159844,0,14000,135940,576295784
2021-09-14,101819904,577478272,0,14000,137620,577615892
2021-09-15,114136003,601338211,0,14000,143080,601481291
2021-09-16,97001659,594846915,0,14000,132440,594979355
2021-09-17,139734890,628187529,10000,24000,249840,628437369
2021-09-22,166763543,668572403,0,24000,258480,668830883
2021-09-23,144227918,701727906,0,24000,259920,701987826
2021-09-24,79906887,701413299,0,24000,249600,701662899
2021-09-27,100383420,713670903,0,24000,224640,713895543
2021-09-28,28077067,704848098,0,24000,226080,705074178
2021-09-29,47976254,710354570,0,24000,217920,710572490
2021-09-30,33571636,692591171,5000,29000,275210,692866381
2021-10-08,46700092,717686195,5000,29000,270860,717957055
2021-10-11,23453025,715015443,5000,19000,175750,715191193
2021-10-12,35042385,693349861,5000,19000,163970,693513831
2021-10-13,24735061,698224921,4900,18900,161028,698385949
2021-10-14,14955559,690977607,19900,33900,288489,691266096
2021-10-15,16717648,684838224,100,31200,262392,685100616
2021-10-18,16002998,672533374,10000,34000,289340,672822714
2021-10-19,24726433,669174723,0,28600,243386,669418109
2021-10-20,46160897,674867470,10000,34000,298180,675165650
2021-10-21,19770802,662743460,1400,33300,291042,663034502
2021-10-22,30758094,658409702,3600,33900,297642,658707344
2021-10-25,30314791,647459367,4400,24000,213360,647672727
2021-10-26,25621960,644741348,10000,24000,210720,644952068
2021-10-27,59301258,660323699,10000,24000,219360,660543059
2021-10-28,25324580,639308171,5500,19500,171795,639479966
2021-10-29,30274610,631148999,10000,24000,214560,631363559
2021-11-01,34832410,633563834,10000,24000,216720,633780554
2021-11-02,41052322,617997689,2300,24000,207600,618205289
2021-11-03,25679487,598953609,10000,24000,198960,599152569
2021-11-04,17004316,584720065,10000,24000,203760,584923825
2021-11-05,23985113,589129410,18500,32500,265850,589395260
2021-11-08,16760449,584179991,16000,32000,262400,584442391
2021-11-09,28886161,582287521,8800,22800,193116,582480637
2021-11-10,30636193,581594160,18500,32500,281125,581875285
2021-11-11,13687085,576315808,11800,30300,260580,576576388
2021-11-12,19087482,572660963,18500,32500,282425,572943388
2021-11-15,60086971,598348827,18500,32500,288600,598637427
2021-11-16,23294708,572530296,18500,32500,280475,572810771
2021-11-17,21313646,568154543,10500,24500,213640,568368183
2021-11-18,26793692,560679029,18500,32500,283075,560962104
2021-11-19,25738476,547635140,16100,16100,142485,547777625
2021-11-22,47297325,539603673,18500,18500,171310,539774983
2021-11-23,29936737,527329559,18500,18500,170940,527500499
2021-11-24,40791042,530979608,0,0,0,530979608
2021-11-25,42931826,547017260,8500,8500,77775,547095035
2021-11-26,44776346,550847993,13500,13500,124740,550972733
2021-11-29,33555466,547067393,13500,13500,126225,547193618
2021-11-30,55483655,554402011,13500,13500,128115,554530126
2021-12-01,45879470,565777548,13500,13500,128655,565906203
2021-12-02,35469497,564485710,23500,23500,218550,564704260
2021-12-03,19848149,549573474,18100,23000,211830,549785304
2021-12-06,18830010,540241155,23500,23500,209855,540451010
2021-12-07,36887268,545746938,23500,23500,199045,545945983
2021-12-08,42024950,571011953,23500,23500,200690,571212643
2021-12-09,21396448,556036790,23500,23500,201395,556238185
2021-12-10,15722649,557321450,17500,18032,153272,557474722
2021-12-13,14139009,546623180,11000,16732,142222,546765402
2021-12-14,27027024,546948560,7200,17132,144080,547092640
2021-12-15,30007753,547077004,9800,9800,84378,547161382
2021-12-16,17934903,542096122,0,4800,40848,542136970
2021-12-17,17164733,543442019,3500,8300,69305,543511324
2021-12-20,15549126,528816999,18200,18800,152092,528969091
2021-12-21,7816989,523746288,3400,19400,158110,523904398
2021-12-22,15797361,516335631,2400,19700,161737,516497368
2021-12-23,5995064,513294066,3600,23300,191060,513485126
2021-12-24,12752813,506327469,700,17000,135830,506463299
2021-12-27,10476954,508612640,1300,18300,147681,508760321
2021-12-28,10149165,508173400,700,19000,154470,508327870
2021-12-29,6592330,505572040,2700,21700,174902,505746942
2021-12-30,6341236,490215196,0,11700,94536,490309732
2021-12-31,9311318,484941423,800,8100,65610,485007033
2022-01-04,14786440,477017297,6900,15000,121800,477139097
2022-01-05,10108314,475893211,10200,15000,120150,476013361
2022-01-06,14830834,464609018,3500,12800,100736,464709754
2022-01-07,12519393,459113246,2200,13300,103740,459216986
2022-01-10,12343201,460949589,7900,17900,138009,461087598
2022-01-11,17247612,466994968,5000,17900,138904,467133872
2022-01-12,10500091,469971131,1700,17900,139441,470110572
2022-01-13,7413726,465680391,0,2900,22156,465702547
2022-01-14,5714434,462636612,0,2900,21924,462658536
2022-01-17,9140435,464418377,2400,5300,40916,464459293
2022-01-18,6615789,459763308,4500,9800,75558,459838866
2022-01-19,2865389,456743573,1900,11200,85904,456829477
2022-01-20,12436161,456830335,1500,12600,94122,456924457
2022-01-21,9476167,456448103,100,12700,92456,456540559
2022-01-24,5820426,455040327,0,12700,91567,455131894
2022-01-25,11686927,451690434,0,12700,86741,451777175
2022-01-26,4794496,444523552,0,12600,88830,444612382
2022-01-27,2001347,438327390,0,2900,19894,438347284
2022-01-28,2452971,434218489,0,2900,20213,434238702
2022-02-07,11039396,439422288,0,2900,20909,439443197
2022-02-08,3266777,433495051,1100,4000,29280,433524331
2022-02-09,7890281,433268744,0,4000,29400,433298144
2022-02-10,3952482,431892325,0,4000,29280,431921605
2022-02-11,12730893,439472629,0,4000,28800,439501429
2022-02-14,10495874,442548212,0,4000,29200,442577412
2022-02-15,4369848,441093631,0,4000,29760,441123391
2022-02-16,3928632,440543415,0,4000,29800,440573215
2022-02-17,4795502,437164782,0,4000,29880,437194662
2022-02-18,7450488,440478615,0,4000,29800,440508415
2022-02-21,19821837,435565150,0,4000,28640,435593790
2022-02-22,6366401,433981674,0,4000,28000,434009674
2022-02-23,8745426,431910320,0,4000,28680,431939000
2022-02-24,6829062,414394174,0,4000,28400,414422574
2022-02-25,5107843,411954401,0,4000,28400,411982801
2022-02-28,6694315,415485436,0,4000,28240,415513676
2022-03-01,5331364,415286537,0,4000,28280,415314817
2022-03-02,2965699,412224844,0,4000,28120,412252964
2022-03-03,11375957,409093275,0,4000,27840,409121115
2022-03-04,4761720,406411344,0,4000,27560,406438904
2022-03-07,6276195,407216651,0,4000,26760,407243411
2022-03-08,4075849,404257070,0,4000,25920,404282990
2022-03-09,4142591,403090660,4600,8600,56158,403146818
2022-03-10,4788135,403941219,12400,21000,137970,404079189
2022-03-11,4495994,403237210,100,16600,109560,403346770
2022-03-14,3782949,401616059,4600,21200,133984,401750043
