日期,融资买入额(元),融资余额(元),融券卖出量,融券余量,融券余额(元),融资融券余额(元)
2017-07-12,13203449,548404297,0,208,3773,548408070
2017-07-13,3657165,537444930,13300,13508,246521,537691451
2017-07-14,5769218,522240056,11300,12408,233270,522473326
2017-07-17,8185448,510181374,34900,39808,730875,510912249
2017-07-18,5315511,508605818,7500,7753,140407,508746225
2017-07-19,10020886,508658035,39600,39853,734092,509392127
2017-07-20,26119211,497709125,0,253,4845,497713970
2017-07-21,16261894,497078283,36900,37153,702935,497781218
2017-07-24,20722652,507590229,10200,10453,195994,507786223
2017-07-25,20079555,517452348,500,753,13840,517466188
2017-07-26,15397431,524383710,400,648,11852,524395562
2017-07-27,19679336,526667186,0,158,2945,526670131
2017-07-28,9496686,515315466,31295,31453,596978,515912444
2017-07-31,21388719,518910363,16000,16253,306044,519216407
2017-08-01,13676242,518897060,10100,10353,195672,519092732
2017-08-02,35265699,531287417,37100,37353,722407,532009824
2017-08-03,32073695,528515665,10100,10353,203954,528719619
2017-08-04,19997723,516491414,37100,41353,802662,517294076
2017-08-07,24270188,536902429,3100,8653,166397,537068826
2017-08-08,15904939,545453673,0,253,4832,545458505
2017-08-09,12763502,540670176,47200,47453,910623,541580799
2017-08-10,21289086,548553925,0,253,4784,548558709
2017-08-11,30616274,554025037,42600,42853,793209,554818246
2017-08-14,45217659,584395194,0,23253,436924,584832118
2017-08-15,85264561,586350177,9700,15053,304673,586654850
2017-08-16,39883775,584492060,0,253,5083,584497143
2017-08-17,23914426,573394489,12400,12653,255338,573649827
2017-08-18,14118600,567042701,34810,35063,700559,567743260
2017-08-21,22302592,561854359,852,1115,22802,561877161
2017-08-22,19573624,568001459,22000,22215,447632,568449091
2017-08-23,22514174,576858878,25167,25482,503015,577361893
2017-08-24,11613001,577975767,21900,22282,440070,578415837
2017-08-25,11210835,576686732,2500,8782,176518,576863250
2017-08-28,26622976,568716632,7585,7767,157670,568874302
2017-08-29,11345729,560639846,12600,15267,307477,560947323
2017-08-30,37921022,554650347,9400,9667,203007,554853354
2017-08-31,44318530,580569569,3700,11767,245577,580815146
2017-09-01,55234600,617478014,11000,12367,258223,617736237
2017-09-04,36698426,612188065,0,267,5658,612193723
2017-09-05,18976757,613846506,22400,22667,480314,614326820
2017-09-06,29757161,630117214,1800,2067,43304,630160518
2017-09-07,22023077,621792457,6800,8267,175260,621967717
2017-09-08,29783965,623634537,39081,39348,828275,624462812
2017-09-11,37954915,616112592,0,37748,808940,616921532
2017-09-12,26426478,606464325,9600,23248,499367,606963692
2017-09-13,27377985,592732839,2341,2589,55223,592788062
2017-09-14,37599090,605868317,29600,30389,643943,606512260
2017-09-15,28746639,612225100,9000,33789,720044,612945144
2017-09-18,21378455,604702285,0,7689,165160,604867445
2017-09-19,21708217,604696869,39700,47389,1032132,605729001
2017-09-20,25678135,611315533,0,263,5689,611321222
2017-09-21,15364259,608334937,20000,20263,432615,608767552
2017-09-22,16661103,601548179,27100,27363,582558,602130737
2017-09-25,8952940,601975300,20000,31863,672947,602648247
2017-09-26,50688379,625358373,15500,22663,464592,625822965
2017-09-27,19269905,627012079,0,7363,151531,627163610
2017-09-28,14079743,622331568,0,263,5439,622337007
2017-09-29,16256664,614606625,0,263,5481,614612106
2017-10-09,43447722,615439593,47100,47363,1007885,616447478
2017-10-10,21776981,625440478,0,263,5528,625446006
2017-10-11,27147738,630246650,47100,47363,964311,631210961
2017-10-12,19245788,633523054,0,263,5378,633528432
2017-10-13,12603532,632311252,0,263,5394,632316646
2017-10-16,25529609,638038244,47100,47363,961469,638999713
2017-10-17,30545713,639993782,0,263,5297,639999079
2017-10-18,12468503,641894078,47100,47363,937787,642831865
2017-10-19,15775790,644467925,0,263,5142,644473067
2017-10-20,23379622,635373766,400,663,12955,635386721
2017-10-23,10446266,635951003,0,184,3656,635954659
2017-10-24,16555129,640714175,41700,41884,830560,641544735
2017-10-25,10891434,642034614,0,184,3673,642038287
2017-10-26,59622612,664912913,0,184,3628,664916541
2017-10-27,23223861,671878723,7800,7984,155049,672033772
2017-10-30,43176005,685198557,22300,22484,428320,685626877
2017-10-31,19562406,664767657,4700,4884,93284,664860941
2017-11-01,28151043,677106441,7200,7384,142437,677248878
2017-11-02,19213640,689059285,34486,41870,803067,689862352
2017-11-03,13021579,690751821,0,270,5111,690756932
2017-11-06,64092943,726305265,14936,15109,297496,726602761
2017-11-07,27380181,738357387,16800,31909,632436,738989823
2017-11-08,21155702,749518961,0,123,2416,749521377
2017-11-09,42958702,766803479,32000,32123,643424,767446903
2017-11-10,35104397,766151490,0,15223,308114,766459604
2017-11-13,44682274,783793676,25800,41023,813076,784606752
2017-11-14,42453947,796695576,0,40023,782049,797477625
2017-11-15,67545333,816646233,1000,16223,320729,816966962
2017-11-16,41535774,827955969,24800,24923,485999,828441968
2017-11-17,30431026,818149283,1000,25123,475327,818624610
2017-11-20,22664011,819891831,800,923,17832,819909663
2017-11-21,39886444,823258379,25000,25123,471810,823730189
2017-11-22,45175390,814499979,800,923,16771,814516750
2017-11-23,37145274,827459947,25000,25123,440406,827900353
2017-11-24,26561987,836687448,800,923,15876,836703324
2017-11-27,26091354,841756936,25037,25160,438539,842195475
2017-11-28,17798787,838625854,800,960,16954,838642808
2017-11-29,27577427,837337562,25000,25160,447596,837785158
2017-11-30,17010946,838453620,800,800,14000,838467620
2017-12-01,24604707,848307956,15200,15200,262960,848570916
2017-12-04,10056187,837623905,10800,25500,447270,838071175
2017-12-05,12746822,831107121,500,20000,348000,831455121
2017-12-06,13476940,833062817,6000,6000,105540,833168357
2017-12-07,11626247,829232825,20000,22300,387574,829620399
2017-12-08,12335161,821579004,3700,3700,65305,821644309
2017-12-11,8141323,807145599,22300,22300,406306,807551905
2017-12-12,8810567,801846452,0,0,0,801846452
2017-12-13,24770318,807611421,0,0,0,807611421
2017-12-14,12241743,805239028,21500,21500,393880,805632908
2017-12-15,12450488,795571270,13400,13400,242272,795813542
2017-12-18,12661094,795893409,12600,26000,470340,796363749
2017-12-19,6781111,798193271,0,0,0,798193271
2017-12-20,55313559,805458017,26000,26000,446940,805904957
2017-12-21,26757311,815241763,0,0,0,815241763
2017-12-22,8201565,806790930,19400,19400,336978,807127908
2017-12-25,10490613,789869665,6600,26000,438620,790308285
2017-12-26,8885968,792900931,0,26000,438880,793339811
2017-12-27,16278075,803971999,0,26000,437580,804409579
2017-12-28,22956756,799481299,0,0,0,799481299
2017-12-29,14063282,797755436,0,0,0,797755436
2018-01-02,29234226,799871640,26000,26000,430820,800302460
2018-01-03,18341565,802225137,0,0,0,802225137
2018-01-04,13341998,783944915,26000,26000,444080,784388995
2018-01-05,21664724,781605440,0,26000,450580,782056020
2018-01-08,25235723,786035930,0,0,0,786035930
2018-01-09,12468682,786454274,20200,20200,345016,786799290
2018-01-10,30331293,807511272,5800,25400,424688,807935960
2018-01-11,13304208,801876590,600,600,10224,801886814
2018-01-12,41983735,834584803,25400,26000,427700,835012503
2018-01-15,36609556,857737224,0,21800,348800,858086024
2018-01-16,29357588,873192179,11100,32900,523110,873715289
2018-01-17,24293194,863644443,0,0,0,863644443
2018-01-18,18784948,869555139,26000,26000,410020,869965159
2018-01-19,37286155,889922357,0,0,0,889922357
2018-01-22,23346422,894505551,26000,26000,403000,894908551
2018-01-23,26937350,907254256,0,0,0,907254256
2018-01-24,24621448,902357764,2800,2800,44240,902402004
2018-01-25,14996447,898635387,23200,23200,366328,899001715
2018-01-26,14439639,896118011,2800,2800,43680,896161691
2018-01-29,11221210,899339042,23200,24600,377610,899716652
2018-01-30,8792397,902038289,1400,3000,46080,902084369
2018-01-31,45860600,915286373,23000,26000,380380,915666753
2018-02-01,18324910,915893916,0,0,0,915893916
2018-02-02,20568558,919927288,26000,26000,376480,920303768
2018-02-05,6355468,920178039,0,0,0,920178039
2018-02-06,9530114,913720688,26000,26000,366860,914087548
2018-02-07,17557677,908751053,0,0,0,908751053
2018-02-08,18254102,895623258,14000,14000,196000,895819258
2018-02-09,5137795,889375167,7000,7000,97160,889472327
2018-02-12,4673856,882956262,1000,1000,14620,882970882
2018-02-13,4620115,873210608,25000,26000,391300,873601908
2018-02-14,3234601,861004558,0,26000,390780,861395338
2018-02-22,6613798,858317133,0,0,0,858317133
2018-02-23,6763836,856865125,11000,11000,168190,857033315
2018-02-26,19215862,861324995,0,0,0,861324995
2018-02-27,17044280,866828334,0,0,0,866828334
2018-02-28,32570517,839575845,11000,11000,188650,839764495
2018-03-01,24141679,828601791,15000,15000,262050,828863841
2018-03-02,17106304,832755147,21600,21600,372816,833127963
2018-03-05,12804719,836691220,60500,71100,1236429,837927649
2018-03-06,13216345,833768949,24600,95700,1674750,835443699
2018-03-07,26846601,850320562,0,95700,1639341,851959903
2018-03-08,14614866,848204604,0,81000,1378620,849583224
2018-03-09,14059692,822666993,7400,77400,1360692,824027685
2018-03-12,27770102,818559333,11000,81000,1440990,820000323
2018-03-13,16588364,823038278,60000,130000,2276300,825314578
2018-03-14,10159665,823935401,31000,161000,2762760,826698161
2018-03-15,24394798,838270231,0,150000,2538000,840808231
2018-03-16,11005445,837680943,0,150000,2526000,840206943
2018-03-19,6589745,833920981,11000,141000,2413920,836334901
2018-03-20,17444768,847601863,18200,148200,2500134,850101997
2018-03-21,11277271,851532972,0,148200,2491242,854024214
2018-03-22,11038597,852565256,3000,133000,2261000,854826256
2018-03-23,17782273,856882417,16000,146000,2319940,859202357
2018-03-26,8290712,855529330,3000,141000,2246130,857775460
2018-03-27,15812912,855564416,11000,152000,2494320,858058736
2018-03-28,9089279,848104085,3300,133300,2162126,850266211
2018-03-29,12795205,852931973,11000,141000,2288430,855220403
2018-03-30,33508584,841143406,0,130000,2224300,843367706
2018-04-02,97739204,834363238,11000,141000,2653620,837016858
2018-04-03,75648574,825682769,83200,213200,4018820,829701589
2018-04-04,32213415,804877872,83500,213500,3949750,808827622
2018-04-09,43030253,818221462,34200,238600,4330590,822552052
2018-04-10,23770591,809343791,64100,290800,5248940,814592731
2018-04-11,17432583,804881507,21900,303600,5507304,810388811
2018-04-12,15192774,803296753,33300,315000,5688900,808985653
2018-04-13,8706773,798111125,5000,310900,5639726,803750851
2018-04-16,28915667,784538293,36500,301100,5615515,790153808
2018-04-17,22168324,781786655,0,140000,2534000,784320655
2018-04-18,24080620,789199143,41400,181400,3328690,792527833
2018-04-19,27857559,776036568,199573,380973,6846085,782882653
2018-04-20,26968475,787144860,38500,408473,7160532,794305392
2018-04-23,30016641,805523288,126500,496473,8186840,813710128
2018-04-24,19388885,794717217,51400,368473,6588297,801305514
2018-04-25,29332383,801109480,21000,345973,5988793,807098273
2018-04-26,8750824,785419580,3400,298373,5096211,790515791
2018-04-27,12903636,746758877,11000,299373,5089341,751848218
2018-05-02,9446399,724503845,0,295973,4996024,729499869
2018-05-03,30806206,730084641,100500,385473,6826727,736911368
2018-05-04,14462308,726222568,11000,380973,6689886,732912454
2018-05-07,27408208,727579428,0,369973,6581820,734161248
2018-05-08,15513627,715950973,11000,380973,6724173,722675146
2018-05-09,14659644,714735271,0,319973,5663522,720398793
2018-05-10,15991353,713529437,11000,320973,5671593,719201030
2018-05-11,7136189,709622837,0,320973,5665173,715288010
2018-05-14,46821609,714979926,190000,499973,8834523,723814449
2018-05-15,12090776,694706237,11000,340973,6093188,700799425
2018-05-16,11717573,674576496,600,309073,5529316,680105812
2018-05-17,18049314,669702087,2500,47000,828140,670530227
2018-05-18,13026839,669199761,4000,26000,459940,669659701
2018-05-21,33302676,661019351,0,5000,86600,661105951
2018-05-22,17626358,656816334,33600,33600,588000,657404334
2018-05-23,24681056,650632108,22400,31000,546220,651178328
2018-05-24,6105713,638680352,4700,34400,593744,639274096
2018-05-25,21051401,646674117,30200,53300,887445,647561562
2018-05-28,19576553,656558550,12000,25000,410500,656969050
2018-05-29,4759661,640524900,4600,13200,221100,640746000
2018-05-30,12368791,644277023,55700,64300,1060950,645337973
2018-05-31,7683627,640694432,300,23200,387440,641081872
2018-06-01,8214888,639563963,1400,15700,259050,639823013
2018-06-04,8188112,642193033,0,8600,140696,642333729
2018-06-05,18003281,646505178,0,8600,143448,646648626
2018-06-06,9767645,642292496,11000,19600,323008,642615504
2018-06-07,5753971,642633857,0,19600,321636,642955493
2018-06-08,10724035,635915833,30000,42900,717288,636633121
2018-06-11,9562745,633952686,4700,13300,225967,634178653
2018-06-12,28724683,647360618,0,8600,145942,647506560
2018-06-13,18057549,651096104,11000,19600,332612,651428716
2018-06-14,14457201,654371725,0,8600,144480,654516205
2018-06-15,10141021,649272620,11000,19600,319872,649592492
2018-06-19,18142676,647475240,6700,15300,235161,647710401
2018-06-20,27097549,638661873,424900,438900,6802950,645464823
2018-06-21,7576118,633659641,11000,83300,1257830,634917471
2018-06-22,6494616,633339679,0,23600,359664,633699343
2018-06-25,11261040,638235371,21814,35414,538293,638773664
2018-06-26,5994464,637149244,9100,33500,513890,637663134
2018-06-27,6134508,632610503,0,33500,510875,633121378
2018-06-28,1617892,629416643,0,33500,508865,629925508
2018-06-29,10613301,626841886,39998,48598,778054,627619940
2018-07-02,18676282,623549624,61800,96398,1585747,625135371
2018-07-03,16445152,626022584,51000,119600,1996124,628018708
2018-07-04,6875032,618409634,236000,340100,5642259,624051893
2018-07-05,7092329,615564320,59500,380500,6217370,621781690
2018-07-06,4421813,610108003,26900,321900,5282379,615390382
2018-07-09,17085133,605754538,500,311900,5115160,610869698
2018-07-10,39408711,625009596,20826,293426,5088007,630097603
2018-07-11,22084065,630936310,44050,322650,5430200,636366510
2018-07-12,31248991,618169978,71900,359550,6360440,624530418
2018-07-13,26739194,601658707,15000,358500,6456585,608115292
2018-07-16,31905651,614525444,100000,433600,7765776,622291220
2018-07-17,18727578,620670630,11000,404568,7221539,627892169
2018-07-18,25053611,624811198,145100,483668,8464190,633275388
2018-07-19,5515157,618976506,11000,494668,8646797,627623303
2018-07-20,28501382,600381109,68400,552068,9975869,610356978
2018-07-23,43677183,579962202,36000,557968,10601392,590563594
2018-07-24,16086132,555370836,99400,628768,11845989,567216825
2018-07-25,17064828,553856771,7400,598768,11460420,565317191
2018-07-26,21017856,557359589,7400,506768,9400546,566760135
2018-07-27,11460807,560876496,0,335268,6178989,567055485
2018-07-30,18821273,564126064,61500,368368,6619573,570745637
2018-07-31,10669748,550589457,6200,359768,6465031,557054488
2018-08-01,12340008,541893138,14800,374568,6704767,548597905
2018-08-02,12564099,527556077,0,363568,6526046,534082123
2018-08-03,6175875,526998284,11000,374568,6629854,533628138
2018-08-06,9811622,527657152,0,348568,6002341,533659493
2018-08-07,5814491,508131212,15000,363568,6646023,514777235
2018-08-08,20812559,516120649,89300,437868,7610146,523730795
2018-08-09,29230306,519614184,17500,441868,8209907,527824091
2018-08-10,19742575,518788202,5300,444668,8359758,527147960
2018-08-13,14834262,509431703,13000,455368,8697529,518129232
2018-08-14,19798358,514647791,2500,444168,8301500,522949291
2018-08-15,6698374,508864238,2300,443968,8169011,517033249
2018-08-16,18638437,513639552,5100,444468,8009313,521648865
2018-08-17,6931617,509918479,20900,460868,8272581,518191060
2018-08-20,12288115,511486701,4500,453868,8047080,519533781
2018-08-21,15022045,505716957,11000,460368,8323453,514040410
2018-08-22,20023410,495043527,4500,455468,7902370,502945897
2018-08-23,5717388,485245228,9300,453268,8131628,493376856
2018-08-24,12076097,487947023,11500,460868,8079016,496026039
2018-08-27,11784683,469017335,2500,451868,8346002,477363337
2018-08-28,13054971,469414047,8700,458068,8410128,477824175
2018-08-29,8614945,467551517,6800,462868,8484370,476035887
2018-08-30,19762794,477661505,1600,456468,8006449,485667954
2018-08-31,8749083,475984128,7400,456168,7996625,483980753
2018-09-03,7367863,469792573,12700,456068,8035918,477828491
2018-09-04,17191386,477980647,5700,455668,8033427,486014074
2018-09-05,6960167,478493568,800,456468,7924284,486417852
2018-09-06,17997715,487613739,7700,459268,7724888,495338627
2018-09-07,8845919,490579588,4900,458068,7672639,498252227
2018-09-10,15948720,496794120,6100,459268,7495254,504289374
2018-09-11,5107494,496007283,4900,458068,7530638,503537921
2018-09-12,6424902,496451747,6100,459268,7582515,504034262
2018-09-13,10339001,493662604,5300,458468,7780202,501442806
2018-09-14,7187070,493646529,11400,464768,7808102,501454631
2018-09-17,1051305,491777426,6900,465168,7768306,499545732
2018-09-18,20711187,508610027,6600,463668,7622702,516232729
2018-09-19,18610259,512594003,14100,473568,7719158,520313161
2018-09-20,9436789,518005567,0,462568,7484350,525489917
2018-09-21,15281497,518606597,8500,469168,7628672,526235269
2018-09-25,5731005,517739637,1200,466668,7644022,525383659
2018-09-26,6808082,515086565,2500,466568,7731032,522817597
2018-09-27,12091763,517820226,16196,479464,7944719,525764945
2018-09-28,9779542,519012846,4400,473864,7818756,526831602
2018-10-08,10091479,516313030,5100,475864,7851756,524164786
2018-10-09,6355599,517284451,5000,479264,7869515,525153966
2018-10-10,8308293,519386806,4500,467864,7612147,526998953
2018-10-11,10918129,509152149,7200,470647,7450342,516602491
2018-10-12,5326578,507954996,16000,479447,7589646,515544642
2018-10-15,11153396,512732605,1400,466147,7038820,519771425
2018-10-16,21183363,515647005,16100,479547,6847931,522494936
2018-10-17,11326407,518503480,7400,376047,5324825,523828305
2018-10-18,14259123,524400655,16400,385047,5244340,529644995
2018-10-19,13535671,522515635,100900,386347,5474537,527990172
2018-10-22,28956910,523312221,10900,38579,569040,523881261
2018-10-23,43324780,547922083,6200,33879,474306,548396389
2018-10-24,11833170,543917913,18000,45679,629914,544547827
2018-10-25,12935448,537948406,6191,34870,486785,538435191
2018-10-26,8360369,538733871,15400,44070,611691,539345562
2018-10-29,2874528,533721058,4500,32170,436547,534157605
2018-10-30,19719570,545508818,17100,44770,600813,546109631
2018-10-31,11013156,543387979,4500,32170,440729,543828708
2018-11-01,11670814,540692834,15600,43270,600155,541292989
2018-11-02,13811432,533543454,6100,33770,486963,534030417
2018-11-05,22646526,538144096,17200,44870,651512,538795608
2018-11-06,15555643,541244405,500,39870,581704,541826109
2018-11-07,10768770,542748077,5000,32670,479922,543227999
2018-11-08,10796948,548523054,10700,38370,546773,549069827
2018-11-09,3721637,537007849,11200,38870,563615,537571464
2018-11-12,6026188,523122361,0,37170,551975,523674336
2018-11-13,8102788,513460248,10900,43970,660869,514121117
2018-11-14,7260296,514270504,1500,34570,514747,514785251
2018-11-15,9538286,513823137,16200,50070,756558,514579695
2018-11-16,12594630,511488759,0,39170,587550,512076309
2018-11-19,12084176,508690516,11300,38770,585427,509275943
2018-11-20,8316468,510294976,3100,30895,450140,510745116
2018-11-21,32850761,526187378,14400,42395,596497,526783875
2018-11-22,7312743,525443326,700,30595,433837,525877163
2018-11-23,8266406,524048775,12000,41795,576353,524625128
2018-11-26,5874269,521546011,0,30795,417888,521963899
2018-11-27,3291782,521543961,12900,42295,577750,522121711
2018-11-28,17374827,534063903,1000,30395,427657,534491560
2018-11-29,7359589,525282765,11900,39895,562918,525845683
2018-11-30,6651227,525489805,100,29095,410530,525900335
2018-12-03,16604396,519373919,5000,32095,469550,519843469
2018-12-04,5164656,514436115,3700,35795,531914,514968029
2018-12-05,10953484,518645938,7200,39345,577978,519223916
2018-12-06,8425084,520419595,3700,43045,613821,521033416
2018-12-07,7959326,520493907,8000,40145,575277,521069184
2018-12-10,9420782,526534611,6200,46345,648830,527183441
2018-12-11,5849686,525976984,6700,48845,691645,526668629
2018-12-12,4381094,524117872,4200,52745,744760,524862632
2018-12-13,8811807,524331249,300,48945,701871,525033120
2018-12-14,7000546,525095826,0,46845,654894,525750720
2018-12-17,8274367,531153241,0,35945,501432,531654673
2018-12-18,5445628,532563533,10900,45045,622522,533186055
2018-12-19,6396939,533176528,0,34145,467787,533644315
2018-12-20,3478916,533669103,0,34145,468469,534137572
2018-12-21,4208874,530821177,11600,45745,631739,531452916
2018-12-24,10945977,532724179,0,34845,491663,533215842
2018-12-25,13837490,531947599,2200,35145,504331,532451930
2018-12-26,7002090,530653217,0,35145,494842,531148059
2018-12-27,15088394,531449200,8266,42611,577379,532026579
2018-12-28,3274557,524193734,3400,35411,490089,524683823
2019-01-02,11429800,523480011,5500,27511,387355,523867366
2019-01-03,6312048,519214688,5400,27411,376079,519590767
2019-01-04,8270682,517891470,5500,27511,386804,518278274
2019-01-07,13477872,520736977,5400,27411,393074,521130051
2019-01-08,14575967,516414203,5500,27511,401661,516815864
2019-01-09,17065595,519742293,5400,27411,396089,520138382
2019-01-10,7902817,520710977,4800,26811,388223,521099200
2019-01-11,13798109,526324699,6100,27411,400201,526724900
2019-01-14,7552191,526631560,4800,32211,464483,527096043
2019-01-15,6928780,521083300,0,21311,312419,521395719
2019-01-16,12186262,523010307,1400,22711,333852,523344159
2019-01-17,6625404,522001401,9500,30811,445219,522446620
2019-01-18,9107190,518886747,1400,22711,333171,519219918
2019-01-21,9867368,512014183,9500,30811,453846,512468029
2019-01-22,16908153,504771989,3400,24711,368194,505140183
2019-01-23,8700416,503805719,9500,34211,513165,504318884
2019-01-24,11347224,500178834,0,23311,349898,500528732
2019-01-25,18595286,487684713,10900,34211,524454,488209167
2019-01-28,9409569,481657162,0,23311,360854,482018016
2019-01-29,10710440,474470136,10900,29611,450383,474920519
2019-01-30,1822315,469208851,0,13271,201719,469410570
2019-01-31,6093745,468463530,10900,22571,342402,468805932
2019-02-01,4567570,458060655,0,11671,182534,458243189
2019-02-11,17054358,448229851,0,11671,189887,448419738
2019-02-12,16045211,446567923,0,71,1169,446569092
2019-02-13,21728094,447641533,11500,11571,193930,447835463
2019-02-14,12576018,431273701,3800,11771,195163,431468864
2019-02-15,15012949,434371467,8800,13271,220299,434591766
2019-02-18,20843088,436307496,6200,15871,269013,436576509
2019-02-19,21640130,438394358,11000,21371,360956,438755314
2019-02-20,6533715,434364824,2800,20071,338798,434703622
2019-02-21,17018984,431348854,300,9771,166107,431514961
2019-02-22,27382987,429518116,15600,21671,381843,429899959
2019-02-25,52807413,444771324,5200,11371,210364,444981688
2019-02-26,30551195,437599535,15500,21971,399872,437999407
2019-02-27,21068234,448931111,4900,21971,397895,449329006
2019-02-28,17487367,451240570,4900,11071,198614,451439184
2019-03-01,15401010,431374300,14950,24321,437049,431811349
2019-03-04,46865729,432971715,2500,11021,197717,433169432
2019-03-05,60710668,459752109,5100,11221,201642,459953751
2019-03-06,62024698,483977184,16000,22121,395745,484372929
2019-03-07,63676744,506915106,5100,11221,201305,507116411
2019-03-08,50169089,508104617,16000,22121,388445,508493062
2019-03-11,63705588,541918948,5100,22121,397293,542316241
2019-03-12,67730640,546434326,5100,11221,204110,546638436
2019-03-13,46920912,548968191,16000,22121,390436,549358627
2019-03-14,48660419,568791356,5100,15221,254800,569046156
2019-03-15,31610303,581449162,11200,17381,290089,581739251
2019-03-18,35706614,581396606,6400,15181,260355,581656961
2019-03-19,20617853,563430707,12000,18081,314790,563745497
2019-03-20,18877530,558510917,9100,15181,259292,558770209
2019-03-21,22559899,541839356,7000,13181,226055,542065411
2019-03-22,27311049,549264000,14000,20081,340775,549604775
2019-03-25,29433955,550455546,0,11181,192313,550647859
2019-03-26,31528556,563650897,16000,22081,372507,564023404
2019-03-27,52110578,576173517,5100,11181,194773,576368290
2019-03-28,72598306,582993197,49600,55681,996133,583989330
2019-03-29,77820919,576331557,25100,61181,1156933,577488490
2019-04-01,83686077,548519486,41100,66681,1263605,549783091
2019-04-02,65468552,526500475,3500,31681,599404,527099879
2019-04-03,44961974,505787328,20500,29681,558003,506345331
2019-04-04,39664871,494806690,5100,15181,283581,495090271
2019-04-08,48737673,508671763,16000,26081,485628,509157391
2019-04-09,74886724,542448772,8700,18781,356839,542805611
2019-04-10,45649334,535201713,15500,26181,494559,535696272
2019-04-11,31690095,526110106,7800,17081,313778,526423884
2019-04-12,15706372,522135657,16900,22981,420552,522556209
2019-04-15,38354457,533406653,14600,20681,377635,533784288
2019-04-16,87811913,519700572,16900,26581,515937,520216509
2019-04-17,69706931,499802218,11000,24681,484488,500286706
2019-04-18,73710618,521317271,12900,29381,580275,521897546
2019-04-19,64268560,521535356,8200,24681,489177,522024533
2019-04-22,51401699,500131416,17900,34381,701372,500832788
2019-04-23,55303990,501189099,8200,29681,590652,501779751
2019-04-24,26438641,491893167,12900,29981,605316,492498483
2019-04-25,30632842,489461762,7600,31681,613978,490075740
2019-04-26,57128875,484391102,5900,18781,377686,484768788
2019-04-29,60969365,487978492,41300,54981,1054536,489033028
2019-04-30,25299396,482158195,17600,38681,762016,482920211
2019-05-06,87584221,522818823,89500,122881,2187282,525006105
2019-05-07,23780854,508693174,5200,65981,1219989,509913163
2019-05-08,25172626,490567161,49300,110181,2013007,492580168
2019-05-09,26760259,493977212,18001,111782,2016547,495993759
2019-05-10,54720133,483311326,16000,45082,862418,484173744
2019-05-13,38098715,485155049,5000,36482,664702,485819751
2019-05-14,23976057,494965105,13600,37082,670813,495635918
2019-05-15,29722329,505256002,6400,29672,547448,505803450
2019-05-16,63915226,503910282,15500,29071,509324,504419606
2019-05-17,18483288,492845785,6500,19871,346948,493192733
2019-05-20,40709180,490402107,17400,30771,510491,490912598
2019-05-21,33282646,494111643,6500,30771,517568,494629211
2019-05-22,21904965,490368574,6500,16671,278572,490647146
2019-05-23,32296829,497209334,19200,29371,468761,497678095
2019-05-24,14481951,496087330,6100,30371,476521,496563851
2019-05-27,60213000,515218697,6500,16671,260901,515479598
2019-05-28,32105592,518590474,17100,27571,430935,519021409
2019-05-29,28605223,522752511,6500,16671,255066,523007577
2019-05-30,22082206,528890181,17400,27571,425421,529315602
2019-05-31,14971602,523981610,6500,16671,253066,524234676
2019-06-03,32765379,524438767,17300,27571,425421,524864188
2019-06-04,27033616,524731889,6500,9871,153494,524885383
2019-06-05,26226438,529127535,13300,18571,285993,529413528
2019-06-06,18205389,524579499,11900,15271,227385,524806884
2019-06-10,15890817,517384908,16800,20171,310432,517695340
2019-06-11,31325246,499333084,11900,25571,412716,499745800
2019-06-12,23863403,505605636,4900,22171,360279,505965915
2019-06-13,13898212,497828789,13200,24071,390672,498219461
2019-06-14,13092601,490982141,5900,22271,353886,491336027
2019-06-17,20817770,505823876,5600,22371,354357,506178233
2019-06-18,6973792,504456592,7600,24119,382286,504838878
2019-06-19,27569550,485231835,12900,23819,396825,485628660
2019-06-20,19743486,480617131,8500,20319,340343,480957474
2019-06-21,20775475,465617912,9000,13519,229823,465847735
2019-06-24,29150605,484963353,6900,13819,229396,485192749
2019-06-25,21066900,476416409,9500,16819,273141,476689550
2019-06-26,31669779,489365061,13500,17019,280303,489645364
2019-06-27,41389264,470158774,13800,18419,328779,470487553
2019-06-28,27726351,471221629,6600,15119,265792,471487421
2019-07-01,46217829,438110137,68900,72419,1361477,439471614
2019-07-02,19924214,433896683,19300,83719,1569731,435466414
2019-07-03,30457936,433054805,24000,98119,1808334,434863139
2019-07-04,14989253,430438158,10317,99336,1838709,432276867
2019-07-05,18171698,427935201,25100,88936,1642648,429577849
2019-07-08,16802915,424669952,19400,53136,964419,425634371
2019-07-09,17300235,427781458,13770,47206,863398,428644856
2019-07-10,20770995,407959336,14900,57683,1076365,409035701
2019-07-11,19045321,404601011,9800,54183,1019182,405620193
2019-07-12,14170196,399958678,5800,52583,979095,400937773
2019-07-15,20581352,394716731,11400,20383,381977,395098708
2019-07-16,12213332,395404560,8000,24183,454641,395859201
2019-07-17,30312633,397492197,2400,15183,285441,397777638
2019-07-18,15781604,386130186,20980,26263,476936,386607122
2019-07-19,24263051,376926007,13400,29963,560308,377486315
2019-07-22,30093723,386233922,10500,13963,254825,386488747
2019-07-23,29917534,388016670,31500,34963,656255,388672925
2019-07-24,22676925,354197794,75000,99663,1962364,356160158
2019-07-25,39510030,365527709,26591,114854,2310863,367838572
2019-07-26,47847636,374970980,14300,122454,2581330,377552310
2019-07-29,38446310,367287274,6300,108554,2355622,369642896
2019-07-30,38308829,365052722,18900,121054,2577239,367629961
2019-07-31,59028051,375387549,10100,112254,2433667,377821216
2019-08-01,39690857,367078419,7600,113654,2477658,369556077
2019-08-02,34676788,357029965,14500,67663,1485203,358515168
2019-08-05,40140267,360942724,8500,68763,1455713,362398437
2019-08-06,53166368,370945107,11500,62463,1359819,372304926
2019-08-07,44706515,370601355,16200,47663,1003783,371605138
2019-08-08,44389426,374298978,8600,46563,989464,375288442
2019-08-09,66574898,386610917,24000,63863,1324519,387935436
2019-08-12,124406992,436442948,35960,78923,1800234,438243182
2019-08-13,149392705,467578803,16800,89223,2094064,469672867
2019-08-14,181831010,524859465,29400,61023,1379120,526238585
2019-08-15,104801890,531247776,14400,64223,1470707,532718483
2019-08-16,95177860,517913564,12400,62223,1460374,519373938
2019-08-19,101562886,508573656,15600,64923,1556204,510129860
2019-08-20,75590578,517976044,9400,67723,1592845,519568889
2019-08-21,95675340,508546809,9900,41823,1012534,509559343
2019-08-22,53701292,503774816,14800,44623,1040609,504815425
2019-08-23,82948587,515731077,7800,45723,1058487,516789564
2019-08-26,38195604,501975311,9200,40323,923397,502898708
2019-08-27,62821772,504812369,11400,42923,986800,505799169
2019-08-28,33105952,502022417,6600,43123,984498,503006915
2019-08-29,54584312,513304255,8800,42823,986214,514290469
2019-08-30,180701326,561251464,15000,45923,957495,562208959
2019-09-02,46205234,515498819,11900,42823,932257,516431076
2019-09-03,36564889,500551334,16800,47823,1066932,501618266
2019-09-04,22330707,431722283,11800,44623,999555,432721838
2019-09-05,61624078,435384186,15000,47823,1101842,436486028
2019-09-06,71656728,470005837,8000,47323,1097893,471103730
2019-09-09,98316025,495154765,8400,48323,1220639,496375404
2019-09-10,76507515,487457727,10177,44800,1125376,488583103
2019-09-11,62046266,500295356,13700,48400,1185800,501481156
2019-09-12,29120587,479953515,9600,47900,1160617,481114132
2019-09-16,55931428,502545643,5300,41800,1010724,503556367
2019-09-17,51024195,505233264,11800,47100,1120980,506354244
2019-09-18,61250772,524808861,12600,45500,1066975,525875836
2019-09-19,37827032,517704255,15000,47900,1156785,518861040
2019-09-20,93898619,516181946,39900,72900,1723356,517905302
2019-09-23,105108314,564227990,6400,39300,952632,565180622
2019-09-24,142809267,599024966,20400,53200,1309252,600334218
2019-09-25,93281418,585003396,13000,45800,1043324,586046720
2019-09-26,71970279,582420055,32800,52100,1150889,583570944
2019-09-27,37437742,558204775,24300,44300,987004,559191779
2019-09-30,33208123,540229837,13100,25900,562289,540792126
2019-10-08,56784067,563086911,13700,26500,554380,563641291
2019-10-09,38625642,571519524,11600,23900,503573,572023097
2019-10-10,39406723,566006668,16000,28300,614110,566620778
2019-10-11,31807433,554322291,8500,20800,451360,554773651
2019-10-14,39650786,537720567,15600,28000,628040,538348607
2019-10-15,37379334,542855210,10000,23000,493580,543348790
2019-10-16,28798022,547469887,16400,29400,617106,548086993
2019-10-17,28760832,551689781,9900,25700,538415,552228196
2019-10-18,48941804,549995780,13700,26600,536788,550532568
2019-10-21,22318077,550646629,11268,22062,450947,551097576
2019-10-22,19457247,548173384,10300,17362,360782,548534166
2019-10-23,22981500,545577105,16500,23962,501764,546078869
2019-10-24,29417049,551164217,15200,28962,601251,551765468
2019-10-25,75154038,555381378,7100,27062,548817,555930195
2019-10-28,49564339,546741563,9000,21762,461572,547203135
2019-10-29,32200338,542257685,18800,31462,660387,542918072
2019-10-30,34817010,545217058,4200,20962,443556,545660614
2019-10-31,22038396,540012664,19600,33662,714981,540727645
2019-11-01,22447234,529956765,6700,29862,632478,530589243
2019-11-04,33322475,522110257,10700,24762,539068,522649325
2019-11-05,41089536,533190568,12800,26862,595800,533786368
2019-11-06,45059029,548034902,15600,30762,673072,548707974
2019-11-07,26551363,538965807,10700,25762,560066,539525873
2019-11-08,102308914,568076040,11100,30562,701092,568777132
2019-11-11,101459979,535174165,3300,17345,401711,535575876
2019-11-12,68731628,529883917,6500,20545,477055,530360972
2019-11-13,69984175,535804626,1300,17945,425835,536230461
2019-11-14,76401817,555969907,3400,20045,483887,556453794
2019-11-15,62829741,546082463,11100,26945,642368,546724831
2019-11-18,68997611,542954014,1500,27045,638262,543592276
2019-11-19,55745477,565063439,600,27045,638803,565702242
2019-11-20,84095195,590369129,1000,24945,569494,590938623
2019-11-21,35678361,585313219,600,24545,561589,585874808
2019-11-22,108272041,587730605,2900,17545,413887,588144492
2019-11-25,87661242,608669769,6800,23745,538062,609207831
2019-11-26,41976089,605578477,600,21545,480022,606058499
2019-11-27,71283125,635609520,600,20845,475266,636084786
2019-11-28,104268649,653291747,14100,28745,685568,653977315
2019-11-29,67944512,655726334,6200,22045,518498,656244832
2019-12-02,105736297,645904697,11800,33245,827800,646732497
2019-12-03,84912773,680747902,10700,29245,728785,681476687
2019-12-04,105844696,706762999,3100,20045,504533,707267532
2019-12-05,148919047,708260762,700,20145,499596,708760358
2019-12-06,131615920,750191958,3400,21645,540259,750732217
2019-12-09,185732719,765631567,5800,27145,686768,766318335
2019-12-10,145642145,792236652,1400,23945,608682,792845334
2019-12-11,158752520,835790929,644,24589,594071,836385000
2019-12-12,108216260,828690597,15800,37989,930731,829621328
2019-12-13,65556186,817790935,3700,27689,681980,818472915
2019-12-16,140150317,827164695,200,27689,702470,827867165
2019-12-17,143719256,836664367,1900,26389,689809,837354176
2019-12-18,183100004,888610413,11100,35489,901421,889511834
2019-12-19,91685189,870614164,1800,21189,531844,871146008
2019-12-20,62028064,876490367,4400,25589,639725,877130092
2019-12-23,64877008,853917053,0,22989,554035,854471088
2019-12-24,47600224,793433226,900,23789,581165,794014391
2019-12-25,80742282,787780710,600,20489,511201,788291911
2019-12-26,41320728,767458990,3200,22789,564256,768023246
2019-12-27,61273877,748311383,6900,29589,706585,749017968
2019-12-30,59755588,751791199,0,20889,488803,752280002
2019-12-31,64107202,775752742,4000,24889,574936,776327678
2020-01-02,69888600,776241128,0,19589,468177,776709305
2020-01-03,124317784,734846618,6600,25589,648681,735495299
2020-01-06,124414888,726808491,200,25789,670257,727478748
2020-01-07,68145972,716651099,1900,27589,716762,717367861
2020-01-08,81273213,725533546,3000,19989,513517,726047063
2020-01-09,96149923,749995118,2700,19689,513686,750508804
2020-01-10,74654252,756014807,10000,28289,730139,756744946
2020-01-13,118589068,781138457,0,15889,416451,781554908
2020-01-14,149154449,808864314,13300,29189,737314,809601628
2020-01-15,46285693,777782886,200,20689,527776,778310662
2020-01-16,68656241,759824740,2600,11910,304420,760129160
2020-01-17,46896524,757971823,2700,14410,364429,758336252
2020-01-20,86194275,768938937,800,10110,261950,769200887
2020-01-21,89461721,759596104,8300,17710,460283,760056387
2020-01-22,102463242,764793262,2200,13110,339024,765132286
2020-01-23,120399921,733970099,8500,19910,504121,734474220
2020-02-03,47387644,717333440,0,19410,442354,717775794
2020-02-04,108005534,752803999,0,19410,447207,753251206
2020-02-05,127141913,757468787,0,19410,439443,757908230
2020-02-06,122829732,741004062,700,19410,454583,741458645
2020-02-07,140642963,777834435,600,19310,461316,778295751
2020-02-10,94222042,788905205,9700,19210,458927,789364132
2020-02-11,118921992,794249676,8700,24842,596705,794846381
2020-02-12,122760425,772680270,0,20642,504697,773184967
2020-02-13,114227443,770061083,6000,13342,326078,770387161
2020-02-14,91485055,750684489,100,9442,233123,750917612
2020-02-17,118195669,769355595,8600,18042,466205,769821800
2020-02-18,153378523,781956328,8600,17342,461297,782417625
2020-02-19,141993521,768157380,1600,10342,270960,768428340
2020-02-20,176489823,803352013,11700,20442,539669,803891682
2020-02-21,245152733,873025477,100,18542,508978,873534455
2020-02-24,291358203,872539886,1100,19642,583171,873123057
2020-02-25,315812340,886707091,7000,15742,498234,887205325
2020-02-26,236054487,804430295,10900,19642,570011,805000306
2020-02-27,176957809,833052094,5000,19142,560669,833612763
2020-02-28,165975924,845585994,2200,12342,327186,845913180
2020-03-02,219185656,877387628,8300,17042,460134,877847762
2020-03-03,181817545,888737961,1900,18342,492850,889230811
2020-03-04,127862386,883410559,1300,10042,259385,883669944
2020-03-05,127227510,907939817,7600,16342,426853,908366670
2020-03-06,78771908,918817330,7800,16542,423806,919241136
2020-03-09,113538458,920647591,8700,17442,407794,921055385
2020-03-10,141173449,952294852,1700,13742,338328,952633180
2020-03-11,74144672,912860519,5600,17642,420938,913281457
2020-03-12,87497677,909077326,0,15642,364928,909442254
2020-03-13,108900233,920312466,2000,14442,330722,920643188
2020-03-16,105741220,924156458,1600,13242,277023,924433481
2020-03-17,72136638,910456986,3700,12442,262277,910719263
2020-03-18,75142309,873143455,2000,14442,305882,873449337
2020-03-19,72131298,878885344,0,8742,191712,879077056
2020-03-20,69034957,894070255,8900,14642,321978,894392233
2020-03-23,48831614,896534162,9000,14742,301179,896835341
2020-03-24,49622145,894586135,2300,8042,167193,894753328
2020-03-25,56723855,885601614,300,6042,129480,885731094
2020-03-26,37330115,880069177,2000,7742,161034,880230211
2020-03-27,40619335,871733899,10600,16342,341221,872075120
2020-03-30,40717037,867475079,6400,22742,460753,867935832
2020-03-31,34484932,865140541,3900,9842,198907,865339448
2020-04-01,48536920,868370576,24200,32942,672017,869042593
2020-04-02,80064995,899631780,4100,27242,579437,900211217
2020-04-03,32428085,883524251,33500,53624,1111626,884635877
2020-04-07,46252083,878233501,900,29924,639775,878873276
2020-04-08,69942111,872008656,24600,49624,1092720,873101376
2020-04-09,35636058,852150201,37500,57624,1256203,853406404
2020-04-10,44075834,846104460,27100,55624,1170885,847275345
2020-04-13,24495271,850888141,24600,55624,1141961,852030102
2020-04-14,29503710,854884317,24600,44724,943229,855827546
2020-04-15,35522967,852751110,74500,94624,2011706,854762816
2020-04-16,32609603,839190579,33400,73524,1574149,840764728
2020-04-17,33101831,774220154,59200,99324,2170229,776390383
2020-04-20,50121267,780689112,27100,67224,1488339,782177451
2020-04-21,33713253,782943555,52800,92924,2021097,784964652
2020-04-22,17744453,773845085,44890,93514,2033930,775879015
2020-04-23,24780324,757398656,30700,80314,1718720,759117376
2020-04-24,36449491,764418502,29600,81014,1681041,766099543
2020-04-27,24327582,766669797,44200,81214,1670572,768340369
2020-04-28,45728004,746829382,46300,73613,1478149,748307531
2020-04-29,18700178,723745942,26800,52623,1074562,724820504
2020-04-30,56445273,708259994,26500,60323,1324090,709584084
2020-05-06,59526906,710340690,22400,52723,1201030,711541720
2020-05-07,65769246,717497650,31840,62163,1426641,718924291
2020-05-08,41237930,717559661,24500,50763,1174655,718734316
2020-05-11,45874047,718186674,8800,11924,271867,718458541
2020-05-12,38171174,724538190,7000,11324,258753,724796943
2020-05-13,24540065,718827638,8300,10024,228547,719056185
2020-05-14,33904275,711384283,100,10124,230928,711615211
2020-05-15,55793029,708095883,1000,8624,200680,708296563
2020-05-18,90722638,722142275,4500,6224,135434,722277709
2020-05-19,56922399,733963942,0,2524,56033,734019975
2020-05-20,31311134,737660387,7200,9024,195731,737856118
2020-05-21,18518241,732082870,10900,11424,244588,732327458
2020-05-22,32866619,711487650,900,7224,151415,711639065
2020-05-25,21166764,714292257,1600,2924,62135,714354392
2020-05-26,117439180,725639786,1100,2524,59011,725698797
2020-05-27,132999249,699943358,9300,11024,267663,700211021
2020-05-28,145879594,741003200,1400,10824,248844,741252044
2020-05-29,103378303,747906196,12000,14824,352663,748258859
2020-06-01,116141225,760089285,0,4324,106154,760195439
2020-06-02,91798091,717153650,11600,15924,392845,717546495
2020-06-03,91276267,716568001,11400,27324,665066,717233067
2020-06-04,62345691,723984086,3500,27424,671888,724655974
2020-06-05,61202213,723629591,100,26224,636456,724266047
2020-06-08,40457309,712416820,11900,32824,806814,713223634
2020-06-09,41985825,725635023,300,21224,518078,726153101
2020-06-10,39524091,722628762,22300,43524,1061550,723690312
2020-06-11,52195915,726830946,3400,46924,1128991,727959937
2020-06-12,42444394,716803704,49600,80424,1894789,718698493
2020-06-15,43286591,728522231,32800,73324,1690118,730212349
2020-06-16,49664855,725640063,32700,76724,1858255,727498318
2020-06-17,36172344,720223219,89200,125624,2997389,723220608
2020-06-18,57312996,716109871,162300,238324,5853237,721963108
2020-06-19,48595690,714135430,165300,341624,8390285,722525715
2020-06-22,68573443,723794701,76900,357624,8876228,732670929
2020-06-23,52738898,734176999,137700,444424,10866167,745043166
2020-06-24,38954288,717535312,130607,510031,12587565,730122877
2020-06-29,48527875,692192042,46600,475531,11417499,703609541
2020-06-30,87246674,699460191,78900,517331,12907409,712367600
2020-07-01,102025812,709133047,183800,658631,16643605,725776652
2020-07-02,90691301,738235336,168600,804331,20502397,758737733
2020-07-03,81606348,747118894,57800,757731,19253945,766372839
2020-07-06,146380135,780459052,74600,778431,20418246,800877298
2020-07-07,144974485,766155960,109900,770631,20421722,786577682
2020-07-08,85584079,771815023,64000,722031,19422634,791237657
2020-07-09,123542094,778616446,83400,688331,18860270,797476716
2020-07-10,104513914,776798395,45400,702031,18744228,795542623
2020-07-13,117775412,775970623,95300,737231,20502394,796473017
2020-07-14,94518546,755588723,78900,754631,20616519,776205242
2020-07-15,101597272,758757372,89900,796131,20707367,779464739
2020-07-16,74893355,762787230,147900,882331,21793576,784580806
2020-07-17,59982913,767390636,37500,832731,20410237,787800873
2020-07-20,54823296,771989091,112600,931931,23512620,795501711
2020-07-21,81660023,781844036,42000,900931,23784579,805628615
2020-07-22,65895958,789305955,102917,963048,25308901,814614856
2020-07-23,120161530,794403096,115000,1040248,27358522,821761618
2020-07-24,116691122,789645795,335300,1246948,31111353,820757148
2020-07-27,91159195,821911181,127000,1323548,32043097,853954278
2020-07-28,44549400,816599276,86200,1339448,32642348,849241624
2020-07-29,44065201,801951963,32600,1250348,31658811,833610774
2020-07-30,53386179,792447940,81500,1217105,30281572,822729512
2020-07-31,348220575,975835655,114700,1234405,33785665,1009621320
2020-08-03,130730388,756219679,130200,1159605,32387768,788607447
2020-08-04,150795093,802314660,134500,1187305,31962250,834276910
2020-08-05,112615426,845377063,149100,1305605,35251335,880628398
2020-08-06,115634742,877370622,91800,1339605,36343483,913714105
2020-08-07,125901199,899437517,60100,1305861,34200500,933638017
2020-08-10,97825696,924273048,117800,1377261,36139329,960412377
2020-08-11,111646913,928537369,80500,1392675,36669133,965206502
2020-08-12,120305054,941121923,92500,1419875,38336625,979458548
2020-08-13,89522615,978211147,94000,1477417,39225421,1017436568
2020-08-14,58469184,969578693,18600,1404428,37315652,1006894345
2020-08-17,139517430,982204289,57700,1388370,37791432,1019995721
2020-08-18,187294171,1042846631,175200,1518970,39280564,1082127195
2020-08-19,193015863,1087496312,32600,1470970,35729861,1123226173
2020-08-20,96462434,1119814564,66000,1425570,34327726,1154142290
2020-08-21,41714445,1101783263,24300,1400070,34021701,1135804964
2020-08-24,87942850,1116935827,113925,1450195,36066350,1153002177
2020-08-25,43175168,1091118580,57100,1332095,33009314,1124127894
2020-08-26,69362884,1082566354,84474,1403369,33456317,1116022671
2020-08-27,70551653,1098733635,20346,1313340,31231225,1129964860
2020-08-28,37371853,1080375864,145500,1351387,32784649,1113160513
2020-08-31,56234288,1091372994,108700,1405687,33638090,1125011084
2020-09-01,48445883,1103355001,52100,1353417,32766226,1136121227
2020-09-02,43238177,1109710840,109534,1454351,35078946,1144789786
2020-09-03,52389909,1098909593,38900,1436317,33724723,1132634316
2020-09-04,28848594,1104857176,50900,1464041,34551368,1139408544
2020-09-07,28110841,1094702076,36100,1352267,31548389,1126250465
2020-09-08,26396633,1085016300,13900,1312348,30827054,1115843354
2020-09-09,52626935,1092768061,35500,1320671,29424550,1122192611
2020-09-10,25291446,1081997546,50300,1323771,28778782,1110776328
2020-09-11,19200106,1061452933,55400,1357048,30153607,1091606540
2020-09-14,31505962,1069242854,27100,1333998,29503143,1098745997
2020-09-15,11392136,1053804410,26200,1360098,30262181,1084066591
2020-09-16,25548367,1045606317,61403,1409101,32000684,1077607001
2020-09-17,76455978,1018325274,162100,1433601,34048023,1052373297
2020-09-18,51090317,1034259501,84800,1432901,34131701,1068391202
2020-09-21,25513164,1021563747,91800,1476701,34983046,1056546793
2020-09-22,30995609,1031060372,120600,1582501,37014698,1068075070
2020-09-23,15493497,1025138349,11500,1510801,35488715,1060627064
2020-09-24,14962388,1001655350,15056,1435457,33202120,1034857470
2020-09-25,10704222,990815840,28100,1434057,33542593,1024358433
2020-09-28,12215805,985159442,16700,1395701,32436091,1017595533
2020-09-29,19859136,988027237,52100,1385601,32395351,1020422588
2020-09-30,37949081,976998794,106800,1436401,32491391,1009490185
2020-10-09,27396145,971930001,41500,1329901,31398963,1003328964
2020-10-12,48930842,982102468,7600,1291001,31332594,1013435062
2020-10-13,36639228,986794411,63500,1346701,32765235,1019559646
2020-10-14,57717713,1006583840,67600,1361801,33486687,1040070527
2020-10-15,62836435,972652041,102900,1423801,35424169,1008076210
2020-10-16,84462183,1015444828,46900,1425401,35763311,1051208139
2020-10-19,32545643,998233499,242500,1618301,40279513,1038513012
2020-10-20,31066893,992026399,38300,1640601,41802513,1033828912
2020-10-21,40072104,971721657,38000,1634501,41973986,1013695643
2020-10-22,17089850,953858335,23700,1620101,40810345,994668680
2020-10-23,23508308,947893202,10100,1561801,38966935,986860137
2020-10-26,20094400,944300213,76600,1495101,37826055,982126268
2020-10-27,31069588,918499704,107500,1530501,39747111,958246815
2020-10-28,31740296,907361972,227653,1750154,45871537,953233509
2020-10-29,30624080,903234978,46200,1741454,45086245,948321223
2020-10-30,38640818,879977601,10700,1621054,41774562,921752163
2020-11-02,40909025,867886254,63900,1673554,44717362,912603616
2020-11-03,31920424,856151408,98729,1725683,45972196,902123604
2020-11-04,45529946,859238500,58500,1650754,44141162,903379662
2020-11-05,45435850,846603996,1500,1597954,43432391,890036387
2020-11-06,43452824,834738216,22600,1565454,43003021,877741237
2020-11-09,125621723,852099430,86000,1578054,43270240,895369670
2020-11-10,46369772,830278339,50468,1497922,40908250,871186589
2020-11-11,34450858,828821391,101900,1561822,41513229,870334620
2020-11-12,27440975,815890667,37200,1562222,41570727,857461394
2020-11-13,23232056,818304931,17900,1528822,40788971,859093902
2020-11-16,54939147,840310866,35800,1545322,42001853,882312719
2020-11-17,91712282,835956746,207100,1679122,42901567,878858313
2020-11-18,45893757,825652932,34900,1413228,37040706,862693638
2020-11-19,27243738,823663241,25600,1312128,34049721,857712962
2020-11-20,29786997,831849336,11600,1278628,33014174,864863510
2020-11-23,25980989,817738875,47800,1254428,32075724,849814599
2020-11-24,51057190,816202227,48100,1179728,31050440,847252667
2020-11-25,19210732,823605731,46100,1190328,31186594,854792325
2020-11-26,54973243,853116074,202000,1343328,35114593,888230667
2020-11-27,23536774,852156883,12000,1236928,32358036,884514919
2020-11-30,40195869,852017899,38300,1201228,30607289,882625188
2020-12-01,19287071,820069223,30400,1088528,28748024,848817247
2020-12-02,20906328,806415121,17100,976911,26034678,832449799
2020-12-03,23043055,804019415,44007,655917,17381802,821401217
2020-12-04,51104391,798380357,35300,566959,15415614,813795971
2020-12-07,34410509,785859641,69900,486559,13404701,799264342
2020-12-08,32296846,789544503,389900,790459,21619053,811163556
2020-12-09,23768956,763455580,11400,769459,20659974,784115554
2020-12-10,32567161,774555461,25600,739559,19775807,794331268
2020-12-11,73521009,793782404,11000,690174,17468304,811250708
2020-12-14,19173191,798296463,17300,700556,17731072,816027535
2020-12-15,24634971,806231884,23600,691061,17546039,823777923
2020-12-16,13584661,803738741,91720,782781,19616492,823355233
2020-12-17,15613631,794380929,54800,836638,21342635,815723564
2020-12-18,18285547,798114900,113600,903543,22778319,820893219
2020-12-21,53220646,823075317,45119,906781,22850881,845926198
2020-12-22,34847881,803088476,84500,938781,22699724,825788200
2020-12-23,30689635,791331379,62200,949881,24050987,815382366
2020-12-24,28779545,793399503,54900,956141,23435016,816834519
2020-12-25,29015357,797726358,135600,1042741,25223904,822950262
2020-12-28,28370135,805605527,143200,1181141,28536366,834141893
2020-12-29,32951240,818084947,39500,1179841,28198200,846283147
2020-12-30,22852924,792976541,33300,1173141,28436938,821413479
2020-12-31,25119394,785910073,101800,1085242,26610135,812520208
2021-01-04,60023993,795361413,127600,1200342,30224611,825586024
2021-01-05,39523273,777826508,145300,1267842,32938535,810765043
2021-01-06,46056284,795220516,108997,1304039,33579005,828799521
2021-01-07,40338874,807249051,44200,1269339,32355451,839604502
2021-01-08,53340747,803665647,119500,1345039,34702007,838367654
2021-01-11,67428850,827437122,36500,1225237,31268049,858705171
2021-01-12,81877464,854384175,48400,1031637,27101103,881485278
2021-01-13,76040447,870854622,81000,849936,22310820,893165442
2021-01-14,122271643,897585890,70300,889736,23666977,921252867
2021-01-15,145638615,969791165,155200,1004036,25271586,995062751
2021-01-18,54738382,922897135,58200,823436,22026914,944924049
2021-01-19,100836194,944908687,163800,920136,24365201,969273888
2021-01-20,47193767,945961713,57400,945536,25113436,971075149
2021-01-21,104903081,993162986,173000,1117036,29936565,1023099551
2021-01-22,74170291,996849275,42049,1079485,28854635,1025703910
2021-01-25,186996415,1039951289,103300,1165785,32700269,1072651558
2021-01-26,178283695,1060697333,195800,1355085,36898964,1097596297
2021-01-27,232837973,1061481311,47000,1360885,39656190,1101137501
2021-01-28,155234245,1015560406,85000,1326785,39073818,1054634224
2021-01-29,156563629,929399140,131000,1360485,41644446,971043586
2021-02-01,93929399,849583315,166900,1410385,44145051,893728366
2021-02-02,115716565,890304093,169100,1560885,48699612,939003705
2021-02-03,176967457,861009337,52000,1455385,48333335,909342672
2021-02-04,216814816,916274024,148900,1532585,52414407,968688431
2021-02-05,273015027,1064904815,86200,1566385,52896822,1117801637
2021-02-08,75534807,1051138661,27700,1555485,53975330,1105113991
2021-02-09,61380142,1036144320,8200,1469785,51075030,1087219350
2021-02-10,39592980,1004893544,106400,1487285,52278068,1057171612
2021-02-18,58451731,1000174707,67200,1385701,49330955,1049505662
2021-02-19,53636531,1004205883,37700,1390751,49246493,1053452376
2021-02-22,87931420,916712080,7700,1250651,42947356,959659436
2021-02-23,67678532,934736400,22000,1251751,44750099,979486499
2021-02-24,86881595,964907175,19500,1249851,42819895,1007727070
2021-02-25,47006246,970673551,18500,1198551,40750734,1011424285
2021-02-26,62612982,966516151,46200,1108651,38292804,1004808955
2021-03-01,64210919,941738845,189676,1218427,41792046,983530891
2021-03-02,67290375,948856117,120132,1312562,45795289,994651406
2021-03-03,40856099,935131337,103100,1392062,48485519,983616856
2021-03-04,51691870,914020618,101200,1484562,51885442,965906060
2021-03-05,58666885,879938055,33000,1439462,51518345,931456400
2021-03-08,84041675,900009863,103400,1529162,50569386,950579249
2021-03-09,26762693,824759654,92400,1561462,50029242,874788896
2021-03-10,20626686,818637245,23400,1537162,50249825,868887070
2021-03-11,18748234,811209572,63000,1568362,53230206,864439778
2021-03-12,55892191,803068980,99400,1547662,55715832,858784812
2021-03-15,58904577,822192050,113051,1632613,56716975,878909025
2021-03-16,47644653,810027088,36400,1653513,55706852,865733940
2021-03-17,20513478,799892196,19700,1582713,52704343,852596539
2021-03-18,21190038,804549158,73100,1624413,54499057,859048215
2021-03-19,25282398,803081969,67500,1666913,56808395,859890364
2021-03-22,23996470,805798289,22700,1647913,56160875,861959164
2021-03-23,21064655,804855365,56400,1682813,57636346,862491711
2021-03-24,28544865,805577526,50600,1634713,54844622,860422148
2021-03-25,23439776,766629386,56300,1599713,53174460,819803846
2021-03-26,39576967,770048709,171900,1617913,56303372,826352081
2021-03-29,47192874,795525763,121900,1574313,53070091,848595854
2021-03-30,28207738,803733055,81100,1533313,51396652,855129707
2021-03-31,20792008,801903489,49700,1337049,44363286,846266775
2021-04-01,37239125,794119478,357200,1587337,51842426,845961904
2021-04-02,87755195,818182417,109700,1595737,50505076,868687493
2021-04-06,69863333,792022217,121500,1715637,59738480,851760697
2021-04-07,65560605,801461926,127100,1691837,58030009,859491935
2021-04-08,65757648,766034936,304380,1928217,71382593,837417529
2021-04-09,58765493,770053362,116300,1926217,71443388,841496750
2021-04-12,51263582,764865595,46303,1858320,66713689,831579284
2021-04-13,33056102,764527477,38000,1862320,66615186,831142663
2021-04-14,37934975,772881385,32100,1725644,62382030,835263415
2021-04-15,32150175,780345835,75000,1775944,64342451,844688286
2021-04-16,54853957,781602291,103900,1796944,66217387,847819678
2021-04-19,83085824,807634426,85300,1765044,66118549,873752975
2021-04-20,78825764,833959458,388608,2041752,74687288,908646746
2021-04-21,34764794,836336745,23200,1993452,72481915,908818660
2021-04-22,40107207,846846566,71600,2014852,73038385,919884951
2021-04-23,53295566,826798499,26200,1904852,69260419,896058918
2021-04-26,104768941,867661029,92000,1697244,59641155,927302184
2021-04-27,21566998,849551608,55700,1652044,57540693,907092301
2021-04-28,34070535,859614465,17000,1616744,56602207,916216672
2021-04-29,52817204,880426943,122000,1721344,59093739,939520682
2021-04-30,30465071,873034240,9400,1600544,54658577,927692817
2021-05-06,61741752,911080281,102200,1676344,56258104,967338385
2021-05-07,52022804,934729906,10500,1640444,52609038,987338944
2021-05-10,37311310,950872405,33800,1591744,49933010,1000805415
2021-05-11,48109729,961080996,84500,1636068,50619944,1011700940
2021-05-12,50689582,964057269,6200,1537268,46871302,1010928571
2021-05-13,35253465,973201652,84700,1599868,48795975,1021997627
2021-05-14,51181694,995729805,20900,1607468,50120852,1045850657
2021-05-17,43075120,1006000548,80500,1680168,52387638,1058388186
2021-05-18,16855726,988717120,32000,1691668,52374042,1041091162
2021-05-19,19158491,960557308,19800,1627368,50106661,1010663969
2021-05-20,18995682,959680017,17900,1639668,50829708,1010509725
2021-05-21,39236489,976345920,51500,1685968,52635921,1028981841
2021-05-24,30379829,967923288,13900,1602268,49862580,1017785868
2021-05-25,52745602,991484162,11600,1574368,49718541,1041202703
2021-05-26,32041843,982919726,18600,1530408,47672209,1030591935
2021-05-27,61107990,978539586,75057,1560425,49996016,1028535602
2021-05-28,74563170,1019913368,40100,1572525,50446603,1070359971
2021-05-31,50122653,1033485693,37700,1576725,49919113,1083404806
2021-06-01,65404525,1030711753,25400,1506891,47241033,1077952786
2021-06-02,33817811,1011318064,18300,1304189,40899368,1052217432
2021-06-03,37101327,999131437,44100,1276489,38703147,1037834584
2021-06-04,122951260,990235550,42800,1132289,37297600,1027533150
2021-06-07,52336681,1013766765,35500,1116689,36973572,1050740337
2021-06-08,30717268,1013523220,35400,1003689,33021368,1046544588
2021-06-09,47526071,1024054362,74412,904544,30030860,1054085222
2021-06-10,24908143,1013309537,47000,916032,30705392,1044014929
2021-06-11,58183073,1032286214,30900,903332,30080956,1062367170
2021-06-15,82292249,1076395436,24165,889037,30200588,1106596024
2021-06-16,32543326,1069689485,175700,1016172,33289795,1102979280
2021-06-17,115863248,1113480041,128000,1107172,38640303,1152120344
2021-06-18,47144138,1102041551,81700,1135472,39003463,1141045014
2021-06-21,75674176,1135150172,120600,1227772,42665078,1177815250
2021-06-22,46941812,1110940730,161700,1342772,48970895,1159911625
2021-06-23,64393885,1054002618,109400,1380572,51481530,1105484148
2021-06-24,48356035,1054793325,211300,1549778,57605248,1112398573
2021-06-25,59320673,1066795493,55000,1520778,56086293,1122881786
2021-06-28,69696784,1067782803,64800,1491978,57277036,1125059839
2021-06-29,72805238,1094207409,162000,1615478,61872808,1156080217
2021-06-30,63498641,1090876197,82400,1649778,63961894,1154838091
2021-07-01,95472191,1046087008,43300,1587178,58090714,1104177722
2021-07-02,23066420,1011946969,89000,1509738,56237741,1068184710
2021-07-05,62333607,990488097,83521,1545859,60180291,1050668388
2021-07-06,56352896,971142093,45900,1520959,58343988,1029486081
2021-07-07,49385610,965604699,146088,1612247,63280695,1028885394
2021-07-08,62483917,960960449,51400,1619147,64085838,1025046287
2021-07-09,85617697,972889417,76400,1623247,63144308,1036033725
2021-07-12,40918328,917752091,87900,1698347,67967847,985719938
2021-07-13,44123414,923100456,64000,1699247,67613039,990713495
2021-07-14,28772050,906754583,41500,1715547,67352376,974106959
2021-07-15,80237885,928983013,26300,1667847,63795148,992778161
2021-07-16,37859712,925950426,78200,1667647,64004292,989954718
2021-07-19,31013508,934178000,43300,1661547,62856324,997034324
2021-07-20,26209842,926762041,104900,1729247,65659509,992421550
2021-07-21,91199916,950042112,49100,1691847,67673880,1017715992
2021-07-22,79784676,958846831,62200,1692647,69043072,1027889903
2021-07-23,37986827,965858610,31900,1647241,65724916,1031583526
2021-07-26,102193293,1007998665,53100,1681041,67830005,1075828670
2021-07-27,130479716,1085022845,47091,1660432,64358345,1149381190
2021-07-28,32585310,1073016111,59900,1661632,63308179,1136324290
2021-07-29,40458917,1050802115,28000,1662032,66564381,1117366496
2021-07-30,85366564,1082841151,252860,1906792,77167873,1160009024
2021-08-02,29118808,1070183945,120600,2001592,80484014,1150667959
2021-08-03,37638519,1084878322,38400,2001392,79515304,1164393626
2021-08-04,63065191,1053125901,14400,1956892,82678687,1135804588
2021-08-05,55042515,1077366990,56800,1985792,83780564,1161147554
2021-08-06,43854298,1068991149,158300,2139592,89563321,1158554470
2021-08-09,72941966,1092531536,31700,2125192,87621665,1180153201
2021-08-10,53590779,1090922305,51066,2154858,86733035,1177655340
2021-08-11,39402548,1096809021,75600,2056758,80686615,1177495636
2021-08-12,68483411,1137294216,35700,2054058,79368801,1216663017
2021-08-13,44458149,1143249579,20137,1943498,73658574,1216908153
2021-08-16,34869395,1160265870,135200,2030705,76862185,1237128055
2021-08-17,74381676,1194192398,208833,2191738,79099823,1273292221
2021-08-18,26034064,1181735161,25300,2193238,80272511,1262007672
2021-08-19,33081917,1201431651,15100,2201438,80330472,1281762123
2021-08-20,22261282,1194333398,35300,2204838,79462362,1273795760
2021-08-23,39439857,1193445855,58100,2160644,79338847,1272784702
2021-08-24,41208598,1198491972,90475,2225819,82288529,1280780501
2021-08-25,64572791,1236129178,24300,2224619,80264252,1316393430
2021-08-26,17735189,1228195063,15200,1992919,72103811,1300298874
2021-08-27,43688662,1250705447,230500,2129119,76563119,1327268566
2021-08-30,41547729,1268565648,33300,2117519,75658953,1344224601
2021-08-31,65726905,1293564691,9000,2028719,72607853,1366172544
2021-09-01,32181201,1297172643,36300,2053419,74518575,1371691218
2021-09-02,60898003,1336574841,157239,2204158,77718611,1414293452
2021-09-03,7988035,1315921494,6700,2091135,74214381,1390135875
2021-09-06,21524591,1316773111,25200,1759035,63026225,1379799336
2021-09-07,52235433,1313076359,133000,1879535,67719646,1380796005
2021-09-08,38668607,1326790390,57500,1906435,69642071,1396432461
2021-09-09,84480491,1383272124,51200,1957635,68419344,1451691468
2021-09-10,67383505,1388091211,5200,1900935,65202071,1453293282
2021-09-13,36977630,1399234945,10300,1643935,55630760,1454865705
2021-09-14,31437951,1393297742,131856,1726191,58586923,1451884665
2021-09-15,33145114,1407799153,21800,1710891,57246414,1465045567
2021-09-16,34151945,1416785962,11300,1713991,55876106,1472662068
2021-09-17,24578235,1405434379,107900,1812991,61551046,1466985425
2021-09-22,25624059,1407121171,8900,1752991,57655876,1464777047
2021-09-23,11788266,1400279620,9800,1680391,55570530,1455850150
2021-09-24,19683510,1391901774,24000,1674091,56718203,1448619977
2021-09-27,22319091,1394400999,246323,1891814,62429862,1456830861
2021-09-28,16986782,1394419097,102300,1975314,66548328,1460967425
2021-09-29,18357003,1389054009,27800,1958114,65596822,1454650831
2021-09-30,15364908,1386352955,26500,1984414,67331168,1453684123
2021-10-08,25829963,1396538490,6400,1976414,66585387,1463123877
2021-10-11,30541187,1412600084,21700,1996214,67711579,1480311663
2021-10-12,16879006,1409065640,14200,2000214,66647131,1475712771
2021-10-13,17027309,1405098834,14370,1973484,67335274,1472434108
2021-10-14,15968586,1402818913,43900,2017384,68954186,1471773099
2021-10-15,41255053,1411345078,50500,2066484,66251477,1477596555
2021-10-18,53876395,1417501831,47100,1920184,62674805,1480176636
2021-10-19,25539739,1399207139,19500,1835784,62178004,1461385143
2021-10-20,18988572,1404445333,15800,1588640,53727804,1458173137
2021-10-21,15198538,1404265443,63200,1635028,55329348,1459594791
2021-10-22,22094700,1397410144,83200,1705728,59291105,1456701249
2021-10-25,35782265,1418875120,59900,1688728,57045231,1475920351
2021-10-26,14559098,1415672215,193200,1870628,63264638,1478936853
2021-10-27,28609421,1430119837,58000,1911528,63195116,1493314953
2021-10-28,11823253,1411873599,6800,1866828,62072031,1473945630
2021-10-29,21851723,1419110059,34282,1870910,61833574,1480943633
2021-11-01,24208161,1408794039,8700,1833110,62985661,1471779700
2021-11-02,22683767,1409406040,33900,1860010,64412146,1473818186
2021-11-03,11424781,1380463874,30000,1851010,65988507,1446452381
2021-11-04,29725051,1382773346,28400,1867040,67325462,1450098808
2021-11-05,13377246,1359977112,18200,1841740,66836745,1426813857
2021-11-08,15904512,1343035155,3100,1819740,64509783,1407544938
2021-11-09,34237545,1356504479,24600,1805840,64017028,1420521507
2021-11-10,11450909,1352933449,19200,1810840,63886436,1416819885
2021-11-11,20426807,1362190086,7300,1789640,63138500,1425328586
2021-11-12,18476418,1367071229,40100,1828240,64280918,1431352147
2021-11-15,47189289,1370048414,3200,1829740,66382968,1436431382
2021-11-16,25846182,1377756380,30200,1855440,67148372,1444904752
2021-11-17,18316975,1365764881,7700,1843540,67842272,1433607153
2021-11-18,23416161,1366195172,47600,1859840,66954240,1433149412
2021-11-19,38744234,1350844529,35300,1735926,65965188,1416809717
2021-11-22,38520738,1347297513,95396,1794022,68388120,1415685633
2021-11-23,74008920,1395134195,69921,1724443,65580567,1460714762
2021-11-24,66085054,1388071845,50300,1628048,63005457,1451077302
2021-11-25,56243324,1408449155,22200,1580148,61594169,1470043324
2021-11-26,61502975,1425331084,60000,1577225,60770480,1486101564
2021-11-29,26191873,1423290308,30900,1477418,57249951,1480540259
2021-11-30,49289024,1413993780,78800,1388597,52891660,1466885440
2021-12-01,62946106,1383444279,17500,1240383,45770132,1429214411
2021-12-02,23530902,1371930088,49400,1011235,37162888,1409092976
2021-12-03,24709079,1352073989,60000,920518,34887632,1386961621
2021-12-06,37635235,1352587197,30100,777552,29515875,1382103072
2021-12-07,32769874,1361638847,12900,715367,26683189,1388322036
2021-12-08,20818377,1330234705,22900,730267,27764752,1357999457
2021-12-09,22590568,1314339958,7200,719467,27836179,1342176137
2021-12-10,25503833,1304424620,1900,677767,26053363,1330477983
2021-12-13,20748453,1301741292,30900,699167,26512413,1328253705
2021-12-14,27180080,1293231109,1100,656867,25420753,1318651862
2021-12-15,37923822,1308168371,152600,720867,27263190,1335431561
2021-12-16,29095561,1318943378,128500,790258,29373889,1348317267
2021-12-17,11797196,1303659111,38882,773549,28776022,1332435133
2021-12-20,29807648,1307438983,71502,822751,29577899,1337016882
2021-12-21,9258429,1290326421,34700,775651,28590497,1318916918
2021-12-22,8498933,1286253798,45800,756051,27966327,1314220125
2021-12-23,34329563,1241212090,145304,864455,34292930,1275505020
2021-12-24,25004241,1253252085,65500,832851,32314619,1285566704
2021-12-27,19696866,1257632589,96700,910251,34844408,1292476997
2021-12-28,20672155,1264061180,28600,870751,33018878,1297080058
2021-12-29,47221024,1292573881,213700,1046951,38967517,1331541398
