日期,融资买入额(元),融资余额(元),融券卖出量,融券余量,融券余额(元),融资融券余额(元)
2017-07-12,145938779,1988351695,195800,4177600,18256112,2006607807
2017-07-13,119079892,1961614467,356200,3968000,17538560,1979153027
2017-07-14,161979431,1990663420,401500,4046300,17925109,2008588529
2017-07-17,184922851,1925178366,2123600,4562800,19163760,1944342126
2017-07-18,123090637,1941908907,279800,4459500,19175850,1961084757
2017-07-19,315288399,1876127796,2967855,6388055,29065650,1905193446
2017-07-20,258976970,1909527145,97300,4679955,21106597,1930633742
2017-07-21,150809779,1918287978,451000,3490100,15600747,1933888725
2017-07-24,182912250,1937946025,938300,4265500,19237405,1957183430
2017-07-25,352881926,1922705822,4119700,7542900,35376201,1958082023
2017-07-26,229608609,1857730317,579000,5264900,24534434,1882264751
2017-07-27,608110708,1969267744,4344200,8992800,42625872,2011893616
2017-07-28,704340885,2129265186,8498811,13776811,70675040,2199940226
2017-07-31,678450124,2093012180,4941693,16062904,88667230,2181679410
2017-08-01,608285366,2163727702,9318234,21248527,114104591,2277832293
2017-08-02,681519078,2195378131,6080181,21635990,116834346,2312212477
2017-08-03,576724788,2267755054,6535141,21309704,115924790,2383679844
2017-08-04,719053498,2207912943,10688287,24732911,131331758,2339244701
2017-08-07,675001730,2386667618,8231274,25673413,139149898,2525817516
2017-08-08,696243193,2419794424,6148221,26534739,137980643,2557775067
2017-08-09,575528407,2472218342,7396000,28219063,146456938,2618675280
2017-08-10,347017584,2402808348,8025281,24135544,120436365,2523244713
2017-08-11,528190111,2492852597,18177417,32053735,148408793,2641261390
2017-08-14,281185385,2543714210,8017200,28315604,133083339,2676797549
2017-08-15,387762317,2628376495,13559799,34293203,164264443,2792640938
2017-08-16,203282369,2621103128,1614500,23100844,108573967,2729677095
2017-08-17,286142133,2666837437,11164900,25250799,120446311,2787283748
2017-08-18,199882686,2662191821,2439995,15740294,74923799,2737115620
2017-08-21,247572362,2674434194,8077200,22293099,107675668,2782109862
2017-08-22,164562501,2611315913,674900,19077761,90428587,2701744500
2017-08-23,173138113,2572483909,510800,18071461,82948006,2655431915
2017-08-24,119934675,2572956530,6032900,17692099,81029813,2653986343
2017-08-25,204567661,2564154069,2635100,12296200,57423254,2621577323
2017-08-28,191665848,2562919390,2159200,11672301,55093261,2618012651
2017-08-29,150474678,2500297574,502600,9735701,46147223,2546444797
2017-08-30,375085394,2496518300,9122442,17738743,85678129,2582196429
2017-08-31,223945092,2530388376,66700,10818943,51714548,2582102924
2017-09-01,651464366,2618963153,8506000,16991743,84788798,2703751951
2017-09-04,340480073,2541739462,179700,9698542,48298739,2590038201
2017-09-05,224008476,2574094770,2797885,11265627,54863604,2628958374
2017-09-06,200096432,2556273419,1140848,11158290,54340872,2610614291
2017-09-07,218086800,2575706750,6221875,13075605,62632148,2638338898
2017-09-08,116476824,2543938289,759000,6601330,31554357,2575492646
2017-09-11,161987049,2561585156,2498489,8440877,40178575,2601763731
2017-09-12,222863678,2554529277,2269900,8605477,40876016,2595405293
2017-09-13,211222142,2572051181,2508000,9899377,47714997,2619766178
2017-09-14,157949954,2562121595,99000,4613688,21868881,2583990476
2017-09-15,227195113,2583617566,1169500,5180288,23881128,2607498694
2017-09-18,74751803,2575363187,22600,4095388,18920693,2594283880
2017-09-19,100405093,2594718851,28000,2037200,9350748,2604069599
2017-09-20,127010837,2551153703,315700,2324800,10694080,2561847783
2017-09-21,117781536,2539684979,1405800,2006200,9108148,2548793127
2017-09-22,133929721,2533931482,975700,2033900,9050855,2542982337
2017-09-25,70869965,2537601182,87400,1491300,6502068,2544103250
2017-09-26,77134053,2531436198,1327000,2743300,12070520,2543506718
2017-09-27,83905233,2473132667,70400,1143100,5098226,2478230893
2017-09-28,90663434,2469040905,2200,1065500,4677545,2473718450
2017-09-29,85197681,2409741365,39700,535100,2354440,2412095805
2017-10-09,88927916,2419997166,0,452500,1995525,2421992691
2017-10-10,77344134,2431396234,100000,552500,2431000,2433827234
2017-10-11,82310567,2433338196,1034000,1586500,6964735,2440302931
2017-10-12,119881433,2425220039,350000,1826500,8054865,2433274904
2017-10-13,98388715,2397952832,800000,2290800,10148244,2408101076
2017-10-16,141057312,2390250235,550000,2090800,9262244,2399512479
2017-10-17,106432837,2430895248,0,1540800,6748704,2437643952
2017-10-18,56772503,2404611121,3500,1542100,6646451,2411257572
2017-10-19,89142443,2408808574,422100,1961200,8237040,2417045614
2017-10-20,63394654,2413185611,210000,1913900,8134075,2421319686
2017-10-23,54370093,2398379949,236500,1726200,7353612,2405733561
2017-10-24,66369023,2354042179,17300,1407000,6106380,2360148559
2017-10-25,47648676,2344196848,2500,1258700,5437584,2349634432
2017-10-26,70798765,2332440305,489100,1734900,7529466,2339969771
2017-10-27,73283342,2337208318,151400,1388200,5997024,2343205342
2017-10-30,71527936,2330172642,9500,1043500,4361830,2334534472
2017-10-31,56911799,2349525182,100,1043600,4372684,2353897866
2017-11-01,75490438,2360962459,5709600,6678300,27982077,2388944536
2017-11-02,61350835,2342982004,730300,1691800,7071724,2350053728
2017-11-03,58476464,2320091973,150000,1111200,4544808,2324636781
2017-11-06,57108523,2322886167,637800,1749000,7223370,2330109537
2017-11-07,107307948,2341284592,269900,1351400,5675880,2346960472
2017-11-08,55636670,2348282274,174200,1241100,5175387,2353457661
2017-11-09,57505149,2333468514,218000,1084800,4534464,2338002978
2017-11-10,60350809,2327632919,180000,1046800,4365156,2331998075
2017-11-13,91545904,2328226330,1151711,1898511,7992731,2336219061
2017-11-14,104409494,2326325109,603600,1352200,5706284,2332031393
2017-11-15,92762800,2358070098,5970023,7016823,29189984,2387260082
2017-11-16,47452940,2355413528,300000,1346900,5535759,2360949287
2017-11-17,71133544,2317496922,118400,985300,3951053,2321447975
2017-11-20,51594741,2325593988,390000,1256900,4989893,2330583881
2017-11-21,43651014,2311384710,10000,876900,3490062,2314874772
2017-11-22,72566874,2315685915,3300660,4175560,16827507,2332513422
2017-11-23,89046872,2325931873,2343200,3211500,12749655,2338681528
2017-11-24,53169180,2328471699,1779100,1849600,7416896,2335888595
2017-11-27,53795385,2334108846,533200,603700,2432911,2336541757
2017-11-28,61359637,2308733786,1678400,2127900,8745669,2317479455
2017-11-29,119900146,2297765815,754900,2352800,9905288,2307671103
2017-11-30,67977179,2254702768,184965,1282865,5323890,2260026658
2017-12-01,71226021,2278449303,19200,1297065,5356878,2283806181
2017-12-04,71295059,2295012774,737800,1854900,7679286,2302692060
2017-12-05,48950908,2258003343,4200,1586100,6471288,2264474631
2017-12-06,62461692,2256955673,0,1551400,6252142,2263207815
2017-12-07,34828199,2243370760,150000,1199400,4785606,2248156366
2017-12-08,62299617,2253539258,350300,1399700,5626794,2259166052
2017-12-11,49141069,2219803503,14000,1063700,4276074,2224079577
2017-12-12,50495415,2211528522,750000,1624300,6513443,2218041965
2017-12-13,31012673,2202725722,0,1074200,4286058,2207011780
2017-12-14,30800485,2199249526,0,1074200,4253832,2203503358
2017-12-15,46442613,2177494428,5000,1079000,4229680,2181724108
2017-12-18,47834990,2189295438,0,1079000,4272840,2193568278
2017-12-19,18205472,2183110569,0,1079000,4262050,2187372619
2017-12-20,43609506,2188309608,4300,1076300,4165281,2192474889
2017-12-21,32949114,2192065775,100,1076400,4165668,2196231443
2017-12-22,36307168,2198875266,150000,1226200,4745394,2203620660
2017-12-25,36569638,2196077223,53000,1274200,4854702,2200931925
2017-12-26,35573608,2200610095,0,1117200,4267704,2204877799
2017-12-27,37610706,2194831574,0,117200,448876,2195280450
2017-12-28,85915920,2171939452,454000,518400,2021760,2173961212
2017-12-29,28892401,2156801946,0,64400,251160,2157053106
2018-01-02,51453948,2151783398,4500,68900,272155,2152055553
2018-01-03,203538005,2167805295,644100,713000,2958950,2170764245
2018-01-04,104269988,2123150802,226600,541800,2210544,2125361346
2018-01-05,74833338,2137630098,406000,565300,2295118,2139925216
2018-01-08,114805295,2140789989,154500,618800,2543268,2143333257
2018-01-09,83260186,2156539522,16500,169300,690744,2157230266
2018-01-10,86270830,2184902325,0,142800,575484,2185477809
2018-01-11,38024794,2180621294,28800,171600,694980,2181316274
2018-01-12,74404265,2171802206,718100,889700,3621079,2175423285
2018-01-15,73371229,2180855370,107800,634900,2501506,2183356876
2018-01-16,39357150,2139443678,111800,626100,2479356,2141923034
2018-01-17,57091975,2143585127,55000,449700,1789806,2145374933
2018-01-18,84565726,2149867186,580000,872500,3542350,2153409536
2018-01-19,53384160,2082827958,100000,592500,2417400,2085245358
2018-01-22,92031930,2071971843,58000,450500,1851555,2073823398
2018-01-23,95997393,2103433433,0,392500,1605325,2105038758
2018-01-24,75593040,2109368709,0,292500,1205100,2110573809
2018-01-25,107019945,2120665684,373900,666400,2752232,2123417916
2018-01-26,101814564,2107507391,0,602500,2470250,2109977641
2018-01-29,145891323,2123932620,355000,957500,3983200,2127915820
2018-01-30,107416803,2149086722,389500,1067000,4364030,2153450752
2018-01-31,58722452,2149658612,0,292500,1181700,2150840312
2018-02-01,115362843,2141342391,403100,666800,2660532,2144002923
2018-02-02,113543360,2130379139,380100,658800,2661552,2133040691
2018-02-05,134652393,2106688382,605700,770800,3175696,2109864078
2018-02-06,103075314,2063131016,42400,569500,2266610,2065397626
2018-02-07,150643037,2090045930,190000,367100,1468400,2091514330
2018-02-08,68106643,2094484298,28400,221600,870888,2095355186
2018-02-09,83236838,2093914604,153000,343900,1275869,2095190473
2018-02-12,45799567,2100422212,20600,287100,1079496,2101501708
2018-02-13,32528144,2081527703,210000,399600,1510488,2083038191
2018-02-14,37299929,2057121746,14000,413600,1588224,2058709970
2018-02-22,66331976,2041417892,405300,818900,3234655,2044652547
2018-02-23,114517743,2043773401,437400,935300,3741200,2047514601
2018-02-26,100183236,2064713087,30000,580600,2339818,2067052905
2018-02-27,43982512,2047227533,40000,313800,1245786,2048473319
2018-02-28,31897638,2043540939,63500,321800,1277546,2044818485
2018-03-01,34094622,2030794817,470000,723800,2844534,2033639351
2018-03-02,45258943,2042560076,78000,497600,1915760,2044475836
2018-03-05,33274721,2043982351,278000,741600,2832912,2046815263
2018-03-06,43435907,2044763714,128000,323500,1255180,2046018894
2018-03-07,32154046,2024440152,54000,374500,1438080,2025878232
2018-03-08,57892434,2034542394,1206200,1565700,6090573,2040632967
2018-03-09,46180878,2035666602,10000,872500,3376575,2039043177
2018-03-12,35617049,2032950070,179600,908100,3505266,2036455336
2018-03-13,64952162,2053099217,0,731100,2807424,2055906641
2018-03-14,32321520,2049811132,600000,1266200,4874870,2054686002
2018-03-15,22153574,2053349700,50500,816700,3119794,2056469494
2018-03-16,23889315,2046254278,166800,882000,3333960,2049588238
2018-03-19,27751269,2030973605,25000,740200,2768348,2033741953
2018-03-20,24436489,2034669091,64200,802400,3009000,2037678091
2018-03-21,13521666,2010318643,8000,745400,2780342,2013098985
2018-03-22,17853557,2010312585,0,715400,2646980,2012959565
2018-03-23,57752732,1992009204,179300,767500,2693925,1994703129
2018-03-26,33620217,1996511684,309800,435400,1519546,1998031230
2018-03-27,28996128,1997681708,22300,346200,1208238,1998889946
2018-03-28,18185534,1990298236,400000,695700,2400165,1992698401
2018-03-29,55788012,2015560275,187800,481500,1690065,2017250340
2018-03-30,25400116,2004241156,51900,344300,1208493,2005449649
2018-04-02,36409621,2000720546,132000,424400,1472668,2002193214
2018-04-03,21888294,1986743799,0,181800,621756,1987365555
2018-04-04,30736677,1975122269,0,131800,442848,1975565117
2018-04-09,29172176,1968847507,750260,865360,2890302,1971737809
2018-04-10,28181948,1963163395,180900,306000,1046520,1964209915
2018-04-11,23303103,1961805243,24100,212300,723943,1962529186
2018-04-12,30523054,1971885944,45200,200300,675011,1972560955
2018-04-13,26056643,1965243879,200000,350100,1183338,1966427217
2018-04-16,24945725,1959937933,23600,106300,355042,1960292975
2018-04-17,17596070,1956674963,7300,92600,308358,1956983321
2018-04-18,26169617,1952380453,651000,743600,2483624,1954864077
2018-04-19,31562379,1947608284,6000,319600,1077052,1948685336
2018-04-20,27120010,1911121395,0,305600,999312,1912120707
2018-04-23,19884354,1901722202,0,296800,976472,1902698674
2018-04-24,29982989,1878593034,550000,829500,2778825,1881371859
2018-04-25,16879900,1877141755,0,329500,1093940,1878235695
2018-04-26,27140753,1880310428,10000,126500,414920,1880725348
2018-04-27,11171461,1873384574,60000,136500,447720,1873832294
2018-05-02,12310479,1868728725,50000,186500,609855,1869338580
2018-05-03,12752784,1864160753,0,137800,453362,1864614115
2018-05-04,18678789,1855856055,0,137800,451984,1856308039
2018-05-07,23047663,1864967453,50000,187800,621618,1865589071
2018-05-08,22721816,1872667691,0,126500,417450,1873085141
2018-05-09,27650112,1880788945,0,126500,418715,1881207660
2018-05-10,25191716,1892512854,0,126500,417450,1892930304
2018-05-11,20771619,1873640217,11000,137500,451000,1874091217
2018-05-14,12947257,1863670018,120000,246500,806055,1864476073
2018-05-15,20692465,1872128571,150000,216500,714450,1872843021
2018-05-16,13318116,1862874606,0,216500,710120,1863584726
2018-05-17,15607751,1862304959,0,66500,216790,1862521749
2018-05-18,14008967,1858379149,60000,126500,413655,1858792804
2018-05-21,44585272,1854101149,480000,543600,1804752,1855905901
2018-05-22,21284530,1854929096,60000,123600,410352,1855339448
2018-05-23,22466603,1850817078,0,63600,209244,1851026322
2018-05-24,7635512,1848912565,0,63600,207972,1849120537
2018-05-25,15606458,1850641069,0,63600,207336,1850848405
2018-05-28,14312516,1842329438,113300,176900,578463,1842907901
2018-05-29,40764346,1856675216,524977,651877,2105562,1858780778
2018-05-30,54454519,1874969010,12000,87900,269853,1875238863
2018-05-31,11636388,1863665160,58600,146500,460010,1864125170
2018-06-01,17882520,1854259905,506000,642500,2017450,1856277355
2018-06-04,14044716,1851164421,66000,190500,598170,1851762591
2018-06-05,18034197,1849552612,361000,493700,1545281,1851097893
2018-06-06,14301284,1852393854,62300,493300,1544029,1853937883
2018-06-07,29843811,1858316886,417800,848800,2673720,1860990606
2018-06-08,26509493,1855504027,10000,441000,1362690,1856866717
2018-06-11,22673105,1856944997,89000,520000,1606800,1858551797
2018-06-12,12795493,1847837763,8600,499600,1548760,1849386523
2018-06-13,29309068,1851190834,160500,591500,1839565,1853030399
2018-06-14,65212778,1869103605,495300,930800,2978560,1872082165
2018-06-15,55189317,1847095694,348000,978500,3140985,1850236679
2018-06-19,44488118,1819363837,114500,726700,2136498,1821500335
2018-06-20,21285018,1805971406,364300,967500,2950875,1808922281
2018-06-21,40880188,1780318737,292000,913500,2822715,1783141452
2018-06-22,62148767,1800770437,12700,777200,2440408,1803210845
2018-06-25,23463889,1791503633,110000,874500,2745930,1794249563
2018-06-26,17003681,1777543636,54600,832700,2581370,1780125006
2018-06-27,20681374,1778493956,76200,857300,2537608,1781031564
2018-06-28,14135915,1774396207,0,779000,2266890,1776663097
2018-06-29,28207801,1769068391,73800,823000,2427850,1771496241
2018-07-02,17635420,1759310286,190200,939400,2696078,1762006364
2018-07-03,16206542,1759609405,74800,871500,2509920,1762119325
2018-07-04,18185566,1753041383,320000,1124500,3227315,1756268698
2018-07-05,15623585,1744650572,133300,957800,2691418,1747341990
2018-07-06,25687105,1741376788,150000,786600,2194614,1743571402
2018-07-09,22400878,1744815495,16500,495900,1408356,1746223851
2018-07-10,21795233,1738399537,280100,759500,2179765,1740579302
2018-07-11,17368757,1735312132,23000,502400,1401696,1736713828
2018-07-12,20647416,1734924707,578800,979900,2792715,1737717422
2018-07-13,29534578,1729022223,51000,465900,1313838,1730336061
2018-07-16,11350694,1723211854,0,425900,1196779,1724408633
2018-07-17,10206648,1717445288,19000,430100,1199979,1718645267
2018-07-18,10443159,1714074768,23800,432900,1207791,1715282559
2018-07-19,24116763,1720810121,276000,695600,1947680,1722757801
2018-07-20,29642251,1721472067,65200,461000,1295410,1722767477
2018-07-23,45619391,1722423345,698000,1159000,3303150,1725726495
2018-07-24,62937125,1721146030,88176,546176,1589372,1722735402
2018-07-25,59442080,1711877938,635300,1093300,3247101,1715125039
2018-07-26,42659594,1712446530,0,518000,1528100,1713974630
2018-07-27,56759794,1706149487,670200,1138200,3380454,1709529941
2018-07-30,38907562,1702666384,37500,506100,1492995,1704159379
2018-07-31,19955559,1687615840,103000,609100,1784663,1689400503
2018-08-01,35601425,1683134364,346300,749100,2157408,1685291772
2018-08-02,55369444,1700142217,378300,1071100,3031213,1703173430
2018-08-03,15707463,1673488362,20700,431800,1217676,1674706038
2018-08-06,19365641,1667354626,75000,472300,1317717,1668672343
2018-08-07,19318864,1663417483,306400,699200,1999712,1665417195
2018-08-08,38056842,1663171671,408827,801627,2316702,1665488373
2018-08-09,40357499,1664176994,11600,409400,1187260,1665364254
2018-08-10,19631614,1658893169,66900,460000,1329400,1660222569
2018-08-13,27784295,1663780968,211400,643800,1867020,1665647988
2018-08-14,15200536,1664942715,39200,474200,1360954,1666303669
2018-08-15,30133230,1652321939,200000,630000,1776600,1654098539
2018-08-16,27575485,1659653621,175100,605100,1688229,1661341850
2018-08-17,19230522,1659489680,78200,436500,1209105,1660698785
2018-08-20,27886582,1656758807,493000,718700,2012360,1658771167
2018-08-21,20129436,1653214989,13800,239300,672433,1653887422
2018-08-22,18364738,1656082857,520000,759300,2141226,1658224083
2018-08-23,13230600,1656289254,0,718200,2018142,1658307396
2018-08-24,13975284,1638531512,461300,686800,1936776,1640468288
2018-08-27,21467857,1637459213,28300,267600,759984,1638219197
2018-08-28,20576983,1637024311,0,239300,679612,1637703923
2018-08-29,16695758,1632359997,29900,269200,764528,1633124525
2018-08-30,30474245,1627971332,334180,570680,1615024,1629586356
2018-08-31,20478215,1586146740,237700,464600,1333402,1587480142
2018-09-03,32645615,1586455226,118300,505200,1480236,1587935462
2018-09-04,14440205,1564482915,638000,1043200,3067008,1567549923
2018-09-05,20520057,1551945192,67600,542800,1590404,1553535596
2018-09-06,17637809,1546803510,566800,1077800,3168732,1549972242
2018-09-07,17225748,1541548993,115100,401900,1177567,1542726560
2018-09-10,7352854,1535843053,200100,478500,1406790,1537249843
2018-09-11,13035220,1527916404,576600,945400,2760568,1530676972
2018-09-12,10083716,1514564003,48400,601200,1779552,1516343555
2018-09-13,8048568,1509676675,66200,443400,1321332,1510998007
2018-09-14,46992699,1512317798,627100,1011900,3106533,1515424331
2018-09-17,24227189,1511799774,25500,466900,1424045,1513223819
2018-09-18,28370413,1501658434,402600,847000,2642640,1504301074
2018-09-19,43672391,1504154823,239500,511800,1591698,1505746521
2018-09-20,32122803,1502376690,95500,578600,1816804,1504193494
2018-09-21,30841031,1486622275,17000,468400,1484828,1488107103
2018-09-25,29153585,1496492132,20000,468200,1465466,1497957598
2018-09-26,21420687,1487225200,97800,536100,1694076,1488919276
2018-09-27,110156045,1521748176,557200,1090100,3553726,1525301902
2018-09-28,52392906,1479249471,135100,804500,2622670,1481872141
2018-10-08,46821223,1486336174,84300,659500,2064235,1488400409
2018-10-09,23177456,1488413414,206200,774400,2423872,1490837286
2018-10-10,33631907,1497976883,42200,554900,1742386,1499719269
2018-10-11,54087096,1513249252,6900,206500,609175,1513858427
2018-10-12,38176137,1489312068,720000,906100,2872337,1492184405
2018-10-15,30344728,1496465258,31200,261300,799578,1497264836
2018-10-16,19221090,1486996200,372200,576800,1747704,1488743904
2018-10-17,23338570,1488205787,134100,327000,990810,1489196597
2018-10-18,13286951,1474984650,67300,287400,850704,1475835354
2018-10-19,22382381,1477002293,35000,250400,756208,1477758501
2018-10-22,53505408,1493310356,496400,744500,2330285,1495640641
2018-10-23,41486318,1497845758,367275,627875,1952691,1499798449
2018-10-24,18435985,1487121892,131200,400900,1250808,1488372700
2018-10-25,22492730,1485334434,243200,519400,1610140,1486944574
2018-10-26,28908345,1472742501,198200,465500,1461670,1474204171
2018-10-29,22582421,1468387774,86900,370100,1169516,1469557290
2018-10-30,32312847,1476281906,635005,918605,2921164,1479203070
2018-10-31,44547389,1473506893,102500,316600,1003622,1474510515
2018-11-01,39961928,1469743746,38800,312600,975312,1470719058
2018-11-02,27114414,1440906000,46500,179800,569966,1441475966
2018-11-05,34219816,1441762591,138100,298400,931008,1442693599
2018-11-06,16991716,1446272988,156500,279900,873288,1447146276
2018-11-07,15587292,1432011085,359700,522200,1629264,1433640349
2018-11-08,26753448,1445386274,135200,250200,768114,1446154388
2018-11-09,19608496,1446286186,211900,317200,961116,1447247302
2018-11-12,11654503,1442794659,110100,339800,1046584,1443841243
2018-11-13,27017660,1436159048,196000,330100,1026611,1437185659
2018-11-14,37298793,1443198603,347600,472200,1477986,1444676589
2018-11-15,18675269,1435698256,24500,228700,720405,1436418661
2018-11-16,25027100,1430912722,53000,175400,552510,1431465232
2018-11-19,56054090,1438759297,1139000,1261400,4099550,1442858847
2018-11-20,69094515,1459272034,75100,357100,1124865,1460396899
2018-11-21,36535200,1466836460,579100,883600,2774504,1469610964
2018-11-22,10447953,1462098439,4100,289700,898070,1462996509
2018-11-23,23098481,1455044050,101900,279300,840693,1455884743
2018-11-26,13458711,1454686976,334700,513900,1536561,1456223537
2018-11-27,13068776,1455476090,68000,397900,1189721,1456665811
2018-11-28,19357350,1462692474,0,190800,574308,1463266782
2018-11-29,13281667,1456309130,3300,194100,572595,1456881725
2018-11-30,16679883,1462713369,118816,310416,912623,1463625992
2018-12-03,18628010,1452230878,5000,25416,76502,1452307380
2018-12-04,17105026,1440082039,485600,511016,1553489,1441635528
2018-12-05,20438272,1442676406,266900,292316,876948,1443553354
2018-12-06,10798288,1438711194,19000,281316,829882,1439541076
2018-12-07,31442290,1443422327,486830,633246,1899738,1445322065
2018-12-10,19893874,1445524994,83452,229868,680409,1446205403
2018-12-11,8897508,1443987246,68000,261168,770446,1444757692
2018-12-12,5851249,1444026625,0,172968,511985,1444538610
2018-12-13,20397393,1441351193,7400,150368,446593,1441797786
2018-12-14,16320366,1445792037,38000,188368,551918,1446343955
2018-12-17,10716141,1437827380,0,148868,437672,1438265052
2018-12-18,11937912,1441567195,34300,175700,513044,1442080239
2018-12-19,14220745,1444773012,241000,377700,1102884,1445875896
2018-12-20,12548160,1447919739,294000,430700,1244723,1449164462
2018-12-21,4177304,1442614070,68000,232700,672503,1443286573
2018-12-24,4217695,1443235095,26900,259600,752840,1443987935
2018-12-25,18286348,1432683913,210500,354700,1010895,1433694808
2018-12-26,8429400,1434123443,30000,171400,485062,1434608505
2018-12-27,7274821,1427636785,22825,169525,479756,1428116541
2018-12-28,7593433,1416540296,27000,174600,495864,1417036160
2019-01-02,9818948,1418676158,107300,281900,803415,1419479573
2019-01-03,5784023,1416672502,47000,221600,633776,1417306278
2019-01-04,16825671,1412194643,0,174600,506340,1412700983
2019-01-07,8872047,1399782226,300000,471600,1381788,1401164014
2019-01-08,10303718,1396539691,400000,571600,1680504,1398220195
2019-01-09,8946339,1387566907,108000,279600,822024,1388388931
2019-01-10,19504997,1373697012,356300,567900,1703700,1375400712
2019-01-11,5874087,1369342701,94100,318300,958083,1370300784
2019-01-14,16471571,1366332750,526000,749300,2277872,1368610622
2019-01-15,9203517,1364991719,72000,295300,894759,1365886478
2019-01-16,7491357,1349995980,98000,325300,988912,1350984892
2019-01-17,5674385,1343837659,310000,527300,1602992,1345440651
2019-01-18,15670641,1330234765,240758,458058,1415399,1331650164
2019-01-21,3786146,1321522559,110400,406500,1256085,1322778644
2019-01-22,23559400,1330267692,362800,669300,2061444,1332329136
2019-01-23,5443311,1328663527,105800,412400,1266068,1329929595
2019-01-24,4206112,1316011519,386900,696100,2137027,1318148546
2019-01-25,5452664,1294867999,97800,431900,1330252,1296198251
2019-01-28,3110266,1290669723,127500,440500,1356740,1292026463
2019-01-29,14244346,1292470328,43100,227800,697068,1293167396
2019-01-30,6284253,1276808762,195600,412200,1273698,1278082460
2019-01-31,10483649,1272345693,0,184100,565187,1272910880
2019-02-01,15704921,1274950949,0,162400,498568,1275449517
2019-02-11,18186434,1281727503,47700,210100,655512,1282383015
2019-02-12,18976501,1282514960,44300,242700,759651,1283274611
2019-02-13,32982608,1288021886,36500,212700,674259,1288696145
2019-02-14,15045290,1289950806,20700,196800,619920,1290570726
2019-02-15,9855201,1285840896,1700,163600,508796,1286349692
2019-02-18,37168971,1282516462,124600,286500,908205,1283424667
2019-02-19,38680402,1280533189,195000,410800,1298128,1281831317
2019-02-20,28916058,1289056922,8700,233800,734132,1289791054
2019-02-21,23750928,1288455269,84500,294600,919152,1289374421
2019-02-22,19474217,1288752067,61700,346800,1088952,1289841019
2019-02-25,89636956,1296313235,6000,287300,942344,1297255579
2019-02-26,124884146,1299920010,653000,940000,3196000,1303116010
2019-02-27,56114338,1309041686,0,329900,1108464,1310150150
2019-02-28,65979387,1333452359,12200,340100,1152939,1334605298
2019-03-01,34674390,1322957377,348415,650715,2218938,1325176315
2019-03-04,116449741,1324795307,232800,541500,1868175,1326663482
2019-03-05,28957735,1321470657,4500,329200,1142324,1322612981
2019-03-06,89211114,1338821767,667900,996900,3588840,1342410607
2019-03-07,60136480,1351434839,12900,316400,1135876,1352570715
2019-03-08,93696330,1374419875,193400,446300,1490642,1375910517
2019-03-11,36001203,1378872483,52600,267700,918211,1379790694
2019-03-12,98227705,1378990678,27800,267000,939840,1379930518
2019-03-13,45679290,1363063092,446100,694100,2401586,1365464678
2019-03-14,33864775,1359103289,283700,524400,1788204,1360891493
2019-03-15,23856632,1342407006,57700,376100,1297545,1343704551
2019-03-18,64821348,1356109829,713300,1002900,3570324,1359680153
2019-03-19,60541197,1378328852,0,545300,1919456,1380248308
2019-03-20,39282487,1388096114,85000,580600,2026294,1390122408
2019-03-21,38296513,1385037220,5100,389600,1359704,1386396924
2019-03-22,34190929,1370903474,3500,305900,1067591,1371971065
2019-03-25,35082693,1376490364,106400,406800,1387188,1377877552
2019-03-26,33834300,1382558437,9700,327500,1100400,1383658837
2019-03-27,22495180,1385467161,99400,412600,1402840,1386870001
2019-03-28,32241088,1398821923,2200,387500,1298125,1400120048
2019-03-29,30164517,1379874531,2000,301200,1030104,1380904635
2019-04-01,73987877,1398046267,21800,321000,1126710,1399172977
2019-04-02,33441253,1396833803,5800,321800,1123082,1397956885
2019-04-03,35566744,1380093548,70600,375500,1325515,1381419063
2019-04-04,49966974,1375345254,119000,473500,1690395,1377035649
2019-04-08,216156930,1485377534,837200,1176100,4375092,1489752626
2019-04-09,85262734,1460068833,120700,716500,2593730,1462662563
2019-04-10,32307861,1452008278,259100,604900,2153444,1454161722
2019-04-11,38344279,1445251628,200800,751700,2645984,1447897612
2019-04-12,31643023,1416889207,36400,612300,2143050,1419032257
2019-04-15,40701125,1414735988,10000,572600,1981196,1416717184
2019-04-16,47521405,1418425179,99100,644000,2266880,1420692059
2019-04-17,59357757,1425077606,208400,510300,1811565,1426889171
2019-04-18,30749319,1429240765,33900,334800,1181844,1430422609
2019-04-19,28402371,1425640118,33500,368200,1307110,1426947228
2019-04-22,39029747,1428822550,8600,334200,1169700,1429992250
2019-04-23,30770475,1431389933,41200,360400,1236172,1432626105
2019-04-24,19049787,1421841583,19200,335500,1154120,1422995703
2019-04-25,29315730,1419772789,257400,563500,1904630,1421677419
2019-04-26,28479147,1414687716,16000,321200,1056748,1415744464
2019-04-29,35390620,1418015437,33500,321000,1027200,1419042637
2019-04-30,28171196,1411323687,2500,279000,892800,1412216487
2019-05-06,38779075,1418896518,84900,305300,922006,1419818524
2019-05-07,27792618,1425027801,18556,283456,858872,1425886673
2019-05-08,25990809,1422342728,6700,218800,652024,1422994752
2019-05-09,28005166,1433015700,569294,755194,2242926,1435258626
2019-05-10,37373780,1432596209,42200,235400,713262,1433309471
2019-05-13,26185812,1434664202,125500,317100,944958,1435609160
2019-05-14,25687393,1439688683,23700,230800,683168,1440371851
2019-05-15,30059100,1446404928,113600,315100,942149,1447347077
2019-05-16,34496529,1443018789,261300,465400,1405508,1444424297
2019-05-17,19906842,1428501740,43300,353700,1046952,1429548692
2019-05-20,11762351,1427387951,49700,367200,1086912,1428474863
2019-05-21,26126020,1436280205,61000,265300,795900,1437076105
2019-05-22,13053567,1431776750,155800,358500,1071915,1432848665
2019-05-23,10834841,1414769516,180000,372700,1106919,1415876435
2019-05-24,11998751,1392470608,56500,258200,761690,1393232298
2019-05-27,17816611,1385592944,30300,279300,835107,1386428051
2019-05-28,15596561,1379703649,210200,488500,1470385,1381174034
2019-05-29,5976233,1374112825,300000,527500,1577225,1375690050
2019-05-30,10109047,1366155303,73000,297100,882387,1367037690
2019-05-31,8654683,1352981295,80000,305100,912249,1353893544
2019-06-03,19320724,1349732624,130000,365100,1095300,1350827924
2019-06-04,8638310,1347659858,163000,357200,1068028,1348727886
2019-06-05,6764169,1344974560,267300,616800,1844232,1346818792
2019-06-06,8592066,1316743206,6700,594200,1758832,1318502038
2019-06-10,12848319,1315362630,29300,616800,1831896,1317194526
2019-06-11,36064636,1329030270,756700,1121000,3396630,1332426900
2019-06-12,13265476,1321731929,16800,612200,1836600,1323568529
2019-06-13,13119822,1317273332,36000,471400,1414200,1318687532
2019-06-14,9121517,1300084856,600,388400,1157432,1301242288
2019-06-17,16516657,1294561703,784500,1172700,3518100,1298079803
2019-06-18,8688686,1289763379,30100,514200,1532316,1291295695
2019-06-19,11774329,1283695703,2200,450300,1346397,1285042100
2019-06-20,22621269,1286232890,40700,405200,1223704,1287456594
2019-06-21,17454838,1278744260,0,399100,1209273,1279953533
2019-06-24,25049487,1279082913,624300,1023400,3131604,1282214517
2019-06-25,17457416,1285059747,0,385600,1168368,1286228115
2019-06-26,9926473,1287074408,0,381000,1146810,1288221218
2019-06-27,14027467,1281599478,33500,414500,1251790,1282851268
2019-06-28,8110442,1278151246,0,381000,1139190,1279290436
2019-07-01,18764900,1279779468,6000,371500,1129360,1280908828
2019-07-02,11073535,1270997432,50000,421500,1277145,1272274577
2019-07-03,8435916,1266975814,0,421500,1272930,1268248744
2019-07-04,7793064,1267748289,0,415500,1254810,1269003099
2019-07-05,6950225,1265761270,19500,435000,1313700,1267074970
2019-07-08,12498086,1252488488,31000,398600,1136010,1253624498
2019-07-09,2445053,1244553970,0,398600,1136010,1245689980
2019-07-10,6609309,1245569516,472000,865600,2449648,1248019164
2019-07-11,7861097,1236707910,2000,791600,2232312,1238940222
2019-07-12,9812112,1236111695,4000,326600,921012,1237032707
2019-07-15,11556781,1234140238,583800,902400,2553792,1236694030
2019-07-16,12382902,1234282346,0,898300,2524223,1236806569
2019-07-17,5430972,1230210373,0,898300,2533206,1232743579
2019-07-18,11015934,1225428230,81700,967000,2688260,1228116490
2019-07-19,6896835,1222701978,36700,1003700,2810360,1225512338
2019-07-22,13490194,1222682985,30000,992500,2739300,1225422285
2019-07-23,9698605,1226127758,34000,996500,2750340,1228878098
2019-07-24,8108652,1218615680,9000,979500,2703420,1221319100
2019-07-25,6594086,1218548855,58700,964700,2662572,1221211427
2019-07-26,4667916,1216238959,0,824700,2284419,1218523378
2019-07-29,19101493,1181740759,13200,837900,2295846,1184036605
2019-07-30,6599590,1177922394,32000,854700,2350425,1180272819
2019-07-31,5283756,1177410398,40800,859500,2355030,1179765428
2019-08-01,8453276,1177313943,10000,809300,2201296,1179515239
2019-08-02,16453870,1184284156,50000,847800,2272104,1186556260
2019-08-05,9911125,1186573988,18400,810200,2130826,1188704814
2019-08-06,21393616,1191047465,56000,857800,2187390,1193234855
2019-08-07,5843139,1189701828,0,835800,2131290,1191833118
2019-08-08,3462475,1188769145,0,829800,2124288,1190893433
2019-08-09,7171109,1188769588,20200,850000,2167500,1190937088
2019-08-12,3685172,1185831093,0,812000,2086840,1187917933
2019-08-13,4573457,1187231096,31500,229000,586240,1187817336
2019-08-14,5593141,1182448144,0,167200,428032,1182876176
2019-08-15,18991909,1183299059,837400,975800,2488290,1185787349
2019-08-16,1835023,1170269524,0,321000,821760,1171091284
2019-08-19,8390580,1171561145,327500,562700,1463020,1173024165
2019-08-20,12662474,1177016163,2200,237400,617240,1177633403
2019-08-21,5134783,1175587478,644800,882200,2284898,1177872376
2019-08-22,5116564,1172148974,40000,884200,2281236,1174430210
2019-08-23,4298196,1167631078,0,199400,516446,1168147524
2019-08-26,6674814,1155184580,328200,521600,1330080,1156514660
2019-08-27,11386413,1155728470,346600,868200,2231274,1157959744
2019-08-28,10068114,1150459819,11000,314400,811152,1151270971
2019-08-29,5885852,1152774247,560000,874400,2255952,1155030199
2019-08-30,11895278,1149675261,22000,336300,860928,1150536189
2019-09-02,12577389,1149361337,564800,835100,2154558,1151515895
2019-09-03,6456607,1139866058,9500,279808,724702,1140590760
2019-09-04,12070595,1120461047,0,279808,730298,1121191345
2019-09-05,18521552,1116128463,452999,712699,1881525,1118009988
2019-09-06,7432170,1116379266,0,258700,682968,1117062234
2019-09-09,13893260,1119159802,560000,699800,1861468,1121021270
2019-09-10,10037705,1111975812,118900,258700,685555,1112661367
2019-09-11,5854350,1107463691,560000,782700,2066328,1109530019
2019-09-12,7589557,1097536309,0,224500,597170,1098133479
2019-09-16,8202795,1096793891,563000,769000,2045540,1098839431
2019-09-17,12904809,1100316894,36000,232500,606825,1100923719
2019-09-18,4354776,1100363746,0,77600,202536,1100566282
2019-09-19,10187376,1104570566,138900,216500,565065,1105135631
2019-09-20,7036862,1096745468,0,214700,558220,1097303688
2019-09-23,7607608,1096127369,65000,268700,690559,1096817928
2019-09-24,6686930,1092566557,0,239700,613632,1093180189
2019-09-25,9615108,1089616349,544800,738500,1875790,1091492139
2019-09-26,4597233,1087642881,0,659100,1667523,1089310404
2019-09-27,1780076,1082378631,0,44800,113344,1082491975
2019-09-30,2567486,1073668042,0,44800,112896,1073780938
2019-10-08,2911486,1072532758,694000,738800,1869164,1074401922
2019-10-09,4869895,1071448222,0,186000,470580,1071918802
2019-10-10,4838005,1069382454,400,176100,447294,1069829748
2019-10-11,8085831,1068904173,0,176100,449055,1069353228
2019-10-14,10241674,1065482803,257000,432700,1116366,1066599169
2019-10-15,11443713,1069676447,127900,429199,1094457,1070770904
2019-10-16,9140354,1072981874,0,175700,446278,1073428152
2019-10-17,5393750,1071461154,0,175700,444521,1071905675
2019-10-18,9371504,1072672518,101500,211800,531618,1073204136
2019-10-21,8984502,1075372779,550000,761800,1904500,1077277279
2019-10-22,1632879,1072715435,19800,231600,581316,1073296751
2019-10-23,2953121,1072486037,579900,811500,2028750,1074514787
2019-10-24,7754165,1072507123,0,796600,1991500,1074498623
2019-10-25,9047333,1076421966,0,165900,418068,1076840034
2019-10-28,4607099,1067412535,600100,766000,1937980,1069350515
2019-10-29,5341369,1063969779,9900,775900,1939750,1065909529
2019-10-30,7066321,1064684534,0,765900,1907091,1066591625
2019-10-31,4720076,1062797653,5000,770900,1911832,1064709485
2019-11-01,3281724,1061104188,0,221500,551535,1061655723
2019-11-04,7527165,1063293589,542700,764200,1887574,1065181163
2019-11-05,9410748,1057824607,0,764200,1887574,1059712181
2019-11-06,9811576,1062220404,0,764200,1895216,1064115620
2019-11-07,3272853,1061241411,0,763800,1886586,1063127997
2019-11-08,5628300,1060121016,0,221100,543906,1060664922
2019-11-11,6362626,1055717204,542900,764000,1848880,1057566084
2019-11-12,4293753,1052602124,0,763800,1833120,1054435244
2019-11-13,6033241,1050582619,50400,271500,646170,1051228789
2019-11-14,5436537,1046682357,542700,763800,1810206,1048492563
2019-11-15,12667796,1047596966,60000,281100,663396,1048260362
2019-11-18,6633082,1046419661,542700,823800,1968882,1048388543
2019-11-19,4590513,1043925540,400,764200,1841722,1045767262
2019-11-20,7430303,1043030523,16000,780200,1880282,1044910805
2019-11-21,8038119,1044061157,14000,794200,1937848,1045999005
2019-11-22,5570206,1042647927,0,237500,586625,1043234552
2019-11-25,17339725,1038706195,124600,361700,933186,1039639381
2019-11-26,13612267,1039929336,44000,365700,932535,1040861871
2019-11-27,9920568,1039468716,2900,242000,617100,1040085816
2019-11-28,14320709,1044508111,70500,312500,784375,1045292486
2019-11-29,8703254,1045901052,551900,797900,2010708,1047911760
2019-12-02,6328162,1040311508,65000,829900,2091348,1042402856
2019-12-03,8967865,1030290633,10000,774500,1928505,1032219138
2019-12-04,4602596,1030700270,15800,780300,1927341,1032627611
2019-12-05,5619101,1031244174,1200,781500,1938120,1033182294
2019-12-06,2657733,1028241623,1000,782500,1948425,1030190048
2019-12-09,11333591,1027786588,140500,767100,1956105,1029742693
2019-12-10,5585509,1022117049,0,659000,1660680,1023777729
2019-12-11,7617195,1021924831,554200,1213200,3093660,1025018491
2019-12-12,5987069,1022453576,0,1100700,2773764,1025227340
2019-12-13,6323763,1022680381,0,970700,2475285,1025155666
2019-12-16,5569125,1019232568,141000,1111700,2857069,1022089637
2019-12-17,24171438,1023167032,5400,1113100,2882929,1026049961
2019-12-18,8448257,1024841558,39500,1147600,2949332,1027790890
2019-12-19,11728750,1028080330,48400,1156500,2972205,1031052535
2019-12-20,12205861,1030202843,41500,1154200,2966294,1033169137
2019-12-23,12111497,1033846702,0,1103300,2769283,1036615985
2019-12-24,3705506,1031672467,0,1098700,2779711,1034452178
2019-12-25,3591932,1029329498,20500,1119200,2831576,1032161074
2019-12-26,5866142,1030424990,0,1098700,2779711,1033204701
2019-12-27,8357553,1027418136,20500,1119200,2842768,1030260904
2019-12-30,16236827,1021925552,0,1059200,2722144,1024647696
2019-12-31,16239897,1022290029,123600,1182800,3051624,1025341653
2020-01-02,14104050,1019085683,5100,110200,287622,1019373305
2020-01-03,8292633,1013584063,14900,125100,325260,1013909323
2020-01-06,7554056,1014433700,0,110200,285418,1014719118
2020-01-07,11491585,1015179957,0,110200,288724,1015468681
2020-01-08,9358049,1014614757,1000,66200,170796,1014785553
2020-01-09,9501636,1017032073,29500,94700,244326,1017276399
2020-01-10,7227435,1019048795,15200,109900,281344,1019330139
2020-01-13,6128394,1018945171,15200,80400,206628,1019151799
2020-01-14,8963768,1016844310,22400,87600,225132,1017069442
2020-01-15,5439728,1018461008,37500,102700,259831,1018720839
2020-01-16,8389621,1021838591,0,65200,163652,1022002243
2020-01-17,6069329,1022762507,0,65200,163652,1022926159
2020-01-20,8331136,1024560321,10000,75200,189504,1024749825
2020-01-21,12417134,1025351335,100,65300,160638,1025511973
2020-01-22,9501209,1027631192,5000,54200,133332,1027764524
2020-01-23,6678964,1024274570,0,49200,118572,1024393142
2020-02-03,12958592,1019074130,49900,99100,215047,1019289177
2020-02-04,11277667,1002148773,0,99100,214056,1002362829
2020-02-05,9934170,998773501,0,99100,217029,998990530
2020-02-06,6363066,994562216,0,99100,220002,994782218
2020-02-07,6969962,989085968,0,99100,218020,989303988
2020-02-10,15312631,993300616,0,99100,220993,993521609
2020-02-11,17283520,994516369,0,99100,226939,994743308
2020-02-12,13425844,994602582,0,69200,157084,994759666
2020-02-13,8235940,988969074,0,69200,155008,989124082
2020-02-14,24266002,996757284,400,69600,158688,996915972
2020-02-17,17006998,998906593,0,69600,160776,999067369
2020-02-18,18550060,1001091345,0,49600,113584,1001204929
2020-02-19,16715164,999240558,0,49600,113088,999353646
2020-02-20,19511905,1001119934,0,49600,115072,1001235006
2020-02-21,17674102,998179658,11400,61000,140910,998320568
2020-02-24,13351778,996003805,0,61000,139690,996143495
2020-02-25,16208974,997476252,346315,407315,916459,998392711
2020-02-26,26664675,1003384953,98300,505615,1162915,1004547868
2020-02-27,15564940,1001609166,0,505615,1162915,1002772081
2020-02-28,8756762,991214530,2500,147100,330975,991545505
2020-03-02,19870167,985502683,404300,467800,1089974,986592657
2020-03-03,25128938,992383545,0,52100,121393,992504938
2020-03-04,20595807,984631751,388900,441000,1040760,985672511
2020-03-05,28632156,981601707,0,94600,227040,981828747
2020-03-06,16842336,980121773,7400,102000,240720,980362493
2020-03-09,17665720,982577728,0,52100,118788,982696516
2020-03-10,19616410,978056933,0,52100,119830,978176763
2020-03-11,10129814,976150719,100000,152100,349830,976500549
2020-03-12,11830193,977667336,123200,175300,397931,978065267
2020-03-13,18219900,976236829,0,51100,114975,976351804
2020-03-16,11441646,979583888,4900,56000,124320,979708208
2020-03-17,18838068,989561785,200,51300,113886,989675671
2020-03-18,12852760,988175108,370412,421712,919332,989094440
2020-03-19,10909369,982142703,100,49900,107285,982249988
2020-03-20,8202128,973698282,0,49900,108283,973806565
2020-03-23,8740548,972274428,0,49900,106287,972380715
2020-03-24,5455148,972288509,0,49900,107285,972395794
2020-03-25,4823892,969682595,2500,52400,114232,969796827
2020-03-26,3348017,967529522,0,52400,113184,967642706
2020-03-27,10850520,971017302,48600,101000,218160,971235462
2020-03-30,6547912,970756727,7000,56900,121766,970878493
2020-03-31,12501012,976743621,363300,413200,880116,977623737
2020-04-01,8551686,978146464,2500,391700,830404,978976868
2020-04-02,3549487,971155467,16500,408200,873548,972029015
2020-04-03,1637692,970157684,0,52300,110876,970268560
2020-04-07,9916977,972982563,306200,358500,770775,973753338
2020-04-08,5505123,964688508,348700,401000,862150,965550658
2020-04-09,3774664,961662848,306200,707200,1520480,963183328
2020-04-10,6207482,963013389,0,101000,215130,963228519
2020-04-13,3988651,961101590,606200,622500,1319700,962421290
2020-04-14,8461615,962861236,36000,529993,1134185,963995421
2020-04-15,4228390,962924063,128500,622493,1325910,964249973
2020-04-16,4331651,964097785,536000,1158493,2467590,966565375
2020-04-17,5720125,962930800,0,16307,35060,962965860
2020-04-20,4998367,961972491,1142300,1158607,2479419,964451910
2020-04-21,5755188,961252896,0,622507,1325940,962578836
2020-04-22,2865990,953617034,500000,976307,2089297,955706331
2020-04-23,6279815,952704345,202650,678957,1446179,954150524
2020-04-24,6657373,943170124,934600,1153550,2422455,945592579
2020-04-27,9475703,947502220,628242,1531792,3186127,950688347
2020-04-28,13872154,944524422,506500,1150942,2324903,946849325
2020-04-29,5060341,942309481,65106,1216048,2468577,944778058
2020-04-30,5204319,936701026,27200,633633,1298948,937999974
2020-05-06,9207513,937378825,960500,1024033,2119748,939498573
2020-05-07,7800987,930377690,585900,1331333,2729233,933106923
2020-05-08,14143360,934612487,278632,378132,782733,935395220
2020-05-11,10179958,938084104,1043500,1144500,2369115,940453219
2020-05-12,10406651,942564335,448800,1254600,2571930,945136265
2020-05-13,7914349,942079910,317500,1296100,2682927,944762837
2020-05-14,3041357,942342900,0,1046100,2134044,944476944
2020-05-15,2677127,941574752,281400,640100,1312205,942886957
2020-05-18,11321953,948514335,681900,790600,1620730,950135065
2020-05-19,6748869,949026817,286000,1076600,2207030,951233847
2020-05-20,6968724,945447334,714500,1505100,3055353,948502687
2020-05-21,2986910,945248410,0,1505100,3055353,948303763
2020-05-22,4415417,943706232,100,326000,655260,944361492
2020-05-25,3467024,941856294,931900,1257900,2515800,944372094
2020-05-26,3491820,938854427,424900,1682800,3382428,942236855
2020-05-27,10448627,938686837,48000,1305900,2664036,941350873
2020-05-28,7623378,939382591,425000,1306000,2638120,942020711
2020-05-29,5143151,935799445,826100,1664700,3346047,939145492
2020-06-01,9662769,938598443,124800,607500,1239300,939837743
2020-06-02,6786365,938890622,1154800,1762300,3612715,942503337
2020-06-03,6174860,939570454,0,1733700,3536748,943107202
2020-06-04,5019704,941495936,18600,1302900,2644887,944140823
2020-06-05,1621851,939393443,460200,1240480,2518174,941911617
2020-06-08,8090338,934675441,515900,1755180,3598119,938273560
2020-06-09,8843038,933922110,0,846580,1735489,935657599
2020-06-10,5867470,932415141,488800,1335380,2724175,935139316
2020-06-11,10233893,936740854,639400,832780,1673888,938414742
2020-06-12,10157898,937177542,1126100,1514580,3059452,940236994
2020-06-15,10707801,936416052,444300,1608880,3233849,939649901
2020-06-16,28239599,941108292,35900,1078180,2242614,943350906
2020-06-17,42174851,952599740,567200,1578080,3345530,955945270
2020-06-18,34315791,947046990,557900,1789780,3883823,950930813
2020-06-19,23407189,952318087,399200,1132300,2411799,954729886
2020-06-22,18796323,960942619,1045400,1485300,3104277,964046896
2020-06-23,17959613,961998679,692400,1633900,3365834,965364513
2020-06-24,4869966,954206334,346200,1298200,2674292,956880626
2020-06-29,8260950,951298484,747700,2009700,4079691,955378175
2020-06-30,7921220,951188811,0,1459800,2977992,954166803
2020-07-01,8129294,947223381,563500,791500,1630490,948853871
2020-07-02,13092616,937538110,951100,1742600,3676886,941214996
2020-07-03,24675280,929420395,364600,649038,1401922,930822317
2020-07-06,49550489,939314972,1951450,2260488,5199122,944514094
2020-07-07,45745103,932065199,41800,847466,1915273,933980472
2020-07-08,52072520,936169004,1268800,1995966,4670560,940839564
2020-07-09,52140732,945695280,225100,1344566,3173176,948868456
2020-07-10,40753582,956326255,1100700,2363666,5389158,961715413
2020-07-13,38581801,943019198,5011300,5997400,14033916,957053114
2020-07-14,34119555,944727649,3557500,8014400,18673552,963401201
2020-07-15,24962076,948108249,1004249,8713949,19867804,967976053
2020-07-16,22472689,944940301,4000,7298549,16129793,961070094
2020-07-17,16650218,948870609,499800,7754749,17060448,965931057
2020-07-20,19449756,941413544,948900,8596349,19943530,961357074
2020-07-21,24260159,906815097,0,8490049,19527113,926342210
2020-07-22,40227808,908320959,0,8257549,18992363,927313322
2020-07-23,33764704,914608792,0,8235549,18777052,933385844
2020-07-24,30195718,924752112,1186800,5504349,12109568,936861680
2020-07-27,8590767,923084223,1094700,6412249,14171070,937255293
2020-07-28,11339546,923749919,178956,6486405,14399819,938149738
2020-07-29,10245755,924064151,208800,6516249,14661560,938725711
2020-07-30,5988950,919381357,0,6516249,14661560,934042917
2020-07-31,11019409,917244955,2182100,8489549,19101485,936346440
2020-08-03,18656974,921827144,147500,8637049,19606101,941433245
2020-08-04,18037788,917075440,138900,8775949,19833645,936909085
2020-08-05,20443155,924466040,2000000,10771449,24235760,948701800
2020-08-06,14718547,917778514,680000,9601500,21699390,939477904
2020-08-07,17304670,922949654,39900,8961400,19983922,942933576
2020-08-10,11343107,918294265,127100,9048600,20268864,938563129
2020-08-11,28373597,929426105,0,9032100,19960941,949387046
2020-08-12,12199698,925230927,39900,9072000,20049120,945280047
2020-08-13,10508782,917755511,660000,9544600,21379904,939135415
2020-08-14,10375752,911978910,0,8878200,19798386,931777296
2020-08-17,13407160,903735176,0,8878200,20153514,923888690
2020-08-18,20967649,910438144,150100,9028300,20494241,930932385
2020-08-19,13646889,908378127,4000,8992400,20412748,928790875
2020-08-20,18823538,911062625,44900,9037300,20424298,931486923
2020-08-21,9804323,906228856,0,8997400,20514072,926742928
2020-08-24,8205378,904477700,0,8997400,20424098,924901798
2020-08-25,9231271,901657445,477638,9475038,21224085,922881530
2020-08-26,10044235,902032614,2700,9477738,20945801,922978415
2020-08-27,10587840,903595426,67600,9545338,21095197,924690623
2020-08-28,9123549,899796830,0,9082700,20345248,920142078
2020-08-31,14062514,900161111,460400,9543100,21185682,921346793
2020-09-01,5776542,898979044,80900,9508400,21203732,920182776
2020-09-02,12002677,901164930,118200,9626600,21274786,922439716
2020-09-03,12023488,902870549,202900,9829500,21723195,924593744
2020-09-04,4909603,900976782,0,9278600,20320134,921296916
2020-09-07,8960070,896857767,540900,9819500,21406510,918264277
2020-09-08,14676782,894536842,71200,9850800,21967284,916504126
2020-09-09,51323978,902844614,52900,9903700,23075621,925920235
2020-09-10,37906077,915539841,562400,10426100,23250203,938790044
2020-09-11,16543324,915452294,795900,10721000,23800620,939252914
2020-09-14,10902842,916769520,609700,11204495,24873979,941643499
2020-09-15,7685658,916349215,20000,11219500,24795095,941144310
2020-09-16,15498316,912642676,165500,11285000,24827000,937469676
2020-09-17,6849011,908816514,406900,11471200,25236640,934053154
2020-09-18,9119214,904833313,20400,10878023,24257991,929091304
2020-09-21,8377180,901840272,400500,11278523,25151106,926991378
2020-09-22,10240062,906597668,83400,11346123,24961471,931559139
2020-09-23,8588653,910574055,51600,11386723,24936923,935510978
2020-09-24,14204426,910443222,7100,1993823,4246843,914690065
2020-09-25,8163159,909318527,0,1980623,4198921,913517448
2020-09-28,6501034,908651335,289700,2129700,4493667,913145002
2020-09-29,3224694,889754819,58800,2047600,4340912,894095731
2020-09-30,2718051,885083211,0,1110600,2354472,887437683
2020-10-09,6032396,885136745,125100,1235700,2644398,887781143
2020-10-12,8762646,880630079,558100,1793800,3892546,884522625
2020-10-13,4762398,877320705,22900,1414300,3054888,880375593
2020-10-14,6519429,877584064,128600,1531300,3261669,880845733
2020-10-15,7022956,874986465,0,1487300,3167949,878154414
2020-10-16,17847759,883049345,44000,1531300,3292295,886341640
2020-10-19,9719951,882123014,0,1531300,3276982,885399996
2020-10-20,3799064,880178066,2300,1533600,3281904,883459970
2020-10-21,4083530,878394235,11400,1545000,3306300,881700535
2020-10-22,9486613,880824243,581800,2126800,4530084,885354327
2020-10-23,12661591,886276557,15600,1718900,3661257,889937814
2020-10-26,3925698,885469555,480500,2177800,4616936,890086491
2020-10-27,12574576,888720513,21600,2199400,4662728,893383241
2020-10-28,7060613,887192966,100,2199500,4640945,891833911
2020-10-29,7393414,882377347,0,2199400,4596746,886974093
2020-10-30,5724544,880828893,181900,1944400,4005464,884834357
2020-11-02,12809648,886521007,432100,2376500,4871825,891392832
2020-11-03,6763542,878394279,4700,2124700,4419376,882813655
2020-11-04,5490750,877994303,0,2124700,4398129,882392432
2020-11-05,9618945,873505354,0,1883600,3974396,877479750
2020-11-06,7869422,872370637,50700,1061000,2249320,874619957
2020-11-09,33019904,887938160,365200,1426100,3080376,891018536
2020-11-10,15624771,882048899,0,1423800,3061170,885110069
2020-11-11,16398809,881589342,68100,1491900,3267261,884856603
2020-11-12,13775956,886051457,0,1491900,3237423,889288880
2020-11-13,11787331,868070685,24000,1102400,2392208,870462893
2020-11-16,16655798,862168953,201100,1253500,2795305,864964258
2020-11-17,18109092,860327243,35000,1276100,2845703,863172946
2020-11-18,20810189,862786394,227600,1503700,3338214,866124608
2020-11-19,9666354,856033493,0,1479700,3270137,859303630
2020-11-20,21311459,862765076,3600,1055700,2364768,865129844
2020-11-23,34459554,865235656,334200,1389900,3168972,868404628
2020-11-24,17688318,867772233,42900,1279200,2929368,870701601
2020-11-25,23869715,871600069,262400,1513300,3420058,875020127
2020-11-26,10307190,868402069,24000,1537300,3474298,871876367
2020-11-27,16087056,861697540,3800,1027100,2341788,864039328
2020-11-30,14776496,855153619,95600,1117900,2559991,857713610
2020-12-01,24864043,869505579,730600,1686100,3827447,873333026
2020-12-02,20623880,868525824,150800,1414800,3239892,871765716
2020-12-03,15488287,869684573,0,1344800,3052696,872737269
2020-12-04,32400963,888411222,0,1053400,2380684,890791906
2020-12-07,27747572,907806972,427600,1481000,3302630,911109602
2020-12-08,17116199,919323822,0,1481000,3273010,922596832
2020-12-09,9099490,914498542,0,1481000,3273010,917771552
2020-12-10,10982424,892655274,64000,1501000,3392260,896047534
2020-12-11,11567135,877810114,0,492300,1122444,878932558
2020-12-14,24100706,887629178,427600,882800,1933332,889562510
2020-12-15,10614813,892560128,288300,1171100,2552998,895113126
2020-12-16,6770808,892682844,145900,1291941,2790593,895473437
2020-12-17,14113554,892757864,1190100,2482041,5460490,898218354
2020-12-18,20408005,843999623,700200,2753641,6333374,850332997
2020-12-21,19885526,834713669,555400,3296241,7680242,842393911
2020-12-22,13924470,831463268,758100,4006541,9094848,840558116
2020-12-23,13062188,832765727,283300,4273341,9785951,842551678
2020-12-24,10232386,835919682,373700,4621141,10397567,846317249
2020-12-25,25522550,837511047,662100,4335641,10145400,847656447
2020-12-28,14173332,828479024,832200,5107941,11799344,840278368
2020-12-29,21461570,832397020,946400,5992541,13662993,846060013
2020-12-30,25189167,845251978,290000,6207641,13967192,859219170
2020-12-31,17599255,845033687,528100,6477541,14509692,859543379
2021-01-04,36692790,863007349,825800,7214441,16160348,879167697
2021-01-05,29079139,870500789,416000,7601841,16724050,887224839
2021-01-06,16801763,871361982,101100,7375141,16225310,887587292
2021-01-07,27731070,876250524,216000,7437841,16437629,892688153
2021-01-08,14611482,866146087,324100,7315841,16460642,882606729
2021-01-11,26228193,882498817,397600,7396741,15976961,898475778
2021-01-12,14989004,886215042,22100,6263541,13654519,899869561
2021-01-13,25111913,889526831,0,5700441,12426961,901953792
2021-01-14,24328741,901853852,102700,5803141,12708879,914562731
2021-01-15,9290619,891583903,353000,5650041,12260589,903844492
2021-01-18,7843329,892436076,432100,5708541,12387534,904823610
2021-01-19,15688723,895716262,29500,5685841,12395133,908111395
2021-01-20,16642041,876671356,744500,6391400,14124994,890796350
2021-01-21,11688607,877594980,148800,6489200,14276240,891871220
2021-01-22,9760546,877572770,53700,6234100,13465656,891038426
2021-01-25,16108304,874520015,274700,6508800,13733568,888253583
2021-01-26,5522466,865205415,552200,7061000,14969320,880174735
2021-01-27,5848226,863813082,171100,7215200,15224072,879037154
2021-01-28,5755671,863195826,215300,7403100,15620541,878816367
2021-01-29,9702694,857936686,9300,7120800,14668848,872605534
2021-02-01,3830320,858273084,151500,7264100,15036687,873309771
2021-02-02,3243011,857510441,515000,7739300,15942958,873453399
2021-02-03,10624400,858752618,22300,7759600,16062372,874814990
2021-02-04,8067275,856710811,294100,8011300,16343052,873053863
2021-02-05,6710135,847774403,166600,7723900,15756756,863531159
2021-02-08,2598576,846440458,40900,7290500,15018430,861458888
2021-02-09,8985965,841623296,350800,7533700,15519422,857142718
2021-02-10,5769266,837199866,108300,7220700,14874642,852074508
2021-02-18,16561780,839067149,525100,7745600,16343216,855410365
2021-02-19,14287775,838719996,61600,7723000,16681680,855401676
2021-02-22,70388351,859832047,29500,7648200,17208450,877040497
2021-02-23,35186280,858139258,37800,7656000,17302560,875441818
2021-02-24,24559276,864711544,186200,7835300,17394366,882105910
2021-02-25,16851395,858257147,76100,7848500,17659125,875916272
2021-02-26,17066968,860978746,452300,8044300,17777903,878756649
2021-03-01,26967954,864240146,890412,8910112,20315055,884555201
2021-03-02,22220316,863451262,48400,8911912,20051802,883503064
2021-03-03,76390580,892259129,101100,8942812,21194464,913453593
2021-03-04,86724850,903636655,570400,9369012,22110868,925747523
2021-03-05,48963422,907236290,117900,9165800,20898024,928134314
2021-03-08,54590380,920836796,1741800,10436013,24002830,944839626
2021-03-09,82329790,924512154,812900,10967513,26322031,950834185
2021-03-10,45203234,931800837,624100,11089013,26059181,957860018
2021-03-11,72178566,947077843,3320900,13817857,33715571,980793414
2021-03-12,82235492,969954323,2789900,16117657,39488260,1009442583
2021-03-15,139686527,1012348593,1288969,17189326,42973316,1055321909
2021-03-16,48809044,1001961211,381225,16745282,41360847,1043322058
2021-03-17,39544046,1003134635,449200,16855582,40453397,1043588032
2021-03-18,43823732,1012553323,678400,16984482,40762757,1053316080
2021-03-19,33529305,1016765324,189500,15077244,36336158,1053101482
2021-03-22,41135421,1026918982,2900,14846444,36225323,1063144305
2021-03-23,31130285,1031663599,339800,10197644,24066440,1055730039
2021-03-24,31756272,1038215937,633100,9317744,21523989,1059739926
2021-03-25,10853700,1023337595,17600,9128244,21268809,1044606404
2021-03-26,13847344,1019264225,366600,9456344,22127845,1041392070
2021-03-29,17758561,1018786654,552500,9966044,23320543,1042107197
2021-03-30,14798374,1023174757,135200,10101144,23636677,1046811434
2021-03-31,15724861,1012428722,156300,10218644,24116000,1036544722
2021-04-01,45444709,1025164549,124400,10309144,25051220,1050215769
2021-04-02,31628256,1038260118,445700,10517944,25243066,1063503184
2021-04-06,25816686,1020922418,116800,10617644,25800875,1046723293
2021-04-07,60945477,1024247372,132000,9321844,23491047,1047738419
2021-04-08,100088272,1003389515,92300,9377144,24099260,1027488775
2021-04-09,53634957,979314951,1035400,9517344,24935441,1004250392
2021-04-12,90201776,933445679,1079600,10481444,28614342,962060021
2021-04-13,62963674,934562419,1662800,11831644,31353857,965916276
2021-04-14,61669427,945368863,499500,11268544,30988496,976357359
2021-04-15,49645103,946953657,2410300,13549144,35769740,982723397
2021-04-16,25119328,926786254,418300,12250344,32708418,959494672
2021-04-19,28460543,909052431,6900,12207494,31983634,941036065
2021-04-20,29861157,917727798,374900,12530394,32829632,950557430
2021-04-21,19309322,905591593,103900,11467294,29700291,935291884
2021-04-22,50174402,927239864,237900,10891894,28863519,956103383
2021-04-23,31767364,928684155,179700,9412394,25319340,954003495
2021-04-26,42986488,941201811,248600,9479894,24932121,966133932
2021-04-27,20985034,933164163,317800,9690394,25388832,958552995
2021-04-28,18172938,932467657,49700,8880514,23178142,955645799
2021-04-29,27933382,941278051,191300,9018514,23538322,964816373
2021-04-30,21432238,944703894,8600,8762194,22343595,967047489
2021-05-06,35523881,903988292,481100,8572120,23573331,927561623
2021-05-07,69000409,901024739,397800,8949320,25147589,926172328
2021-05-10,53236970,878042205,432600,9067420,27020911,905063116
2021-05-11,61191354,886589304,998500,9581020,27689148,914278452
2021-05-12,50490977,866288686,411200,9749220,28662706,894951392
2021-05-13,38290555,855522102,407300,9706320,27177696,882699798
2021-05-14,33180520,852600052,530282,9726202,26844317,879444369
2021-05-17,37699505,870731653,1327200,10860502,29757776,900489429
2021-05-18,20408843,874365284,1072200,11681002,32239565,906604849
2021-05-19,24001997,881536384,221600,11222402,30188262,911724646
2021-05-20,49216837,885379605,209400,11210702,28363076,913742681
2021-05-21,19838787,879530835,73800,11280020,28989652,908520487
2021-05-24,24486175,885755214,88500,10894220,27671319,913426533
2021-05-25,15440158,884781635,27000,10590420,27005571,911787206
2021-05-26,24332765,894713135,267300,10459926,26463613,921176748
2021-05-27,25202410,900892850,7000,10195826,25693482,926586332
2021-05-28,33543661,902361174,54300,9851226,24726577,927087751
2021-05-31,27890678,910503564,0,9383926,23272136,933775700
2021-06-01,28193570,907857385,214888,8867114,22079114,929936499
2021-06-02,16254429,903700780,79100,7366714,18048450,921749230
2021-06-03,23392777,900339162,121800,6820114,17050285,917389447
2021-06-04,13647626,897919624,76100,5967214,14798690,912718314
2021-06-07,18387396,891064957,146900,5393514,13214110,904279067
2021-06-08,17453630,884604334,144800,4624626,11376580,895980914
2021-06-09,18186247,882209036,46800,3558800,8897000,891106036
2021-06-10,22979751,885981193,90200,3543200,8893432,894874625
2021-06-11,24909520,883058187,77900,3480300,8874765,891932952
2021-06-15,29194798,890669743,13800,3464200,8556574,899226317
2021-06-16,17058768,892808887,1241300,4580400,11221980,904030867
2021-06-17,13900711,892724336,459900,4970700,12078801,904803137
2021-06-18,14281795,890656649,435000,5261100,12679251,903335900
2021-06-21,16976834,894237972,763200,5729100,14036295,908274267
2021-06-22,14687980,896447142,827300,6350200,15430986,911878128
2021-06-23,18271417,900637158,825900,6917400,16878456,917515614
2021-06-24,11753140,898264290,1142800,7801200,19112940,917377230
2021-06-25,31924327,908029042,525500,8188100,20388369,928417411
2021-06-28,24660798,908960567,833400,8762500,21555750,930516317
2021-06-29,21933803,915125872,648500,9162700,22265361,937391233
2021-06-30,10971348,916511131,368397,9328097,22947119,939458250
2021-07-01,22321354,915633872,663000,8730647,21215472,936849344
2021-07-02,18603932,924771309,154900,8619447,20772867,945544176
2021-07-05,9092852,922759100,251700,8775647,21324822,944083922
2021-07-06,12357465,919134458,249600,8854647,21605339,940739797
2021-07-07,20579319,908941040,442500,8339497,20515163,929456203
2021-07-08,17370148,907253463,466400,8490397,19952433,927205896
2021-07-09,36141009,894464638,684700,8943997,21644473,916109111
2021-07-12,31240355,897772328,310997,8756894,21366822,919139150
2021-07-13,21143135,896773450,227400,8772494,21668061,918441511
2021-07-14,29653807,907667011,42400,8477294,20684598,928351609
2021-07-15,31620888,887594880,57100,8331294,21078173,908673053
2021-07-16,36222767,884658775,347100,8676694,22038802,906697577
2021-07-19,25568448,892998333,42200,8702294,22103826,915102159
2021-07-20,19677427,895339419,99300,8753894,21884736,917224155
2021-07-21,16531846,891826233,10600,8599794,21757478,913583711
2021-07-22,36519560,892413143,111500,8706894,22986200,915399343
2021-07-23,51657572,898073084,63600,8527394,22938690,921011774
2021-07-26,33363304,898300534,2200,8517994,22572684,920873218
2021-07-27,39819116,894926346,82800,8578894,22476702,917403048
2021-07-28,14587032,894149314,106900,8630094,22093040,916242354
2021-07-29,21217469,902591022,13800,8642594,22384318,924975340
2021-07-30,32173110,885246288,1013200,9619794,25973444,911219732
2021-08-02,43586420,909069370,1484400,11083694,28263419,937332789
2021-08-03,16768334,907779790,621600,11705294,29146183,936925973
2021-08-04,23438203,915062402,116200,11797894,29966650,945029052
2021-08-05,16260145,914715563,153700,11364394,28524628,943240191
2021-08-06,19194326,909810070,537800,11852294,30578918,940388988
2021-08-09,20771294,906947002,30300,11362894,29884411,936831413
2021-08-10,12060953,899026659,112500,11186994,29533664,928560323
2021-08-11,23141758,899564895,103100,10809994,29186984,928751879
2021-08-12,49516440,923174708,76800,10410194,28732136,951906844
2021-08-13,34572513,917167710,307700,10362394,29014704,946182414
2021-08-16,36041125,924204477,950700,10273394,28662770,952867247
2021-08-17,32943980,912890277,112100,10383194,28865280,941755557
2021-08-18,25691153,908234552,11100,10218594,28407692,936642244
2021-08-19,32402491,902178488,22300,10180494,28607189,930785677
2021-08-20,19150558,879567222,829600,10978994,31399922,910967144
2021-08-23,30945052,880033961,1190300,11990194,34651660,914685621
2021-08-24,31714778,861890247,184929,12101923,35700673,897590920
2021-08-25,20684935,854618063,93400,12013194,35559054,890177117
2021-08-26,51012508,845731875,86000,12089194,36751150,882483025
2021-08-27,26034025,829107461,128100,12190894,37060318,866167779
2021-08-30,52529379,851369956,138000,12169394,37116652,888486608
2021-08-31,67540052,874575183,22800,11194994,34928382,909503565
2021-09-01,96117277,902970191,106800,10559494,31995267,934965458
2021-09-02,24887142,870649534,49900,10609394,33101310,903750844
2021-09-03,34281253,853166206,890000,11486094,35606892,888773098
2021-09-06,28843588,845007086,199583,11591877,36050738,881057824
2021-09-07,63680047,818286955,1567000,13149877,42342603,860629558
2021-09-08,52979281,827483487,5200,12687077,40852387,868335874
2021-09-09,102036568,823468343,28800,11868394,40471224,863939567
2021-09-10,173740819,923446437,191900,12026994,39809350,963255787
2021-09-13,44210540,931736789,34300,11971994,40345620,972082409
2021-09-14,41590896,923416026,1151735,12838229,41467479,964883505
2021-09-15,25071774,899754929,297100,11401029,37395375,937150304
2021-09-16,44080280,900915368,12200,11400329,37165072,938080440
2021-09-17,51293527,901703318,90300,11154529,34913677,936616995
2021-09-22,21391353,896755857,84200,11168129,35179607,931935464
2021-09-23,19437246,876272763,155300,11226429,36261365,912534128
2021-09-24,26709606,859593670,246500,11240129,34619598,894213268
2021-09-27,39837380,872663178,58600,11051829,31497712,904160890
2021-09-28,20661195,876412277,1248400,12089629,34939027,911351304
2021-09-29,24155759,876715699,42164,11240661,30799411,907515110
2021-09-30,20850874,877229611,96000,10916194,30347020,907576631
2021-10-08,24858637,881337424,47300,10877494,30130659,911468083
2021-10-11,16107264,882433831,373100,11241394,30913834,913347665
2021-10-12,18997611,888164847,89100,9883794,26488568,914653415
2021-10-13,24209360,898763500,174300,10027694,27074774,925838274
2021-10-14,18206468,908927280,678400,10679094,28726763,937654043
2021-10-15,12871563,908138554,300,9923594,26495996,934634550
2021-10-18,13550871,877936569,26900,9274594,25412388,903348957
2021-10-19,6897292,868470776,29500,8813494,24325244,892796020
2021-10-20,13380357,869825566,67500,8854594,24438680,894264246
2021-10-21,22749405,883637211,97800,8901294,24389546,908026757
2021-10-22,23482724,892811167,101900,8967294,23583983,916395150
2021-10-25,16151091,900401291,78100,9006294,23776616,924177907
2021-10-26,21358997,913433159,80700,9022094,23367223,936800382
2021-10-27,15885112,911656046,135500,9063494,22930639,934586685
2021-10-28,22640888,914156272,26900,9076594,22419188,936575460
2021-10-29,16200433,901127788,13600,8871894,21824860,922952648
2021-11-01,17628126,900575174,27100,8848194,22032004,922607178
2021-11-02,24096488,906052377,79500,8837394,21298120,927350497
2021-11-03,9450288,899841542,347100,9084994,22167386,922008928
2021-11-04,23672811,911503320,28900,8721794,21019524,932522844
2021-11-05,14979352,901969040,52500,8760994,20500726,922469766
2021-11-08,19294252,909426425,90400,8824494,20561071,929987496
2021-11-09,28091538,921920645,13000,8609394,19887700,941808345
2021-11-10,18133684,925107501,549300,9158694,21064996,946172497
2021-11-11,24976686,938064868,152800,8844194,20606972,958671840
2021-11-12,19510315,943885715,79300,8816194,20100922,963986637
2021-11-15,22649737,942293627,323000,9138094,20743473,963037100
2021-11-16,19272021,952516888,74100,8850194,20001438,972518326
2021-11-17,13123942,955964546,27400,8761594,19801202,975765748
2021-11-18,17056197,956694574,335000,9048494,20540081,977234655
2021-11-19,12438633,951472440,592000,9241894,21256356,972728796
2021-11-22,20850025,963323258,18200,8882994,20430886,983754144
2021-11-23,23489206,949827340,38900,8690894,20336692,970164032
2021-11-24,24859158,951106832,231300,8491194,20039218,971146050
2021-11-25,22585487,948709832,31900,8213394,19137208,967847040
2021-11-26,21490617,944262106,249400,8002401,18725618,962987724
2021-11-29,31615326,946346174,19000,7275394,17024422,963370596
2021-11-30,20641473,946469507,121000,6756894,15743563,962213070
2021-12-01,19369682,940554381,353900,6135494,14479766,955034147
2021-12-02,14157285,927627380,42100,4930497,11734583,939361963
2021-12-03,19027424,929753297,80000,4286797,10288313,940041610
2021-12-06,15829463,922067030,75100,3692997,8900123,930967153
2021-12-07,16674984,918513957,65400,3364097,8141115,926655072
2021-12-08,11646675,921040626,85100,3323497,8042863,929083489
2021-12-09,14001178,908501929,26900,3142397,7636025,916137954
2021-12-10,15935473,911143612,67600,2966697,7060739,918204351
2021-12-13,11291349,915429759,13300,2866397,6822025,922251784
2021-12-14,9699129,918176396,15100,2817997,6594113,924770509
2021-12-15,11533325,917039677,725300,3442997,8125473,925165150
2021-12-16,17099223,906559714,495400,3909797,9539905,916099619
2021-12-17,18598917,896711508,917900,4691597,11588245,908299753
2021-12-20,18405507,898943667,702500,5283697,12839384,911783051
2021-12-21,19357239,901019049,327600,5465845,13664613,914683662
2021-12-22,12169736,903680561,903000,6308545,15645192,919325753
2021-12-23,12167889,902379465,346700,6231845,15517295,917896760
2021-12-24,10085474,901809176,785300,7012045,17249631,919058807
2021-12-27,8466502,900496302,187700,7109945,17561565,918057867
2021-12-28,16743242,910321636,318600,6984645,17042534,927364170
2021-12-29,7664405,905745225,364700,6872045,16836511,922581736
2021-12-30,14647846,907746269,260600,6808900,16681805,924428074
2021-12-31,12612891,906931108,163900,6927000,17040420,923971528
2022-01-04,10298266,899433788,6400,6866600,17235166,916668954
2022-01-05,10606495,894772542,599600,7390000,18401100,913173642
2022-01-06,30135827,910699789,372000,7713800,19361638,930061427
2022-01-07,23104769,900844401,16700,7297500,18681600,919526001
2022-01-10,19187105,907311236,141700,7063000,17940020,925251256
2022-01-11,34864358,915907401,18900,6663000,16990650,932898051
2022-01-12,21519915,924549259,57000,6515500,16484215,941033474
2022-01-13,14968341,915180389,62400,6513800,16414776,931595165
2022-01-14,22173480,921416507,74400,6507100,15942395,937358902
2022-01-17,12853929,923179081,138400,6577500,16049100,939228181
2022-01-18,10027304,920848137,814100,7289100,17931186,938779323
2022-01-19,14708987,905997512,89100,7296100,18313211,924310723
2022-01-20,24029239,907375055,15300,7253400,18206034,925581089
2022-01-21,17860478,910242446,391600,7488800,18572224,928814670
2022-01-24,11660770,909155650,18700,7173600,17718792,926874442
2022-01-25,16371828,909297511,392400,6634000,15722580,925020091
2022-01-26,12274311,910697749,434300,6780300,16272720,926970469
2022-01-27,8014131,904095725,312200,6908200,16372434,920468159
2022-01-28,10402755,893416818,136000,6790700,16161866,909578684
2022-02-07,13758233,877434308,130800,6921500,17165320,894599628
2022-02-08,18915735,867140942,137400,7024100,17981696,885122638
2022-02-09,21365550,863964003,218100,7130000,18252800,882216803
2022-02-10,15732284,861649713,66800,6974900,17925493,879575206
2022-02-11,14666241,855024364,38000,6837600,17504256,872528620
2022-02-14,17094286,857914303,19100,6741700,16854250,874768553
2022-02-15,18644930,864171980,24200,6691600,16528252,880700232
2022-02-16,19552719,867036468,81900,6744700,16929197,883965665
2022-02-17,12830863,863629671,11000,5249303,13228244,876857915
2022-02-18,17316243,859902548,149400,4452400,11620764,871523312
2022-02-21,22630936,863784568,26900,4419200,11445728,875230296
2022-02-22,16906842,856608359,52000,4423000,11455570,868063929
2022-02-23,19250155,866638416,78800,4488600,11535702,878174118
2022-02-24,39207228,881414097,55000,4471600,11179000,892593097
2022-02-25,20541996,882427381,178500,4455700,11317478,893744859
2022-02-28,11172760,884339536,27200,4423800,11369166,895708702
2022-03-01,14549965,887138766,54500,4413600,11387088,898525854
2022-03-02,14580939,887267282,25800,4314000,11173260,898440542
2022-03-03,19665595,875457594,20000,4304000,11319520,886777114
2022-03-04,23908654,863671346,57700,4308900,11203140,874874486
2022-03-07,27136439,870124110,18200,4229800,10912884,881036994
2022-03-08,34381876,882734628,78100,4249900,10709748,893444376
2022-03-09,35295979,890473538,63500,4056000,9896640,900370178
2022-03-10,11684841,884066403,75400,3775200,9400248,893466651
2022-03-11,17790467,884385703,40200,3704900,9151103,893536806
2022-03-14,10055136,886148835,144600,3809500,9218990,895367825
