日期,融资买入额(元),融资余额(元),融券卖出量,融券余量,融券余额(元),融资融券余额(元)
2017-07-12,17718375,675911523,22200,793676,18183117,694094640
2017-07-13,75377065,693928992,56600,758426,16874978,710803970
2017-07-14,49922619,719283832,27900,715426,15596287,734880119
2017-07-17,42205866,734171936,13700,691326,14863510,749035446
2017-07-18,20292750,734035318,8500,687226,14857825,748893143
2017-07-19,41505076,750842950,11600,640095,13915664,764758614
2017-07-20,36979031,765574920,22900,630195,13612211,779187131
2017-07-21,27510442,769649611,10200,632995,13596732,783246343
2017-07-24,27698326,769054629,23200,646895,14089373,783144002
2017-07-25,21566726,772193472,29300,663095,14230018,786423490
2017-07-26,49133001,780072896,36300,657795,13715025,793787921
2017-07-27,29389329,789145926,23000,626895,13133450,802279376
2017-07-28,14297373,783978377,19800,620460,13141343,797119720
2017-07-31,15620317,783292864,36000,644595,13658968,796951832
2017-08-01,15088565,769860543,60800,662690,14221327,784081870
2017-08-02,22859900,777473458,54000,700495,14836484,792309942
2017-08-03,11043812,771365119,12000,658495,13907413,785272532
2017-08-04,16074290,774355560,36800,681095,14200830,788556390
2017-08-07,14745961,773631611,16400,652895,13860961,787492572
2017-08-08,17962967,773274866,12700,664795,14180077,787454943
2017-08-09,82720083,806173218,45300,700845,15313463,821486681
2017-08-10,25692669,766139353,29500,707045,15286312,781425665
2017-08-11,29371172,772853529,400,649377,13760299,786613828
2017-08-14,27448538,772474176,2700,647937,13729785,786203961
2017-08-15,39862158,746584490,84500,721937,15860956,762445446
2017-08-16,15311464,725810817,20100,685177,14943710,740754527
2017-08-17,25512077,730150528,9300,682077,14828354,744978882
2017-08-18,24196620,723353056,33900,693977,15177277,738530333
2017-08-21,22831156,733838622,26000,680877,14775031,748613653
2017-08-22,22802355,716283323,3100,656577,14287115,730570438
2017-08-23,8520594,707937958,12900,668077,14604163,722542121
2017-08-24,26134040,678231862,138500,744472,16713397,694945259
2017-08-25,30877305,650235435,20600,714072,16209435,666444870
2017-08-28,23595788,639202100,17800,699152,15856767,655058867
2017-08-29,17083532,640089731,17400,703052,15966311,656056042
2017-08-30,25766143,650152230,5200,695442,15786534,665938764
2017-08-31,29287870,665334268,3600,690542,15495762,680830030
2017-09-01,42674503,685148091,1600,682442,15354946,700503037
2017-09-04,34938448,687071823,13600,694542,15960575,703032398
2017-09-05,20697579,679376928,5600,690142,15935378,695312306
2017-09-06,7950113,662786248,36900,709742,16416333,679202581
2017-09-07,10370587,653876527,7600,681942,15691485,669568012
2017-09-08,20042489,642931643,51300,727642,16597514,659529157
2017-09-11,26194323,629465378,14200,692937,15646517,645111895
2017-09-12,15486128,608891549,2100,687437,15728559,624620108
2017-09-13,16906817,612894667,5400,691737,15909951,628804618
2017-09-14,9433471,607773784,24200,711837,16372251,624146035
2017-09-15,15566532,603808519,22100,147895,3447432,607255951
2017-09-18,17844567,597053158,3100,112595,2630219,599683377
2017-09-19,19970549,601007954,41700,149595,3475092,604483046
2017-09-20,24769544,600316753,16900,134695,3176108,603492861
2017-09-21,10718938,586056202,46700,175795,4159310,590215512
2017-09-22,23746043,571516385,28500,162595,3920165,575436550
2017-09-25,29872687,569045114,65000,209495,5015310,574060424
2017-09-26,17484590,570942361,5000,129985,3074145,574016506
2017-09-27,30690187,571748260,55600,185385,4515979,576264239
2017-09-28,32126802,565849632,19200,169285,4203347,570052979
2017-09-29,32767551,520603620,29400,161785,4028447,524632067
2017-10-09,73936395,553997861,44100,164485,4041396,558039257
2017-10-10,44511823,547448357,68700,184485,4626884,552075241
2017-10-11,31487940,540228525,39884,200369,5087368,545315893
2017-10-12,45820701,556263377,9800,149285,3736604,559999981
2017-10-13,52769415,582057200,1000,109100,2679496,584736696
2017-10-16,58273510,610545397,55100,157300,3828682,614374079
2017-10-17,17504654,602977393,2000,150100,3668444,606645837
2017-10-18,67473222,630601858,94800,243400,6043622,636645480
2017-10-19,36589130,610504892,28400,225500,5754760,616259652
2017-10-20,17833014,596127450,2200,158800,4016052,600143502
2017-10-23,33250526,596180955,34200,164100,4174704,600355659
2017-10-24,27498302,574676822,59200,182200,4678896,579355718
2017-10-25,30869761,571980186,5400,154100,3948042,575928228
2017-10-26,91491350,598477230,109200,246400,6233920,604711150
2017-10-27,42650632,606329213,15800,139000,3575080,609904293
2017-10-30,38768734,609397504,11300,143900,3719815,613117319
2017-10-31,35318355,551573834,39200,180900,4759479,556333313
2017-11-01,59151582,560134909,14400,151185,3970118,564105027
2017-11-02,40565419,578680234,32300,165185,4375751,583055985
2017-11-03,57306672,563433772,35800,176835,4914245,568348017
2017-11-06,91547390,575146601,60100,229835,6435380,581581981
2017-11-07,74172293,594582290,40100,201735,5592094,600174384
2017-11-08,55314324,585058602,79000,245235,6758677,591817279
2017-11-09,151296570,673617748,29246,149031,4038740,677656488
2017-11-10,92825539,680037304,59100,173585,4837814,684875118
2017-11-13,108069568,727849225,39900,169685,4596767,732445992
2017-11-14,82829068,738392427,49800,170077,4524048,742916475
2017-11-15,83821854,755539996,15500,123477,3284488,758824484
2017-11-16,52531843,727786496,59818,165495,4501463,732287959
2017-11-17,85361955,748764357,24200,123122,3297208,752061565
2017-11-20,46591791,731844744,78800,181655,4864721,736709465
2017-11-21,83300829,730217640,78500,187455,5205625,735423265
2017-11-22,86179853,712295300,29600,157055,4362988,716658288
2017-11-23,75936064,723301796,49570,163470,4372822,727674618
2017-11-24,49510929,697239435,71400,182100,4920342,702159777
2017-11-27,45633543,708220347,51700,151800,3999930,712220277
2017-11-28,91905005,780078880,40200,138100,3594743,783673623
2017-11-29,161947151,884218492,52500,126700,3180170,887398662
2017-11-30,92897465,916155765,57900,140300,3514515,919670280
2017-12-01,44138107,919617482,26100,133400,3317658,922935140
2017-12-04,21903388,884318323,58400,143500,3598980,887917303
2017-12-05,12212144,818273786,48300,145300,3690620,821964406
2017-12-06,26784713,736064269,52700,166500,4207455,740271724
2017-12-07,10285482,731415704,40300,148400,3714452,735130156
2017-12-08,11812587,713319244,34600,165500,4190460,717509704
2017-12-11,22970235,702971303,50300,203255,5300890,708272193
2017-12-12,24982351,709791210,39700,211055,5470546,715261756
2017-12-13,21005995,686508559,81700,269655,7159340,693667899
2017-12-14,11362548,677222523,22200,230755,6140391,683362914
2017-12-15,15564100,681175836,10700,216955,5705917,686881753
2017-12-18,14030058,674603910,12200,173555,4554083,679157993
2017-12-19,14384193,658699670,46600,188355,5079934,663779604
2017-12-20,22872600,650754367,63500,226255,6122460,656876827
2017-12-21,28738738,639648351,55190,227645,6248856,645897207
2017-12-22,16992328,631936641,13500,192845,5283953,637220594
2017-12-25,36880588,639668904,69100,246945,6855193,646524097
2017-12-26,57071100,662392331,8400,166640,4517610,666909941
2017-12-27,37634370,677076682,49700,187220,4946352,682023034
2017-12-28,27825444,666085939,71500,202500,5386500,671472439
2017-12-29,25979888,664208733,21700,160000,4240000,668448733
2018-01-02,34171124,618153911,48000,179300,4918199,623072110
2018-01-03,47949246,595374150,33800,207900,5727645,601101795
2018-01-04,27332042,582738508,58531,247631,6965860,589704368
2018-01-05,24803891,567093895,30200,232700,6513273,573607168
2018-01-08,34205330,568823246,12700,168100,4639560,573462806
2018-01-09,57294610,602250150,17800,156100,4266213,606516363
2018-01-10,52393728,595833968,66900,200600,5729136,601563104
2018-01-11,68140139,632005164,5100,158000,4414520,636419684
2018-01-12,30102498,619692102,51700,202000,5690340,625382442
2018-01-15,80579042,587366860,87100,242800,7097044,594463904
2018-01-16,88289992,580670812,80300,253500,7518810,588189622
2018-01-17,79681903,612616304,11900,185400,5350644,617966948
2018-01-18,27742056,583316296,37200,208400,6099868,589416164
2018-01-19,35700418,584356923,2200,189500,5444335,589801258
2018-01-22,36803185,557007077,37700,213300,6317946,563325023
2018-01-23,24962806,554607936,19900,199100,5865486,560473422
2018-01-24,55601918,568898365,13600,147600,4218408,573116773
2018-01-25,121430890,637303937,34600,157600,4425408,641729345
2018-01-26,51158690,637846315,29900,164000,4657600,642503915
2018-01-29,60233898,636776925,17000,129400,3557206,640334131
2018-01-30,34986777,653240990,20500,122800,3375772,656616762
2018-01-31,48752830,664359974,27600,124000,3458360,667818334
2018-02-01,43435686,622615299,50600,155900,4341815,626957114
2018-02-02,23244401,590949833,46400,161625,4620859,595570692
2018-02-05,121387210,642284467,7800,122225,3410078,645694545
2018-02-06,66952564,537847856,147400,250200,6755400,544603256
2018-02-07,115514134,588943410,33000,132900,3431478,592374888
2018-02-08,57392957,578958797,52800,140000,3521000,582479797
2018-02-09,17344145,540514741,77400,180600,4540284,545055025
2018-02-12,12094095,520680726,78800,238200,6324210,527004936
2018-02-13,7747399,502415242,45500,190065,5101345,507516587
2018-02-14,8275161,499137890,22600,166665,4466622,503604512
2018-02-22,14384215,499288398,53700,209465,5768666,505057064
2018-02-23,9386299,496466448,32500,217765,5964583,502431031
2018-02-26,11397284,492483976,36700,182865,5085476,497569452
2018-02-27,23333170,499146416,9100,157200,4250688,503397104
2018-02-28,15668124,501374327,40500,189600,5140056,506514383
2018-03-01,31114174,512361395,24300,192000,5274240,517635635
2018-03-02,13056122,507940729,40100,212400,5891976,513832705
2018-03-05,17762594,508728080,7000,159845,4365366,513093446
2018-03-06,29872649,510511444,91900,218845,6116717,516628161
2018-03-07,23744899,509793793,30900,185045,5085036,514878829
2018-03-08,25236651,513560189,34700,209645,5886831,519447020
2018-03-09,19570573,497767387,44600,223010,6355785,504123172
2018-03-12,19420130,502484679,15100,183810,5238585,507723264
2018-03-13,21977137,507300543,50400,189645,5313852,512614395
2018-03-14,21569758,502834358,59900,203545,5823422,508657780
2018-03-15,19742896,506141343,47300,198845,5671059,511812402
2018-03-16,14650510,507495313,26300,164045,4593260,512088573
2018-03-19,14028648,513344394,33000,149345,4166725,517511119
2018-03-20,14975637,518816795,104600,230645,6469592,525286387
2018-03-21,12370462,519474960,15200,176045,4897571,524372531
2018-03-22,50291570,547428721,73300,201145,5418846,552847567
2018-03-23,41770756,545516379,109200,225845,6039095,551555474
2018-03-26,88103075,588979818,34400,138845,3515555,592495373
2018-03-27,47181709,575075794,71300,167545,4242239,579318033
2018-03-28,43173113,584524713,30400,112845,2797427,587322140
2018-03-29,32488653,577967959,92900,164745,4197702,582165661
2018-03-30,11444436,569349116,17800,137545,3521152,572870268
2018-04-02,33414812,580809369,10100,108745,2696876,583506245
2018-04-03,18842790,573817603,37400,119445,2929985,576747588
2018-04-04,15006552,555684301,113900,217745,5574272,561258573
2018-04-09,14106556,542367874,21000,144345,3663476,546031350
2018-04-10,16403970,538274934,40400,143345,3701167,541976101
2018-04-11,12424187,528927321,39700,176845,4622728,533550049
2018-04-12,9915291,529380696,24200,163265,4228563,533609259
2018-04-13,13655278,533206904,22600,132064,3346501,536553405
2018-04-16,5194031,517786042,91227,217972,5608419,523394461
2018-04-17,14704005,501211038,41600,169809,4280884,505491922
2018-04-18,28467942,515373430,40217,156662,3921250,519294680
2018-04-19,15597054,496442205,88000,238662,6171799,502614004
2018-04-20,13678241,472419139,37500,243562,6303384,478722523
2018-04-23,20490994,486493086,32372,236434,6069260,492562346
2018-04-24,21513464,485199549,139900,326962,8520629,493720178
2018-04-25,25322286,483948623,31300,283062,7472837,491421460
2018-04-26,29229881,495944031,77984,206646,5445121,501389152
2018-04-27,36985757,498615652,77100,199262,4983542,503599194
2018-05-02,8913117,498488723,55300,200562,4965915,503454638
2018-05-03,16111495,498773297,19400,156062,3831321,502604618
2018-05-04,15243055,504329594,111100,245962,5954740,510284334
2018-05-07,19785827,502244518,59000,193862,4832979,507077497
2018-05-08,16170409,496094881,48300,210662,5371881,501466762
2018-05-09,18358777,501341790,38200,230062,5889587,507231377
2018-05-10,15269552,471017273,78300,281362,7385752,478403025
2018-05-11,10413479,468545691,46900,278762,7289626,475835317
2018-05-14,20832297,456188913,63300,289362,7783837,463972750
2018-05-15,29712423,466018784,74600,319562,8602609,474621393
2018-05-16,23013211,470960126,36900,291262,7855335,478815461
2018-05-17,12876451,463184372,48800,296062,7869328,471053700
2018-05-18,19855815,453167433,83500,319062,8719964,461887397
2018-05-21,20880118,449810373,47561,354423,9597774,459408147
2018-05-22,22266161,454860810,18200,289662,7820874,462681684
2018-05-23,17687926,442274662,37900,241262,6374141,448648803
2018-05-24,25355352,452686819,132500,271162,7050212,459737031
2018-05-25,22037560,446520696,70100,201762,5326517,451847213
2018-05-28,40458091,456247953,120200,266662,7333205,463581158
2018-05-29,26394988,436425648,115100,313162,8655797,445081445
2018-05-30,75733719,442344560,113600,305962,8643426,450987986
2018-05-31,89382850,463368602,201300,440862,12917256,476285858
2018-06-01,55372590,464077284,31800,333962,9568011,473645295
2018-06-04,37851078,458509936,92400,410762,12072295,470582231
2018-06-05,54090878,472319996,24000,361462,10554690,482874686
2018-06-06,61349580,498390399,11500,334762,9657883,508048282
2018-06-07,47103794,488663969,26700,349162,9972067,498636036
2018-06-08,23383621,473193486,50234,370617,10636708,483830194
2018-06-11,61217487,489566298,39200,334483,9382248,498948546
2018-06-12,54014164,480646559,115300,410583,12025976,492672535
2018-06-13,76784441,495000789,10400,300383,8377682,503378471
2018-06-14,51236680,499878282,66500,351983,9774567,509652849
2018-06-15,24701221,490307705,41700,289683,7899656,498207361
2018-06-19,32875414,461238900,63000,212783,5551509,466790409
2018-06-20,23885761,438053636,17900,178183,4741449,442795085
2018-06-21,14722965,419120544,39200,200983,5370265,424490809
2018-06-22,13015688,415123756,11700,195683,5318664,420442420
2018-06-25,22029168,416886342,51800,235983,6352662,423239004
2018-06-26,33041956,423573678,30500,186783,5024462,428598140
2018-06-27,36165270,416884720,148100,297463,7644799,424529519
2018-06-28,11157791,411519462,17200,267263,6780462,418299924
2018-06-29,15671426,391685162,8700,235942,6231228,397916390
2018-07-02,24022007,400552978,76000,291342,7327251,407880229
2018-07-03,21371965,393458983,141526,373868,9571020,403030003
2018-07-04,19977471,403034021,60600,289537,7223947,410257968
2018-07-05,14643084,403996403,39612,297354,7421955,411418358
2018-07-06,45607055,409148236,82448,193890,4789083,413937319
2018-07-09,15628079,397408373,41100,169942,4360711,401769084
2018-07-10,11866327,395618695,28300,165732,4237767,399856462
2018-07-11,10161459,392392700,52600,180632,4606116,396998816
2018-07-12,23746147,392910762,85700,209032,5451554,398362316
2018-07-13,5439869,373920985,82126,210158,5628031,379549016
2018-07-16,9471909,365859965,88600,226362,6052920,371912885
2018-07-17,12584106,360204505,67900,229962,6183678,366388183
2018-07-18,12366138,359773864,61800,287632,7800579,367574443
2018-07-19,14408189,364454941,4700,191962,5115787,369570728
2018-07-20,12390136,358884932,41700,183562,4961681,363846613
2018-07-23,32707252,378829295,74716,195278,5104566,383933861
2018-07-24,18282235,382660549,47814,170876,4509417,387169966
2018-07-25,8971635,378267998,42600,188262,4985177,383253175
2018-07-26,15781638,382499260,114700,243262,6278592,388777852
2018-07-27,10183487,376433300,64400,264262,6976517,383409817
2018-07-30,17470590,383050794,31300,245362,6310710,389361504
2018-07-31,21788135,374919463,4300,158062,3987904,378907367
2018-08-01,24036427,364070310,90800,240662,6175386,370245696
2018-08-02,17883467,362083217,98200,249332,6482632,368565849
2018-08-03,42623902,381016363,78461,238423,5753146,386769509
2018-08-06,40247583,384939355,119309,279849,6433728,391373083
2018-08-07,14562351,370353242,61659,242208,5720954,376074196
2018-08-08,2852539,366430786,36700,261549,6096707,372527493
2018-08-09,12516248,365500676,76700,290249,6936950,372437626
2018-08-10,9443603,363918803,13910,244759,5918273,369837076
2018-08-13,6145986,365163005,81400,287881,6909144,372072149
2018-08-14,6513783,368195561,48700,294596,7073249,375268810
2018-08-15,24602750,363201221,115113,383309,9544393,372745614
2018-08-16,48816298,382999153,66000,345309,7738374,390737527
2018-08-17,52043102,392616981,97800,286211,6456920,399073901
2018-08-20,47731994,395299817,102100,265301,5942743,401242560
2018-08-21,24154354,402589876,85300,242601,5492486,408082362
2018-08-22,12697170,383963764,96900,308701,7056905,391020669
2018-08-23,27612767,385805741,90900,335415,7734670,393540411
2018-08-24,29714679,389864134,39200,276391,6279602,396143736
2018-08-27,25134338,386324689,76400,303591,7271004,393595693
2018-08-28,20133904,389314846,60000,302491,7338430,396653276
2018-08-29,13249010,391542549,29100,285191,6821768,398364317
2018-08-30,15888758,386216456,27100,265782,6277770,392494226
2018-08-31,16950934,386259346,64700,301182,7017540,393276886
2018-09-03,11126745,377143633,58800,284882,6660541,383804174
2018-09-04,12914823,371539720,74530,332912,7893342,379433062
2018-09-05,4310371,354915832,51000,330328,7921265,362837097
2018-09-06,9328824,356061580,50291,344519,8092751,364154331
2018-09-07,7393134,350012324,54400,375019,9000456,359012780
2018-09-10,11780565,340938369,29000,377219,9023078,349961447
2018-09-11,3676484,340440682,24500,376219,9002920,349443602
2018-09-12,4955056,339560757,20800,340619,8038609,347599366
2018-09-13,9658468,342427888,79600,388619,9249133,351677021
2018-09-14,5051829,338443716,25900,332019,8018258,346461974
2018-09-17,7081528,335920503,85600,388219,9231847,345152350
2018-09-18,7001004,332608727,23524,312643,7494051,340102778
2018-09-19,8060029,330709914,82600,354743,8613160,339323074
2018-09-20,7040242,327776429,66400,400043,10001075,337777504
2018-09-21,8345628,322018366,36900,345801,9011573,331029939
2018-09-25,20930166,336360060,50632,363403,9401236,345761296
2018-09-26,17945513,341401743,52188,359591,9388921,350790664
2018-09-27,15141864,339260069,38900,358191,9205508,348465577
2018-09-28,7388444,322950726,17400,318760,8335574,331286300
2018-10-08,14105355,326754914,38700,327090,8206689,334961603
2018-10-09,21411509,334948988,68910,364800,9152833,344101821
2018-10-10,16061009,335581535,78600,380200,9638069,345219604
2018-10-11,18836990,336569076,58600,351800,8657797,345226873
2018-10-12,12644175,333258589,76629,387429,9677977,342936566
2018-10-15,45865628,354224553,105900,406629,9450057,363674610
2018-10-16,9933818,344091726,76723,371942,8651369,352743095
2018-10-17,10782973,339019076,50700,345542,8047673,347066749
2018-10-18,4240927,326114704,67500,332842,7751890,333866594
2018-10-19,8725970,318416843,93066,354668,8462377,326879220
2018-10-22,9700716,308180931,43752,311483,7721663,315902594
2018-10-23,19662250,320493273,81600,368283,8757769,329251042
2018-10-24,19490910,330935773,63400,358338,8238191,339173964
2018-10-25,13346968,333409729,45500,324238,7476928,340886657
2018-10-26,6073241,331126548,37455,298288,6747275,337873823
2018-10-29,20571202,339771129,121302,371235,7974128,347745257
2018-10-30,9647790,338955876,62200,333735,7305459,346261335
2018-10-31,17820714,344958630,54037,344851,7772941,352731571
2018-11-01,109197801,409846786,102169,353585,7672794,417519580
2018-11-02,55772299,382837297,102200,364785,8335337,391172634
2018-11-05,46268309,397096018,9000,290630,6550799,403646817
2018-11-06,29227000,411383817,61871,333532,7494464,418878281
2018-11-07,17853109,402086343,55700,351932,7999414,410085757
2018-11-08,16927702,390643028,38900,327032,7570792,398213820
2018-11-09,9150553,369677948,57600,356932,8320085,377998033
2018-11-12,10912491,368652241,60300,368432,8588150,377240391
2018-11-13,8342424,356943677,47700,351232,8271514,365215191
2018-11-14,11451264,358777661,49800,366235,8628497,367406158
2018-11-15,9065559,357916464,44500,345390,8192650,366109114
2018-11-16,5988865,351932994,23600,322290,7689840,359622834
2018-11-19,10393421,351110223,19800,308390,7278004,358388227
2018-11-20,7661139,350174092,36800,322190,7420036,357594128
2018-11-21,11512837,351668510,18600,314080,7333769,359002279
2018-11-22,10848539,356400554,26078,320227,7403648,363804202
2018-11-23,13715173,361581480,12733,305360,6946940,368528420
2018-11-26,29445212,376334374,46096,325756,7182920,383517294
2018-11-27,15469430,383561277,67145,364305,8160432,391721709
2018-11-28,21398951,399663534,17087,330692,7457105,407120639
2018-11-29,29789330,423472315,19500,319992,7116622,430588937
2018-11-30,8422025,410675376,64100,367420,8413918,419089294
2018-12-03,18586283,371726848,42500,372120,8949486,380676334
2018-12-04,8014516,363847680,16500,354220,8490653,372338333
2018-12-05,7620758,364973501,13900,346920,8329549,373303050
2018-12-06,18800549,344532567,23100,350020,8221970,352754537
2018-12-07,8828636,340524981,37600,359620,8123816,348648797
2018-12-10,5300605,338748043,30300,370520,8355226,347103269
2018-12-11,13232628,347732347,5700,327520,7329897,355062244
2018-12-12,10792096,345314729,26300,350420,8007097,353321826
2018-12-13,7098143,337108909,5800,327020,7577054,344685963
2018-12-14,8549834,340617014,5100,314820,7083451,347700465
2018-12-17,4719537,337558678,75000,380820,8606532,346165210
2018-12-18,10492574,338285223,19842,332562,7595716,345880939
2018-12-19,5965092,319899418,46700,369920,8500762,328400180
2018-12-20,7411037,308401346,28100,368310,8588989,316990335
2018-12-21,5497924,298074430,52809,398519,9385123,307459553
2018-12-24,8377549,299602893,33600,397610,9463118,309066011
2018-12-25,10479226,303922656,20400,371510,8767636,312690292
2018-12-26,5698804,303756441,56300,421120,10001600,313758041
2018-12-27,2581977,297599282,22670,396990,9484091,307083373
2018-12-28,7604202,295001441,21511,380531,8976726,303978167
2019-01-02,5073197,290511256,39800,399920,9598080,300109336
2019-01-03,15312984,297634716,29800,397820,9257272,306891988
2019-01-04,19809982,307924643,43000,417720,10033634,317958277
2019-01-07,5743004,290254227,18300,416020,10379699,300633926
2019-01-08,11199689,299047489,3000,395020,9792545,308840034
2019-01-09,5741982,297585653,13300,405020,10028295,307613948
2019-01-10,7163969,295868443,116800,496120,12274009,308142452
2019-01-11,5760481,296677505,6800,422720,10441184,307118689
2019-01-14,4469282,298372276,40100,450220,11012381,309384657
2019-01-15,7927939,296552001,37800,466420,11641843,308193844
2019-01-16,7502882,296669738,33849,473569,11867639,308537377
2019-01-17,11816745,299559323,28400,466020,11417491,310976814
2019-01-18,21218321,312052942,24400,433220,10613891,322666833
2019-01-21,0,308668024,0,424220,10393391,319061415
2019-01-22,0,305773342,0,424220,10393391,316166733
2019-01-23,0,304912831,0,424220,10393391,315306222
2019-01-24,0,302862864,0,424220,10393391,313256255
2019-01-25,0,298451428,0,424220,10393391,308844819
2019-01-28,29968900,308883855,160994,558714,13487355,322371210
2019-01-29,21623566,311799013,44500,468720,11558635,323357648
2019-01-30,14839578,309439827,28491,455308,11100409,320540236
2019-01-31,7151921,286637056,30500,453617,11340425,297977481
2019-02-01,15078812,290340326,16700,449691,11291741,301632067
2019-02-11,87803410,363136775,33800,456186,11692048,374828823
2019-02-12,61871246,391048339,21700,440241,11151305,402199644
2019-02-13,38169531,392071041,20700,448741,11398022,403469063
2019-02-14,25888440,383582429,24276,444958,11466567,395048996
2019-02-15,47651522,377673397,25800,445558,11210239,388883636
2019-02-18,43128078,364710392,67100,493982,12616300,377326692
2019-02-19,35417214,369502615,24900,450282,11207519,380710134
2019-02-20,40481677,375597511,36400,450282,11144479,386741990
2019-02-21,64238553,407089620,22200,437982,10756838,417846458
2019-02-22,89976441,459698342,26000,429082,10349457,470047799
2019-02-25,217895118,561664769,68000,427487,10588852,572253621
2019-02-26,119368766,575845037,39646,395133,9514802,585359839
2019-02-27,92731559,609640579,32700,393533,9421180,619061759
2019-02-28,63282809,611158833,23200,390333,9426542,620585375
2019-03-01,69536348,599281461,11200,372633,9051255,608332716
2019-03-04,141090569,596007470,100300,437133,10958924,606966394
2019-03-05,80256894,593410991,25500,362633,9044067,602455058
2019-03-06,92430153,580034625,22800,354278,8722325,588756950
2019-03-07,69983221,584321625,41700,382378,9253547,593575172
2019-03-08,43666802,574856222,42591,388569,9251827,584108049
2019-03-11,65625971,593319018,81200,432969,10499498,603818516
2019-03-12,237682390,677429460,202400,574869,14929347,692358807
2019-03-13,136356393,671734062,7700,405978,10246884,681980946
2019-03-14,52800438,639215272,49800,437578,11009462,650224734
2019-03-15,55201888,641720482,6400,428578,10851594,652572076
2019-03-18,152069397,710110933,46500,432278,11157095,721268028
2019-03-19,60240527,716908216,55700,444378,11367189,728275405
2019-03-20,145688345,696909523,162200,600978,15859809,712769332
2019-03-21,89568666,712565894,59200,510678,13435937,726001831
2019-03-22,101177931,711508205,6500,414563,10687434,722195639
2019-03-25,119359112,748381109,24800,427963,10656278,759037387
2019-03-26,55142573,740771735,14735,402798,9989391,750761126
2019-03-27,72788085,747355365,78500,449698,11377360,758732725
2019-03-28,44275700,750003350,11900,402398,10108238,760111588
2019-03-29,98531092,784341915,30600,414598,10717358,795059273
2019-04-01,115554770,764805012,59900,446498,11747362,776552374
2019-04-02,87708062,745389474,28900,410198,10615924,756005398
2019-04-03,95928498,786753108,69100,428652,11059222,797812330
2019-04-04,94749662,773710636,54500,425352,11076166,784786802
2019-04-08,157337812,828263284,90700,466152,12450920,840714204
2019-04-09,93433575,814624866,60100,437652,12026677,826651543
2019-04-10,57459601,771999884,99700,507152,13961895,785961779
2019-04-11,87280878,751163543,1000,372152,9817369,760980912
2019-04-12,55259656,750256808,28400,397152,10599987,760856795
2019-04-15,69614357,732613411,51700,415452,11026096,743639507
2019-04-16,43373639,731149558,45600,441332,11933617,743083175
2019-04-17,77237476,734817023,50000,473452,12963115,747780138
2019-04-18,50744242,706913716,29300,484252,13171654,720085370
2019-04-19,94051485,756347764,8200,399452,10685341,767033105
2019-04-22,77632325,778528910,39000,388152,10006558,788535468
2019-04-23,123889917,798801778,171500,520852,14036961,812838739
2019-04-24,81837615,795366424,38200,400932,10765024,806131448
2019-04-25,148433237,823641287,94900,463933,12414847,836056134
2019-04-26,65889960,778246052,45700,397632,10298669,788544721
2019-04-29,59638451,774130504,48600,400676,10537779,784668283
2019-04-30,127157554,785332622,78400,462376,12867924,798200546
2019-05-06,142661737,812750826,68200,443776,11671309,824422135
2019-05-07,142199022,835922418,181574,592050,16429388,852351806
2019-05-08,149769080,819542169,83629,486605,12671194,832213363
2019-05-09,122749876,803115095,113500,509505,12645914,815761009
2019-05-10,142372497,810039947,39800,396376,10052095,820092042
2019-05-13,38857410,796765621,114100,446776,11263223,808028844
2019-05-14,29297068,780910865,54700,450176,11362442,792273307
2019-05-15,59152481,762748727,90300,502917,13146250,775894977
2019-05-16,28639727,755729060,22799,480316,12488216,768217276
2019-05-17,103484822,776737907,70000,471016,11841342,788579249
2019-05-20,46308199,785114506,39300,390917,9726015,794840521
2019-05-21,32098474,772859203,60600,430317,10835382,783694585
2019-05-22,24619826,762209486,36400,432117,10867743,773077229
2019-05-23,26509940,757420266,15100,387817,9559689,766979955
2019-05-24,10526453,742214679,25500,377117,9356273,751570952
2019-05-27,33627277,739565170,36000,378117,9547454,749112624
2019-05-28,28010554,731620608,41300,389817,10010501,741631109
2019-05-29,26677056,720165655,8700,358017,9039929,729205584
2019-05-30,22487691,719371743,23700,364717,9176280,728548023
2019-05-31,13800724,710615077,20020,364437,9136435,719751512
2019-06-03,42648583,719725781,32900,353517,8746011,728471792
2019-06-04,58820972,725100454,59000,363617,8755897,733856351
2019-06-05,16593020,713297934,60700,379117,9117764,722415698
2019-06-06,20859098,715302563,52400,381717,9195563,724498126
2019-06-10,18591127,691859343,9451,368768,8979501,700838844
2019-06-11,40628847,694883395,29200,377368,9370047,704253442
2019-06-12,33398445,706094046,27100,366168,8952808,715046854
2019-06-13,33512178,725012084,53800,344568,8314426,733326510
2019-06-14,19643717,728646028,8700,295068,7102287,735748315
2019-06-17,8462739,725060674,30400,319368,7725512,732786186
2019-06-18,13004657,727341150,14200,333368,8110843,735451993
2019-06-19,27161740,716205004,8100,329168,8031699,724236703
2019-06-20,45493095,713820255,41300,323468,8028476,721848731
2019-06-21,42290801,726904761,38200,318568,7906858,734811619
2019-06-24,19487156,718571276,8500,322068,7990507,726561783
2019-06-25,41954888,745662740,13100,331868,8203777,753866517
2019-06-26,17754815,732827984,79200,385968,9649200,742477184
2019-06-27,21919033,724268573,7800,313768,7863026,732131599
2019-06-28,19101242,713214385,46000,340668,8479227,721693612
2019-07-01,56688010,697073332,74200,308768,8009442,705082774
2019-07-02,48075807,696657774,172500,461668,12114168,708771942
2019-07-03,41945520,686276074,60200,344668,9033748,695309822
2019-07-04,17184287,667567906,55000,323468,8468392,676036298
2019-07-05,36498309,688416500,32100,294268,7636255,696052755
2019-07-08,41150123,689412013,101300,337668,8519364,697931377
2019-07-09,28066857,703251630,21000,223268,5570537,708822167
2019-07-10,39971894,707020139,77000,252068,6231121,713251260
2019-07-11,0,696324620,0,186068,4599601,700924221
2019-07-12,23496474,698119523,64200,242368,6034963,704154486
2019-07-15,31764623,714424987,82500,264468,6529715,720954702
2019-07-16,35715857,727973754,35200,226668,5569233,733542987
2019-07-17,37590853,744784501,49600,239468,5905281,750689782
2019-07-18,36972615,743332581,5500,197868,4782470,748115051
2019-07-19,20884349,728516760,26400,218268,5286451,733803211
2019-07-22,33492314,741684698,17400,228868,5575224,747259922
2019-07-23,28712172,739310858,34800,240368,5925071,745235929
2019-07-24,17101271,725720992,12200,247168,6114936,731835928
2019-07-25,52387321,758623052,16900,233168,5712616,764335668
2019-07-26,25997662,760017405,43800,260268,6355745,766373150
2019-07-29,52439089,793181743,15100,223968,5449141,798630884
2019-07-30,37478852,780493367,24900,223468,5450385,785943752
2019-07-31,51544691,793306538,106200,322868,7752061,801058599
2019-08-01,21416224,799338173,25900,335268,8033021,807371194
2019-08-02,27206239,797221104,13200,306368,7236412,804457516
2019-08-05,47832179,814803237,18100,318468,7232408,822035645
2019-08-06,31801884,813531623,54700,330768,7309973,820841596
2019-08-07,39559075,789267644,84600,326768,7048386,796316030
2019-08-08,13812156,767951893,40062,272130,6011352,773963245
2019-08-09,16319135,759802995,33361,254129,5552719,765355714
2019-08-12,31623383,770194191,64100,258568,5654882,775849073
2019-08-13,0,758008621,0,245368,5366198,763374819
2019-08-14,0,753849959,0,244568,5348702,759198661
2019-08-15,0,749092533,0,244568,5348702,754441235
2019-08-16,0,742436405,0,244568,5348702,747785107
2019-08-19,0,733526170,0,244568,5348702,738874872
2019-08-20,0,728363788,0,244568,5348702,733712490
2019-08-21,0,722868182,0,244568,5348702,728216884
2019-08-22,0,708035753,0,244568,5348702,713384455
2019-08-23,0,700304841,0,244568,5348702,705653543
2019-08-26,56596348,721577878,128500,250168,5641288,727219166
2019-08-27,52211371,734253055,45900,178868,4033473,738286528
2019-08-28,44084274,748686578,128400,269568,6038323,754724901
2019-08-29,19389522,753282192,32300,216268,4842241,758124433
2019-08-30,25795427,749568558,99200,241068,5390280,754958838
2019-09-02,73120113,802965507,71300,228968,5117435,808082942
2019-09-03,41938386,815019751,85600,274968,6101540,821121291
2019-09-04,75801064,840687299,74231,244999,5372828,846060127
2019-09-05,66596429,774431970,172400,331099,7532502,781964472
2019-09-06,38788850,740788732,120500,335499,7870807,748659539
2019-09-09,29719820,703734520,103700,338899,8014961,711749481
2019-09-10,28357982,702418932,91700,313899,7477074,709896006
2019-09-11,22532270,705444421,71200,317199,7444661,712889082
2019-09-12,33724784,718589610,42200,279799,6597660,725187270
2019-09-16,62598782,718242041,243900,498668,12446753,730688794
2019-09-17,41743263,732571656,56200,301868,7359542,739931198
2019-09-18,33111313,737632804,117600,380068,9285061,746917865
2019-09-19,34249145,739842859,79400,365468,9001477,748844336
2019-09-20,19698487,728273679,49600,353768,8667316,736940995
2019-09-23,25651897,733732814,72600,336368,8106469,741839283
2019-09-24,14118812,718371450,127800,403168,9724412,728095862
2019-09-25,15602210,714919781,93100,388968,9335232,724255013
2019-09-26,24363111,713972721,186100,511068,12158308,726131029
2019-09-27,16125910,711174934,57600,440468,10602065,721776999
2019-09-30,93025477,732917295,104600,506168,12502350,745419645
2019-10-08,48436652,763482949,18100,436468,10641090,774124039
2019-10-09,23327480,763705677,61400,444468,10667232,774372909
2019-10-10,8537869,757486467,83100,515968,12589619,770076086
2019-10-11,10085753,743232391,12900,484168,11779807,755012198
2019-10-14,26682980,733732747,51200,500068,12506701,746239448
2019-10-15,20846333,726591860,88800,561068,14183799,740775659
2019-10-16,15828659,727939464,27100,551768,13904554,741844018
2019-10-17,20574335,714340417,151100,612068,15950492,730290909
2019-10-18,32006349,715922848,113400,639068,16666893,732589741
2019-10-21,21950922,710160560,79228,648471,17048302,727208862
2019-10-22,28974402,713812834,126200,724043,19556402,733369236
2019-10-23,24562429,711898112,38300,546928,14499062,726397174
2019-10-24,27790083,716211592,83300,545728,14292616,730504208
2019-10-25,17364383,709295642,55000,514228,13477916,722773558
2019-10-28,27275514,712634037,133200,576028,15091934,727725971
2019-10-29,54911305,681624577,244600,749628,21604279,703228856
2019-10-30,149732988,719365079,78300,773328,23184374,742549453
2019-10-31,64951036,698215655,160800,860328,25680791,723896446
2019-11-01,66063933,699034439,77100,852908,25902816,724937255
2019-11-04,101476252,746514125,54500,836708,25176544,771690669
2019-11-05,97477845,711801208,144200,858037,27886203,739687411
2019-11-06,74499230,727506390,10300,757648,24199277,751705667
2019-11-07,68920122,744787303,88135,829983,26410060,771197363
2019-11-08,76606304,689008571,110200,866748,29010056,718018627
2019-11-11,95018735,702715430,67000,885548,28957420,731672850
2019-11-12,58321654,703927000,39400,894748,29347734,733274734
2019-11-13,75789388,701691630,160699,1022747,34037020,735728650
2019-11-14,91717086,713926743,103400,1021648,32386242,746312985
2019-11-15,49754385,687853101,92600,1057248,33398464,721251565
2019-11-18,39906776,666848624,73100,1019148,32847140,699695764
2019-11-19,27986007,650802659,25800,991768,31845670,682648329
2019-11-20,36813420,648497995,37200,967068,31013871,679511866
2019-11-21,34479145,653968296,69900,955068,30075091,684043387
2019-11-22,20039298,631280850,41000,746168,23250595,654531445
2019-11-25,14697695,623502135,42700,737268,23002762,646504897
2019-11-26,21838608,618759956,183100,804968,25863622,644623578
2019-11-27,47389749,644562552,38000,558968,17232983,661795535
2019-11-28,11398850,637842282,37550,559418,17364335,655206617
2019-11-29,18575114,629383495,64300,551898,17103319,646486814
2019-12-02,16372809,632227941,98600,597098,18301054,650528995
2019-12-03,7364424,625213851,58200,547898,16908132,642121983
2019-12-04,99051317,649785319,102243,523361,15182703,664968022
2019-12-05,40185196,636725357,205800,665318,19334141,656059498
2019-12-06,62661478,668109951,101000,590118,17544209,685654160
2019-12-09,28195640,667109784,34900,435718,12679394,679789178
2019-12-10,31929429,680595488,71000,476118,13821706,694417194
2019-12-11,24458982,677849391,65500,517218,14921740,692771131
2019-12-12,23644631,675753432,35600,467018,13436108,689189540
2019-12-13,43736333,688340154,26250,437369,12723065,701063219
2019-12-16,42149747,696870008,45000,458869,13532047,710402055
2019-12-17,54510277,704300464,21300,447969,13344998,717645462
2019-12-18,60076725,714920008,33900,413269,12046792,726966800
2019-12-19,48898890,731948422,46000,410419,11996548,743944970
2019-12-20,58675507,737993124,51800,455919,13636538,751629662
2019-12-23,73140203,747967740,19100,401419,11673264,759641004
2019-12-24,25252064,746351801,20500,398419,11554151,757905952
2019-12-25,73347554,773939665,51300,399119,11330989,785270654
2019-12-26,29794562,766322735,38800,396719,11286656,777609391
2019-12-27,49294098,772886071,7600,349719,10036936,782923007
2019-12-30,45793460,788132015,56500,393819,11404998,799537013
2019-12-31,46966032,782288592,14000,385019,11177102,793465694
2020-01-02,57192012,751469949,96500,465619,14094287,765564236
2020-01-03,46950325,740590245,100,424919,12705078,753295323
2020-01-06,57592999,753162895,11300,401919,11856611,765019506
2020-01-07,37550556,745043708,54900,445319,13617855,758661563
2020-01-08,34494125,699220575,7767,444786,13450328,712670903
2020-01-09,42485005,691668643,81600,505919,15890916,707559559
2020-01-10,30053570,680640047,10900,492499,15484168,696124215
2020-01-13,40596046,689241945,20600,484119,15104513,704346458
2020-01-14,21577963,685365633,30100,501019,15631793,700997426
2020-01-15,19713279,677343082,54100,535019,16944053,694287135
2020-01-16,41078165,687272472,30300,468719,14417797,701690269
2020-01-17,19445538,674687118,40900,426319,13024046,687711164
2020-01-20,46833889,693279025,67500,421219,12767148,706046173
2020-01-21,67604605,729727948,55700,392319,11946114,741674062
2020-01-22,30140485,719749774,11500,317119,9687986,729437760
2020-01-23,35886699,702819617,33800,286819,8392324,711211941
2020-02-03,41003758,607859839,13600,217919,6284784,614144623
2020-02-04,27231362,597962432,1500,203319,5957246,603919678
2020-02-05,50833886,619409901,0,200319,5807248,625217149
2020-02-06,60820628,632998113,2800,188119,5794065,638792178
2020-02-07,74510957,634304712,1800,187519,6146873,640451585
2020-02-10,63910041,618200899,163431,349049,11529089,629729988
2020-02-11,74604420,651337334,35000,267268,8670174,660007508
2020-02-12,73515923,698596771,118700,350168,11380460,709977231
2020-02-13,39625151,710238539,41900,309868,10033526,720272065
2020-02-14,45145378,700333899,107000,385868,12845546,713179445
2020-02-17,39991121,669891210,239630,592898,20194106,690085316
2020-02-18,37944147,677616740,39800,481241,16155261,693772001
2020-02-19,80952670,662689175,249500,695241,24959152,687648327
2020-02-20,61971316,677422457,21400,589441,20925156,698347613
2020-02-21,39165671,675235599,15600,550841,19329011,694564610
2020-02-24,57088084,686245671,35200,523741,18220950,704466621
2020-02-25,60877006,667883514,81900,567541,19932040,687815554
2020-02-26,50072679,655823167,57900,528341,18238331,674061498
2020-02-27,57111655,678378674,67200,540041,18712420,697091094
2020-02-28,47590111,670804715,141592,459960,15638640,686443355
2020-03-02,48155862,669498650,68600,418571,14243971,683742621
2020-03-03,65210121,661344579,78600,431071,14703831,676048410
2020-03-04,59088258,647694012,288500,662171,23904373,671598385
2020-03-05,84278221,638017563,183400,765971,28716252,666733815
2020-03-06,57289824,627006323,24923,655394,24302009,651308332
2020-03-09,39524718,575266906,69000,600371,21787464,597054370
2020-03-10,44971492,573169757,141122,640393,23624099,596793856
2020-03-11,35970653,569573834,77700,656371,24055997,593629831
2020-03-12,34831523,566883356,101200,529058,18876789,585760145
2020-03-13,41721323,563454068,227100,581168,20346692,583800760
2020-03-16,34561585,540576756,188800,595968,20620493,561197249
2020-03-17,27075376,530981546,132600,511768,17594584,548576130
2020-03-18,31855678,518866166,261700,665168,22961599,541827765
2020-03-19,45747214,529056295,85200,445968,15162912,544219207
2020-03-20,30569974,522252805,178500,577668,20102846,542355651
2020-03-23,22638229,504474967,159600,616268,21261246,525736213
2020-03-24,64676584,532357298,205804,757772,27802655,560159953
2020-03-25,82615535,535609364,52700,653572,23515521,559124885
2020-03-26,37113383,523969814,82700,659472,23220009,547189823
2020-03-27,84108317,500961681,199200,759372,28476450,529438131
2020-03-30,56642701,470633852,54800,747972,28407977,499041829
2020-03-31,82787796,484977236,62400,753772,29623239,514600475
2020-04-01,51877658,474516101,39100,736772,28667799,503183900
2020-04-02,33291762,466121729,40200,760672,29970477,496092206
2020-04-03,40049962,450188644,77100,801667,31962463,482151107
2020-04-07,57677602,456756639,62200,751067,30786236,487542875
2020-04-08,22010581,435706593,15900,724672,29639085,465345678
2020-04-09,44579524,440522628,21800,710872,29323470,469846098
2020-04-10,56039705,425167118,81300,718572,28807551,453974669
2020-04-13,46124791,432624605,46900,740772,29645695,462270300
2020-04-14,23067906,417060796,20800,721172,29135349,446196145
2020-04-15,25392758,414104199,26500,732072,29356087,443460286
2020-04-16,16791275,407500378,6600,705472,28374084,435874462
2020-04-17,42527856,425219224,48200,729272,29097953,454317177
2020-04-20,21936930,432847582,18500,698172,28101423,460949005
2020-04-21,34134541,437217280,32900,636972,25841954,463059234
2020-04-22,62332657,458291923,88600,699972,29538819,487830742
2020-04-23,28233548,452842898,2000,636962,26472140,479315038
2020-04-24,25467509,454098852,10800,638862,26755541,480854393
2020-04-27,38525997,461998243,46400,677762,29333539,491331782
2020-04-28,41020456,467689937,24000,641572,28241999,495931936
2020-04-29,94098044,467406497,14500,581768,23957206,491363703
2020-04-30,67539272,472213810,29000,540168,21828189,494041999
2020-05-06,21232586,452403188,80800,601068,24938311,477341499
2020-05-07,20341813,449371991,80100,668968,28223760,477595751
2020-05-08,26513954,453041353,46300,670468,28716144,481757497
2020-05-11,28272258,463364246,28000,630568,26219017,489583263
2020-05-12,15446143,448085525,52800,632068,26755438,474840963
2020-05-13,39772361,453295263,125800,715668,31260378,484555641
2020-05-14,32109538,465342543,36100,651368,27735249,493077792
2020-05-15,31730182,478935974,27900,617368,25849198,504785172
2020-05-18,52699991,486583029,89800,621568,25142426,511725455
2020-05-19,30054602,472990104,88300,636668,25778687,498768791
2020-05-20,12708550,456942262,39400,587268,23843081,480785343
2020-05-21,16787816,445593664,72901,615469,24569523,470163187
2020-05-22,18005561,448872346,17800,540968,21195126,470067472
2020-05-25,16059174,439610399,86800,611368,24974383,464584782
2020-05-26,15352818,434364046,122600,702368,29415172,463779218
2020-05-27,32545845,453993101,35500,688368,27637975,481631076
2020-05-28,17679592,453025879,51941,691409,27794642,480820521
2020-05-29,31791148,467444022,18100,632168,25008566,492452588
2020-06-01,36516540,482954161,61400,644468,25649826,508603987
2020-06-02,40358814,480502641,83600,653068,25665572,506168213
2020-06-03,20051862,483850708,48300,638868,24935018,508785726
2020-06-04,54079147,508396073,75900,681268,27182593,535578666
2020-06-05,18317125,501771986,63300,651668,25675719,527447705
2020-06-08,26916052,509340693,62400,653268,25549311,534890004
2020-06-09,18226685,499673443,33000,650505,25948645,525622088
2020-06-10,32546019,498313524,70800,647905,25644079,523957603
2020-06-11,16896417,493372484,45218,648623,25341701,518714185
2020-06-12,25490723,492278096,62700,667774,26610794,518888890
2020-06-15,42123157,464735202,89300,725274,29576674,494311876
2020-06-16,28038249,469069836,40900,651574,26636345,495706181
2020-06-17,20332793,463292957,36800,668874,27370325,490663282
2020-06-18,14665574,452459887,46700,705974,29432056,481891943
2020-06-19,29229389,449925700,55700,731874,31141238,481066938
2020-06-22,33792891,451974748,26400,705919,29535651,481510399
2020-06-23,31937435,462123065,21300,694368,29267611,491390676
2020-06-24,36770994,450864978,105900,782268,34286807,485151785
2020-06-29,44731304,447133017,60600,790821,36425215,483558232
2020-06-30,32351745,437578151,49100,807221,37204816,474782967
2020-07-01,32061949,433343675,40500,768976,36564808,469908483
2020-07-02,29577510,433733410,52200,760663,35758769,469492179
2020-07-03,45479102,443567021,21900,753959,34802747,478369768
2020-07-06,47973729,455669973,19100,728359,34254724,489924697
2020-07-07,43188809,464245508,10300,680659,32181558,496427066
2020-07-08,64383664,497408801,31000,689859,32575142,529983943
2020-07-09,78998894,534588260,36000,669259,32124432,566712692
2020-07-10,64366968,543076649,64800,693459,34090444,577167093
2020-07-13,78957763,553864240,24100,611159,30313487,584177727
2020-07-14,45134235,547638149,38700,586659,28746291,576384440
2020-07-15,55181936,530736952,101900,635159,33390309,564127261
2020-07-16,50914369,530408894,41500,576759,29241682,559650576
2020-07-17,59278521,534023423,110900,635759,34661581,568685004
2020-07-20,79938080,551462829,414870,966329,53959812,605422641
2020-07-21,38446442,537895746,35300,968329,54042442,591938188
2020-07-22,41501622,536265192,35300,983106,55250558,591515750
2020-07-23,92860735,564144736,23100,889823,48281796,612426532
2020-07-24,44049271,520413739,37600,872398,44754018,565167757
2020-07-27,28615617,505182250,39700,884598,46087556,551269806
2020-07-28,45207952,497979025,83200,941298,51131307,549110332
2020-07-29,34811951,497044675,175400,1052098,57297256,554341931
2020-07-30,41957460,508723366,37400,1037498,56688891,565412257
2020-07-31,29554074,498284782,226734,1231932,67300445,565585227
2020-08-03,59671405,520849503,23400,1187832,64273590,585123093
2020-08-04,26369370,509022003,32400,1082768,58956719,567978722
2020-08-05,39240200,514457594,581800,1642368,90001766,604459360
2020-08-06,41230000,516946559,415434,1977002,106224318,623170877
2020-08-07,47309440,524452331,328500,2268549,120618750,645071081
2020-08-10,103239950,542701758,395600,2585949,144321814,687023572
2020-08-11,96164267,568910670,385860,2932899,167908469,736819139
2020-08-12,157282896,620047514,295600,3066909,159724620,779772134
2020-08-13,47986966,612015908,735400,3767909,192502470,804518378
2020-08-14,28623788,596347856,97900,3431639,178102064,774449920
2020-08-17,52158330,623076978,58500,3117860,162752292,785829270
2020-08-18,36387665,598009143,50500,3142139,170743833,768752976
2020-08-19,88842710,591764298,157972,3244611,188057653,779821951
2020-08-20,28848809,580656336,35500,3179911,182208901,762865237
2020-08-21,85551294,623864179,91900,3217461,190795437,814659616
2020-08-24,49347271,640384863,130300,2639561,154757462,795142325
2020-08-25,31851864,634740134,384100,2973561,172496273,807236407
2020-08-26,24502022,621928933,269200,3205361,186487903,808416836
2020-08-27,65291983,645770339,96536,3259097,193655544,839425883
2020-08-28,91607340,642462883,128500,3343897,217921767,860384650
2020-08-31,112003546,693040513,64800,3339275,212043963,905084476
2020-09-01,105127708,734283006,171800,3457850,215562369,949845375
2020-09-02,60503625,736624288,15567,3449417,213242959,949867247
2020-09-03,118658894,765223565,37900,3452142,206610699,971834264
2020-09-04,42333284,758495552,896191,4313433,255096427,1013591979
2020-09-07,86103132,769479599,237600,4505133,252873115,1022352714
2020-09-08,36305133,734470966,48400,4443633,250532028,985002994
2020-09-09,30137686,701510846,16812,4400745,238960453,940471299
2020-09-10,26490537,701717183,128800,4504333,243053808,944770991
2020-09-11,40110023,633754622,310677,4757410,252618471,886373093
2020-09-14,37024488,639737608,88200,4783610,246499424,886237032
2020-09-15,45962311,642640165,82500,4829410,252046909,894687074
2020-09-16,26817564,624813448,241647,5036557,265527284,890340732
2020-09-17,25927262,605724291,153700,5135310,262876520,868600811
2020-09-18,14566474,590771775,439382,5530792,290366582,881138357
2020-09-21,18339222,593677877,46400,5544192,283751747,877429624
2020-09-22,19448178,573115464,264506,5753998,293338819,866454283
2020-09-23,10544520,529373257,27100,5769398,298277878,827651135
2020-09-24,37026023,541947673,292800,6012098,307218208,849165881
2020-09-25,10969399,528661885,26900,5478098,281190770,809852655
2020-09-28,12283517,529954038,271700,5695398,290123575,820077613
2020-09-29,28002828,543270461,229658,5904356,305019031,848289492
2020-09-30,21326141,528353975,233700,5930896,313922325,842276300
2020-10-09,30638174,527722513,135694,6022565,331241075,858963588
2020-10-12,32408547,536398801,267817,6036207,334707679,871106480
2020-10-13,34878793,539957995,178800,6157307,338036155,877994150
2020-10-14,27552701,540396375,681404,6791411,368026564,908422939
2020-10-15,17157749,522102688,350800,7098211,380109198,902211886
2020-10-16,18930861,504755464,50000,6971553,372978088,877733552
2020-10-19,75732196,533788347,188700,6859853,344570417,878358764
2020-10-20,22546293,529579513,430513,7213640,367030003,896609516
2020-10-21,15006946,529327084,37400,7195296,363866121,893193205
2020-10-22,22151909,537243438,424600,7475141,373084288,910327726
2020-10-23,67026832,552108757,119100,7545541,358413199,910521956
2020-10-26,29262764,549766047,72400,7535841,366241872,916007919
2020-10-27,15396447,546120213,503500,8004652,397430972,943551185
2020-10-28,65996567,569791124,249600,8187052,407633319,977424443
2020-10-29,27321289,568145102,47300,8083652,408709445,976854547
2020-10-30,23610591,558803343,172300,8184252,409212600,968015943
2020-11-02,20986845,548318503,45900,8190052,401722050,950040553
2020-11-03,37524991,554083557,158000,8112452,395319787,949403344
2020-11-04,21212347,548834478,83000,8151052,406819006,955653484
2020-11-05,34405453,556133620,128600,8257352,413280467,969414087
2020-11-06,33105605,556088291,254100,8483752,417739949,973828240
2020-11-09,24307419,541516042,35600,8072053,403602650,945118692
2020-11-10,21599714,542663390,20300,7927553,387736618,930400008
2020-11-11,41349978,553598962,227022,8120475,396360384,949959346
2020-11-12,15578265,552241202,238500,8276080,406190005,958431207
2020-11-13,19494293,557802128,16600,8272880,398587357,956389485
2020-11-16,20896539,549283391,52700,8307480,410389512,959672903
2020-11-17,38803790,527722413,153050,8403630,427660732,955383145
2020-11-18,30184724,534148201,61000,8427630,437815381,971963582
2020-11-19,25146912,529977082,3000,8341530,431841007,961818089
2020-11-20,26891418,537550721,5600,8315630,426758133,964308854
2020-11-23,70469246,580148332,58700,8303145,413413591,993561923
2020-11-24,26613417,580912847,90700,8347138,418108143,999020990
2020-11-25,54804892,601527626,40901,8343639,401245600,1002773226
2020-11-26,33186901,605370723,230200,8503239,405519469,1010890192
2020-11-27,29118704,607812843,56600,8250432,391813016,999625859
2020-11-30,53145236,631432971,83800,8257432,380832764,1012265735
2020-12-01,78143511,670592825,58800,8267532,385515019,1056107844
2020-12-02,39134612,673732876,59011,8285543,391823329,1065556205
2020-12-03,37680798,654732698,141000,7826885,371698769,1026431467
2020-12-04,75271849,695266929,948055,8713429,418941665,1114208594
2020-12-07,48261889,678581461,65745,8720274,416218678,1094800139
2020-12-08,32592431,667401287,513500,9152277,442970206,1110371493
2020-12-09,42676944,671655225,622737,9732914,461340123,1132995348
2020-12-10,48716342,690575750,575285,10258999,479095255,1169671005
2020-12-11,49110215,692011813,69200,10254310,472723693,1164735506
2020-12-14,47941211,689737376,293000,10470110,509056748,1198794124
2020-12-15,51721571,713382345,188304,10562014,511623958,1225006303
2020-12-16,53283033,719682827,102536,10583250,519637577,1239320404
2020-12-17,64021537,726882646,102600,10628850,522939420,1249822066
2020-12-18,76048785,740600860,30200,10583614,504838390,1245439250
2020-12-21,46037094,760282153,33100,10565414,501328896,1261611049
2020-12-22,64059852,780985822,88812,10626026,496129155,1277114977
2020-12-23,72548731,814118343,343368,10919494,506118550,1320236893
2020-12-24,46459758,802310758,241707,11119901,506511491,1308822249
2020-12-25,54925171,796117657,37697,11102098,512583865,1308701522
2020-12-28,41828987,813780137,63000,11091898,509783633,1323563770
2020-12-29,55863590,832245166,15000,11071701,499222999,1331468165
2020-12-30,101449804,897171333,81054,10948924,506387736,1403559069
2020-12-31,42504600,843404794,19800,10826224,508182955,1351587749
2021-01-04,163669842,905083181,26800,10785876,517829907,1422913088
2021-01-05,322030965,1038459186,130000,10893476,575284468,1613743654
2021-01-06,197974521,1045422345,156800,10891240,574295085,1619717430
2021-01-07,123154580,1020525109,449537,11066277,575778393,1596303502
2021-01-08,126019098,1043788749,420912,11403539,590703320,1634492069
2021-01-11,123964138,1054778434,657300,11957583,600868546,1655646980
2021-01-12,111718460,1092273487,192261,12084244,617625711,1709899198
2021-01-13,163447339,1109438686,317900,12339444,654360716,1763799402
2021-01-14,124987389,1132408017,99500,12376444,662015988,1794424005
2021-01-15,119999289,1141227571,53900,12308607,634016348,1775243919
2021-01-18,157023408,1223386642,48030,11589774,578561519,1801948161
2021-01-19,78969401,1201153489,649255,11963129,585714796,1786868285
2021-01-20,79237813,1196020450,78886,11712060,566629463,1762649913
2021-01-21,73277831,1182175338,45500,11233208,553797155,1735972493
2021-01-22,57038544,1156339014,100125,11275433,550353886,1706692900
2021-01-25,138200459,1187015960,126800,11236253,565745341,1752761301
2021-01-26,109534039,1163636820,80824,11222077,549208449,1712845269
2021-01-27,90338679,1159741609,42900,10248558,488343788,1648085397
2021-01-28,36057924,1148739367,64800,10268618,479133717,1627873084
2021-01-29,96020014,1157131361,1355595,11341368,532930882,1690062243
2021-02-01,52777547,1145277695,211609,10291933,486087996,1631365691
2021-02-02,80107339,1104665838,315379,10544512,519211768,1623877606
2021-02-03,74685492,1118393122,176854,9397971,454203939,1572597061
2021-02-04,79771186,1103702632,243700,9525755,452759136,1556461768
2021-02-05,86010654,1094882688,76758,9550913,450612076,1545494764
2021-02-08,93047756,1100598918,66300,9517455,459693077,1560291995
2021-02-09,94401341,1062471295,119700,9588455,482203402,1544674697
2021-02-10,84762759,1024629660,744610,10265665,526423303,1551052963
2021-02-18,250658860,1150618982,578798,10353563,502251340,1652870322
2021-02-19,136201558,1165006211,542459,10853522,531822578,1696828789
2021-02-22,94053592,1172337753,282100,10603668,507915698,1680253451
2021-02-23,47626021,1148356348,44400,10567468,500052585,1648408933
2021-02-24,40444988,1110803009,82600,10602268,507848638,1618651647
2021-02-25,58281789,1102394215,69400,10619168,501755689,1604149904
2021-02-26,40027443,1085852272,162000,10398336,478739388,1564591660
2021-03-01,21474463,1075485841,80204,9733473,453969179,1529455020
2021-03-02,54278078,1078383315,475389,9898962,455847200,1534230515
2021-03-03,25587841,1055021315,529417,10366779,485787264,1540808579
2021-03-04,40778656,1047052023,97477,10389052,473636881,1520688904
2021-03-05,32045366,1034899330,66700,10333757,466052442,1500951772
2021-03-08,34864354,1022157802,549300,10818657,471152513,1493310315
2021-03-09,55509223,1012353826,438799,11109356,463260147,1475613973
2021-03-10,29404545,1005687173,123100,10671656,436257298,1441944471
2021-03-11,33390371,1008977693,355985,10654041,442995024,1451972717
2021-03-12,16411685,998974085,91800,10635741,437873456,1436847541
2021-03-15,30399978,1002157923,102400,10580510,421104298,1423262221
2021-03-16,13306312,994252800,48900,9317520,378943538,1373196338
2021-03-17,22084787,988192801,653100,9536120,396702592,1384895393
2021-03-18,17923660,984416290,48600,9100290,373930916,1358347206
2021-03-19,10428574,981270340,463680,9495070,384265482,1365535822
2021-03-22,18667095,981879833,403500,9851082,402022657,1383902490
2021-03-23,13496344,978761898,25400,9828248,403154733,1381916631
2021-03-24,13985013,973047676,92800,9881848,405254588,1378302264
2021-03-25,16244921,960745369,152500,9997705,421903151,1382648520
2021-03-26,24300028,953310060,115000,10052905,427550050,1380860110
2021-03-29,14290538,945071431,421781,9714286,420434299,1365505730
2021-03-30,25200507,931544315,306253,9893239,434115329,1365659644
2021-03-31,103638718,987545725,43100,9590604,393214764,1380760489
2021-04-01,27134845,990337804,84100,9138842,374052802,1364390606
2021-04-02,84415955,1022094909,61000,9133142,366604320,1388699229
2021-04-06,37520173,1018914165,203917,9314259,375364637,1394278802
2021-04-07,56587857,1037877079,305200,9436578,376425097,1414302176
2021-04-08,33272227,1040347699,336500,9759572,385210306,1425558005
2021-04-09,21736270,1029739382,117200,9434776,374654955,1404394337
2021-04-12,22533818,1024787608,54700,9437176,367294891,1392082499
2021-04-13,18663670,1008919764,65900,9469376,374513820,1383433584
2021-04-14,22060411,986075090,27200,9342051,376297815,1362372905
2021-04-15,22456980,983583834,116300,9383457,377684145,1361267979
2021-04-16,20940703,983460595,10900,9328657,369414817,1352875412
2021-04-19,85590867,1040073428,3500,8689828,339424682,1379498110
2021-04-20,36144221,1031764770,9800,8523028,332653784,1364418554
2021-04-21,28510926,1015324096,25500,7403468,293769611,1309093707
2021-04-22,21107831,998717626,17900,7388468,293913256,1292630882
2021-04-23,47982073,1013145630,6100,7385768,296612443,1309758073
2021-04-26,33234521,1012855652,20500,6552716,257652792,1270508444
2021-04-27,19645279,1007635151,48500,5875818,234268864,1241904015
2021-04-28,126671163,1049436113,38600,4821784,180045414,1229481527
2021-04-29,70301822,1072155450,26700,4393684,162083003,1234238453
2021-04-30,28396586,1051190140,23800,4399084,161182439,1212372579
2021-05-06,83998219,1099082497,27800,4274284,154857310,1253939807
2021-05-07,31666654,1091691066,18800,4282884,153284419,1244975485
2021-05-10,57256307,1099263689,21900,4248784,147092901,1246356590
2021-05-11,15616739,1070045503,68400,4297684,152223968,1222269471
2021-05-12,21149017,1051514053,43100,4073851,147921530,1199435583
2021-05-13,28432209,1027483049,37500,4088951,149492049,1176975098
2021-05-14,22316963,989802593,31200,4098051,152365536,1142168129
2021-05-17,27153957,974971797,59900,4146151,154444125,1129415922
2021-05-18,17863796,967954544,138500,3986451,149691234,1117645778
2021-05-19,28256989,963406883,217200,4150351,157671834,1121078717
2021-05-20,19059891,956777732,25400,4137551,157061435,1113839167
2021-05-21,26499255,954530377,10600,3994451,141084008,1095614385
2021-05-24,13930784,941735300,20200,3965451,141606255,1083341555
2021-05-25,29772690,945155032,95000,4050651,147848763,1093003795
2021-05-26,21323985,938268591,64600,4094351,148829660,1087098251
2021-05-27,31769398,928622247,31300,4069351,146659411,1075281658
2021-05-28,26013641,926921855,20200,4061551,144509984,1071431839
2021-05-31,29971786,926903187,3700,4044351,142442043,1069345230
2021-06-01,23686619,919739615,10600,4031951,143335857,1063075472
2021-06-02,25246204,925275671,102400,4102751,144088615,1069364286
2021-06-03,21853902,923733911,8700,4065051,143130445,1066864356
2021-06-04,23031822,927293971,9800,4057251,142612373,1069906344
2021-06-07,19020202,924900874,376548,4413699,153464314,1078365188
2021-06-08,26109127,924785576,319000,4715899,161991131,1086776707
2021-06-09,21606894,932725689,6300,4658199,158611676,1091337365
2021-06-10,21934292,934644932,34200,4685599,158607526,1093252458
2021-06-11,29514185,919270407,26000,4379545,149298690,1068569097
2021-06-15,22655456,889947565,94000,4415216,148439562,1038387127
2021-06-16,15028158,887704269,8300,4395516,147381652,1035085921
2021-06-17,19229601,875938889,52100,4037616,133281704,1009220593
2021-06-18,85564906,920122965,39900,4053616,126959252,1047082217
2021-06-21,34798225,923855087,13700,3971799,122490280,1046345367
2021-06-22,32231504,885975234,34600,3999899,125596829,1011572063
2021-06-23,26080702,890075894,83100,3965599,125868112,1015944006
2021-06-24,19162199,891933666,24300,3952282,126038274,1017971940
2021-06-25,14897433,873117597,22400,3950882,127613489,1000731086
2021-06-28,25796840,879231117,87800,4014782,131484111,1010715228
2021-06-29,17416657,879444581,29200,3918182,126243824,1005688405
2021-06-30,22680042,887204455,10200,3844582,122257708,1009462163
2021-07-01,41714407,893527712,28000,3822582,124042786,1017570498
2021-07-02,27523401,890580862,44803,3828085,122383877,1012964739
2021-07-05,20309222,890105926,163183,3624668,112799668,1002905594
2021-07-06,21508148,897230208,41300,3661868,114982655,1012212863
2021-07-07,23405023,899393007,43900,3660968,113306960,1012699967
2021-07-08,17560419,886305674,76900,3712468,113453022,999758696
2021-07-09,23779275,887271055,25600,3731368,113097765,1000368820
2021-07-12,24905050,890720927,4900,3726268,112533294,1003254221
2021-07-13,29589990,894049496,21800,3702968,113533000,1007582496
2021-07-14,18552416,883816317,19600,3210085,98581710,982398027
2021-07-15,27054805,880400037,37000,3239385,98444910,978844947
2021-07-16,45764114,897388788,17400,3237185,96727088,994115876
2021-07-19,68276909,920052899,58500,3290685,93981964,1014034863
2021-07-20,13963090,908597062,22900,3254685,94711333,1003308395
2021-07-21,64135124,932374089,34400,3263810,91419319,1023793408
2021-07-22,52863595,956464093,7200,3228310,91102908,1047567001
2021-07-23,28126909,950149466,27400,3246910,90361505,1040510971
2021-07-26,42833590,945429427,13800,3036327,82345188,1027774615
2021-07-27,43851815,955199914,31700,2482227,64537902,1019737816
2021-07-28,39184048,951737618,11700,2470727,64733047,1016470665
2021-07-29,66317068,978717438,9800,2477827,63283702,1042001140
2021-07-30,45920015,986715076,28600,2484327,63797518,1050512594
2021-08-02,153766475,1077270802,75500,2442727,64512420,1141783222
2021-08-03,63951481,1025216784,80100,2485480,67480782,1092697566
2021-08-04,72355418,1053038442,45795,2494175,66394938,1119433380
2021-08-05,42094815,1040391571,103000,2573275,68320451,1108712022
2021-08-06,35798293,1041793611,52700,2574375,67397138,1109190749
2021-08-09,77955394,998469379,76800,2572670,71957580,1070426959
2021-08-10,66105732,990194397,79000,2588070,73190620,1063385017
2021-08-11,63351592,997340234,85700,2613670,73391853,1070732087
2021-08-12,52191101,1003281791,108400,2715670,73974850,1077256641
2021-08-13,54693870,1007700699,80000,2691070,72658890,1080359589
2021-08-16,43805531,1002894347,116700,2692170,75165387,1078059734
2021-08-17,40332323,994349677,82400,2720570,75713462,1070063139
2021-08-18,131797860,1049045512,446400,2991426,78644590,1127690102
2021-08-19,98154965,1045845422,187550,3019976,75439001,1121284423
2021-08-20,96543553,1056140419,132700,3015826,76028973,1132169392
2021-08-23,30370799,1044504656,122836,2993062,75125857,1119630513
2021-08-24,27244622,1028822381,88200,2946462,74604418,1103426799
2021-08-25,27919113,1017519105,20400,2916906,73272678,1090791783
2021-08-26,25192738,1000787491,39400,2904206,71501551,1072289042
2021-08-27,14166455,994603706,189400,3034606,74529924,1069133630
2021-08-30,27611653,994438881,106600,3048406,73009324,1067448205
2021-08-31,31215139,991168730,74900,3066706,73907615,1065076345
2021-09-01,63867217,982572223,69100,3009506,75959931,1058532154
2021-09-02,52379665,993147928,53300,2952006,73386869,1066534797
2021-09-03,52863927,987278082,44649,2943755,73829375,1061107457
2021-09-06,60026583,988007172,71000,2837906,72536878,1060544050
2021-09-07,40503653,983508263,124100,2907706,74786198,1058294461
2021-09-08,40458648,993874900,40450,2884256,73606213,1067481113
2021-09-09,28900432,987161095,44700,2731656,70039660,1057200755
2021-09-10,60040397,995238953,46300,2603170,67213849,1062452802
2021-09-13,45818734,987209862,122700,2688170,68387044,1055596906
2021-09-14,27235150,984958756,65678,2613448,65623679,1050582435
2021-09-15,20156574,974082032,52300,2635148,65298968,1039381000
2021-09-16,73483249,979537695,134769,2602017,66689695,1046227390
2021-09-17,52195460,973799451,194456,2736173,71003690,1044803141
2021-09-22,32461183,976191336,71500,2742204,69734248,1045925584
2021-09-23,33404359,975737957,63200,2581604,66527935,1042265892
2021-09-24,80381653,978788257,227132,2744336,72862122,1051650379
2021-09-27,112724527,990331076,126600,2814036,77836236,1068167312
2021-09-28,56629625,988698656,202300,2937336,79895539,1068594195
2021-09-29,81548784,1005602708,96573,2989409,81909807,1087512515
2021-09-30,37820287,979780342,78300,2983136,80992143,1060772485
2021-10-08,70661874,979747119,141800,2899436,81329181,1061076300
2021-10-11,101586233,1005566607,284512,3106294,85578400,1091145007
2021-10-12,37513983,985018363,149292,3158186,86376387,1071394750
2021-10-13,56356406,964211696,138200,3195186,88570555,1052782251
2021-10-14,29565826,959447189,101300,3158686,85821499,1045268688
2021-10-15,46893483,962881423,97312,2712710,72049578,1034931001
2021-10-18,38427012,961753996,197900,2793110,72676722,1034430718
2021-10-19,192663231,1043038747,177107,2685717,76865221,1119903968
2021-10-20,77862533,966480952,244700,2672412,75094777,1041575729
2021-10-21,47126126,972567675,142200,2640943,73655900,1046223575
2021-10-22,55465072,984986068,303500,2754305,77340885,1062326953
2021-10-25,56670412,992736228,148400,2264157,63169981,1055906209
2021-10-26,61037307,1013889838,225000,2272857,61458052,1075347890
2021-10-27,62449992,970991201,296845,2300698,64074439,1035065640
2021-10-28,87431642,940929510,149828,2165526,62670322,1003599832
2021-10-29,69711011,939796245,348200,2082626,61437468,1001233713
2021-11-01,63906027,936305336,249100,2225026,65749520,1002054856
2021-11-02,149343953,969035512,340700,2479526,76914898,1045950410
2021-11-03,139623367,960730608,357100,2766626,88283036,1049013644
2021-11-04,133664499,960969419,105700,2454026,76197508,1037166927
2021-11-05,84318978,941854220,493500,2814426,86656177,1028510397
2021-11-08,82266059,959178358,124919,2846245,87835120,1047013478
2021-11-09,53457953,952981548,79000,2286120,70366774,1023348322
2021-11-10,61944390,958608634,155800,2183120,65864730,1024473364
2021-11-11,43450691,953468624,241305,2283750,68512500,1021981124
2021-11-12,37612230,928786219,88800,2134850,64045500,992831719
2021-11-15,87342044,928749907,328500,2320350,72603752,1001353659
2021-11-16,61639963,935697399,151200,2268150,70312650,1006010049
2021-11-17,36413552,930887285,41900,2153650,66633931,997521216
2021-11-18,52532873,943221505,364473,2404923,72340084,1015561589
2021-11-19,32454597,935560598,126290,2402713,72561932,1008122530
2021-11-22,31347423,927291006,53300,2359813,70487615,997778621
2021-11-23,38370717,907602289,53100,2351413,71976752,979579041
2021-11-24,41291961,905959661,130800,2366913,71362427,977322088
2021-11-25,26128728,902143196,37658,2367671,70509242,972652438
2021-11-26,48569851,908815513,32495,2238108,64905132,973720645
2021-11-29,21972088,897239984,91800,2138599,61997985,959237969
2021-11-30,32657421,889700738,35700,2131099,60651078,950351816
2021-12-01,22094528,881965404,173100,2234875,65258350,947223754
2021-12-02,26124680,845731039,108200,2043175,61356546,907087585
2021-12-03,24113561,830056155,138300,2152875,65038354,895094509
2021-12-06,29024618,838941632,62800,2098275,62213853,901155485
2021-12-07,70610339,858486497,91900,1972075,61114604,919601101
2021-12-08,36429211,848168086,55300,1773780,55324198,903492284
2021-12-09,31619509,839047985,28230,1712610,54186980,893234965
2021-12-10,21734813,834708864,80000,1727980,54137613,888846477
2021-12-13,19824528,820918576,38500,1498863,47439013,868357589
2021-12-14,25071756,817792326,20400,1394763,43474763,861267089
2021-12-15,30156878,823861978,64200,1406063,42547467,866409445
2021-12-16,19511187,824972433,36600,1388863,42151993,867124426
2021-12-17,8926825,808675071,69114,1429977,43056607,851731678
2021-12-20,15212776,806850129,32771,1366548,41802703,848652832
2021-12-21,24499938,811837823,124000,1450048,44559975,856397798
2021-12-22,14608515,806647021,57200,1464548,45181306,851828327
2021-12-23,22741490,807307162,81650,1513727,47425067,854732229
2021-12-24,42081985,811219388,39800,1411827,44896098,856115486
2021-12-27,36935285,818847492,90400,1418927,45661071,864508563
2021-12-28,23218649,809398228,46100,1385027,44320864,853719092
2021-12-29,17740759,793270597,60600,1378927,43298308,836568905
2021-12-30,16771691,793618831,37600,1363472,42840290,836459121
2021-12-31,36004969,797604002,27200,1313972,41455817,839059819
2022-01-04,67472125,820174316,64604,1212176,39383599,859557915
2022-01-05,52493463,802906713,89700,1203972,40188586,843095299
2022-01-06,31796102,784487198,53445,1192226,39820349,824307547
2022-01-07,35217074,781449287,47800,1172612,38203699,819652986
2022-01-10,43537142,784080317,66200,1217212,40435782,824516099
2022-01-11,59059529,794663784,90300,1265112,39749819,834413603
2022-01-12,25024795,785197013,21700,1101696,35133086,820330099
2022-01-13,20072261,772597347,58300,1130151,35181600,807778947
2022-01-14,48839196,770511136,35000,1117351,33654613,804165749
2022-01-17,41986861,783038595,103900,1183551,35968114,819006709
2022-01-18,17528139,771979013,22900,1170851,36167588,808146601
2022-01-19,22844571,763483633,111100,1171051,37005211,800488844
2022-01-20,14047226,752846078,29600,1187951,37610530,790456608
2022-01-21,29219641,755247821,29500,1142486,35885486,791133307
2022-01-24,11320958,739767547,40100,1154703,36350051,776117598
2022-01-25,10265077,736758510,22600,1100703,33725539,770484049
2022-01-26,5254678,729984749,28900,1083947,33472284,763457033
2022-01-27,18613743,733095432,14400,1048469,31454070,764549502
2022-01-28,13425901,729445535,22600,999369,29781197,759226732
2022-02-07,11983060,722010605,20800,1012969,31027241,753037846
2022-02-08,9394302,717325717,161000,1160869,35917287,753243004
2022-02-09,12177795,697928765,65900,1211457,37882260,735811025
2022-02-10,14981401,690081968,8200,1208157,38310658,728392626
2022-02-11,22601734,690726058,26300,1219357,37519614,728245672
2022-02-14,8984670,688636187,93700,1301957,40204432,728840619
2022-02-15,9367390,692592443,9800,1274657,38889785,731482228
2022-02-16,13829217,699320521,6300,1229857,37006397,736326918
2022-02-17,8539999,696393122,371900,1582057,47920507,744313629
2022-02-18,27989204,709705943,13000,1328257,39714885,749420828
2022-02-21,13196778,697067984,70400,1369557,41141492,738209476
2022-02-22,9882433,695607273,114300,1331057,39452529,735059802
