日期,融资买入额(元),融资余额(元),融券卖出量,融券余量,融券余额(元),融资融券余额(元)
2017-07-12,37897021,721362842,0,100,1525,721364367
2017-07-13,85837877,726407651,27500,27600,428904,726836555
2017-07-14,31109427,729101386,0,27600,424488,729525874
2017-07-17,51421554,723892743,0,6600,97152,723989895
2017-07-18,30596026,735902818,0,100,1486,735904304
2017-07-19,38586840,741579175,20000,20100,301701,741880876
2017-07-20,32696163,741953158,12000,32100,480858,742434016
2017-07-21,38240737,737121569,0,32100,483426,737604995
2017-07-24,35386322,741767979,0,12100,182347,741950326
2017-07-25,17168768,743308089,0,12100,181863,743489952
2017-07-26,25781348,728949717,0,12100,178475,729128192
2017-07-27,55973074,744016248,40000,40100,607114,744623362
2017-07-28,27892854,734647769,0,40100,602703,735250472
2017-07-31,33221800,735396496,12000,52100,794525,736191021
2017-08-01,24639918,740498812,0,52100,798172,741296984
2017-08-02,33237464,705353832,0,52100,777853,706131685
2017-08-03,32496006,709459829,0,52100,771601,710231430
2017-08-04,14001810,688822265,0,12100,178354,689000619
2017-08-07,9027598,681411297,0,12100,179685,681590982
2017-08-08,25693046,677454095,0,12100,180532,677634627
2017-08-09,19589308,680257581,40000,52100,774727,681032308
2017-08-10,30679933,664495734,0,52100,753887,665249621
2017-08-11,18503595,659135542,0,52100,745030,659880572
2017-08-14,29518558,660288834,0,52100,760139,661048973
2017-08-15,24261344,661682941,0,12100,176539,661859480
2017-08-16,23400911,668716069,0,12100,178233,668894302
2017-08-17,79191285,685630074,40000,40100,608718,686238792
2017-08-18,28936405,682654184,12000,52100,784105,683438289
2017-08-21,23927918,673698241,0,52100,786189,674484430
2017-08-22,34909709,676376395,0,12100,183315,676559710
2017-08-23,29566567,675334047,20000,32100,478290,675812337
2017-08-24,20095559,677034782,0,32100,471228,677506010
2017-08-25,13123762,668746460,0,20100,298485,669044945
2017-08-28,44891687,675010738,0,100,1501,675012239
2017-08-29,18113263,665508368,0,100,1494,665509862
2017-08-30,61478074,676822073,20000,20100,304515,677126588
2017-08-31,41795748,688707185,0,20100,303912,689011097
2017-09-01,37496788,695705284,0,20100,305118,696010402
2017-09-04,80505258,704202873,20000,40100,621149,704824022
2017-09-05,60499990,705723522,33000,73100,1141091,706864613
2017-09-06,66551362,722425732,0,73100,1143284,723569016
2017-09-07,55865976,725190381,10000,62100,960066,726150447
2017-09-08,39172939,704435084,0,62100,951993,705387077
2017-09-11,32112456,705252536,0,62100,964413,706216949
2017-09-12,65947848,713733136,0,52100,812760,714545896
2017-09-13,95631019,740656417,0,12100,191422,740847839
2017-09-14,45064888,749036560,0,12100,189607,749226167
2017-09-15,38118049,737344129,0,12100,186703,737530832
2017-09-18,23347650,742213312,0,12100,187913,742401225
2017-09-19,29832444,734515488,0,12100,185856,734701344
2017-09-20,31523242,735719151,0,12100,186945,735906096
2017-09-21,73030591,742612925,20000,32100,501081,743114006
2017-09-22,86680332,743097362,27800,47900,760173,743857535
2017-09-25,66364865,751433836,0,20100,311550,751745386
2017-09-26,94896463,770984997,0,20100,302706,771287703
2017-09-27,48148719,793263958,500,20600,310854,793574812
2017-09-28,45579737,784152738,0,20600,306528,784459266
2017-09-29,22352201,770104439,0,20600,309618,770414057
2017-10-09,66785070,776276878,0,20600,317652,776594530
2017-10-10,66172639,773798474,0,20100,317781,774116255
2017-10-11,126300252,792570521,20000,20100,315570,792886091
2017-10-12,114817851,788269504,32000,52100,841936,789111440
2017-10-13,85953933,781725595,0,100,1608,781727203
2017-10-16,73209805,779912195,21000,21100,330004,780242199
2017-10-17,129574328,798318853,46000,47100,774324,799093177
2017-10-18,140694294,838684549,0,27600,447948,839132497
2017-10-19,89022992,841220370,39500,39600,645876,841866246
2017-10-20,73042754,834049245,7500,39600,649440,834698685
2017-10-23,51386239,830151519,1000,30600,498780,830650299
2017-10-24,57896101,834484076,0,20100,322605,834806681
2017-10-25,109630730,843390448,1100,1200,18660,843409108
2017-10-26,53191063,825427382,10000,11200,175392,825602774
2017-10-27,39316734,822409732,0,11200,175616,822585348
2017-10-30,79562075,835514532,29000,40200,643200,836157732
2017-10-31,57928941,832225125,0,31200,496080,832721205
2017-11-01,91796291,813665109,0,31200,508248,814173357
2017-11-02,77318616,823465343,0,31200,507000,823972343
2017-11-03,83572189,819967357,17500,48700,767512,820734869
2017-11-06,45685970,814692669,0,48700,776765,815469434
2017-11-07,49504135,822315389,7500,48700,778713,823094102
2017-11-08,166042478,840374712,12000,23200,385584,840760296
2017-11-09,111558379,849756987,1700,24900,417075,850174062
2017-11-10,98331915,841011545,8900,33800,566150,841577695
2017-11-13,119095698,860530240,38000,71800,1204804,861735044
2017-11-14,114654721,875590764,100,68200,1115752,876706516
2017-11-15,82898868,843282815,3900,24000,406800,843689615
2017-11-16,93347492,868348863,100,20200,336128,868684991
2017-11-17,150057900,884734734,21000,41200,667028,885401762
2017-11-20,81985167,897508277,4900,46000,735540,898243817
2017-11-21,91177268,893334742,0,46000,713920,894048662
2017-11-22,47632122,888578460,0,46000,727260,889305720
2017-11-23,81172395,894836612,14100,60100,900298,895736910
2017-11-24,44872199,894485168,0,60100,877460,895362628
2017-11-27,36630415,907080574,0,60100,867844,907948418
2017-11-28,22160264,894311473,0,60100,882268,895193741
2017-11-29,25838143,894800165,0,60100,879864,895680029
2017-11-30,23550251,882679306,0,60100,868445,883547751
2017-12-01,20527688,875436835,4000,24100,353306,875790141
2017-12-04,23992939,873186652,28000,52100,768996,873955648
2017-12-05,33219311,866014178,20000,60100,863036,866877214
2017-12-06,28488245,864921717,5700,65800,969234,865890951
2017-12-07,25915570,872916193,0,65800,953442,873869635
2017-12-08,23880902,865733975,2000,67800,995304,866729279
2017-12-11,29670277,863025854,0,67800,1005474,864031328
2017-12-12,25140384,848537485,0,67800,1004118,849541603
2017-12-13,28526606,847664999,0,61100,900614,848565613
2017-12-14,15215355,844120050,0,60100,885273,845005323
2017-12-15,30787626,847904117,0,60100,885874,848789991
2017-12-18,64765002,867152831,0,60100,835991,867988822
2017-12-19,21394145,861819281,0,60100,845607,862664888
2017-12-20,11644457,850271867,0,60100,852819,851124686
2017-12-21,22372876,852565801,0,60100,857026,853422827
2017-12-22,9366564,843761098,0,60100,852819,844613917
2017-12-25,49973660,852428679,0,60100,815557,853244236
2017-12-26,26865966,861048084,0,60100,828178,861876262
2017-12-27,8219426,850207970,0,60100,828178,851036148
2017-12-28,13659858,849980586,5600,65700,897462,850878048
2017-12-29,10849662,846012718,0,65700,908631,846921349
2018-01-02,19423700,837909086,0,65700,922428,838831514
2018-01-03,25379787,838809285,0,65700,923085,839732370
2018-01-04,19950229,830683395,0,65700,929655,831613050
2018-01-05,13603982,832401156,0,25700,363141,832764297
2018-01-08,20445463,830861686,29925,55625,786538,831648224
2018-01-09,36787900,845064588,0,55625,781531,845846119
2018-01-10,27449652,851394967,0,55625,773744,852168711
2018-01-11,28861421,855253352,0,55625,776525,856029877
2018-01-12,16304556,849694534,0,50025,692346,850386880
2018-01-15,41902845,851501961,0,30025,397831,851899792
2018-01-16,26860726,841551420,0,30025,387022,841938442
2018-01-17,21095926,836334834,0,15025,193522,836528356
2018-01-18,13539434,835721285,1200,16225,209303,835930588
2018-01-19,28909301,829608069,0,15125,192390,829800459
2018-01-22,31029768,832143301,0,15125,197533,832340834
2018-01-23,18619408,836874260,0,15025,195175,837069435
2018-01-24,21223950,835095852,0,15025,196978,835292830
2018-01-25,20475958,828575604,0,15025,197429,828773033
2018-01-26,19920772,818610412,0,15025,195776,818806188
2018-01-29,15832674,815228635,12000,27025,351325,815579960
2018-01-30,11690812,810834812,0,27025,353757,811188569
2018-01-31,29551319,819537965,15900,30925,387490,819925455
2018-02-01,17576602,808066947,1400,32325,387900,808454847
2018-02-02,17372600,797128852,10600,41525,498715,797627567
2018-02-05,26811534,804417783,9100,50625,585225,805003008
2018-02-06,24069297,780662101,1400,52025,587883,781249984
2018-02-07,19875868,781136765,0,52025,591004,781727769
2018-02-08,11539865,776910702,0,40025,464290,777374992
2018-02-09,12411157,770256361,0,100,1117,770257478
2018-02-12,16226735,763583941,0,100,1148,763585089
2018-02-13,14208181,754985574,0,100,1157,754986731
2018-02-14,5771514,749757980,0,100,1141,749759121
2018-02-22,10803472,751335981,0,100,1161,751337142
2018-02-23,7670491,745024603,0,100,1163,745025766
2018-02-26,19462726,747875587,0,100,1192,747876779
2018-02-27,23691774,744912741,20200,20300,246645,745159386
2018-02-28,14928061,736389895,5000,14300,174603,736564498
2018-03-01,30108933,738666342,10800,15900,197796,738864138
2018-03-02,20002616,735905490,9200,25100,307224,736212714
2018-03-05,44789413,741311299,19974,20074,255341,741566640
2018-03-06,21498650,736496207,0,20074,254739,736750946
2018-03-07,20145108,738903174,4600,24674,308918,739212092
2018-03-08,20325190,734754508,900,5600,70840,734825348
2018-03-09,25349461,737111016,6500,11700,150930,737261946
2018-03-12,53332672,751832970,20000,20600,268006,752100976
2018-03-13,36183070,758760540,500,21100,278098,759038638
2018-03-14,38741728,766244790,3100,3700,47397,766292187
2018-03-15,25040668,769096586,1000,4200,53424,769150010
2018-03-16,32588530,770449165,41000,42100,536775,770985940
2018-03-19,37831160,759989624,0,600,7890,759997514
2018-03-20,41854303,771219768,24000,24100,307275,771527043
2018-03-21,31462631,776310869,3000,7100,88608,776399477
2018-03-22,23227173,778069831,5000,8100,101655,778171486
2018-03-23,59966823,747760251,41000,49100,554830,748315081
2018-03-26,29769954,748865089,1000,10100,112312,748977401
2018-03-27,33405079,751485327,41100,43200,494208,751979535
2018-03-28,12885481,749223377,5000,47100,530817,749754194
2018-03-29,19793869,742089884,0,7100,81579,742171463
2018-03-30,26376879,731105166,49950,57050,670908,731776074
2018-04-02,42484789,738626458,0,57050,677184,739303642
2018-04-03,40411220,737824515,0,27050,309723,738134238
2018-04-04,25636707,728937064,10000,37050,414219,729351283
2018-04-09,19713758,728627552,0,37050,419036,729046588
2018-04-10,20568700,726405817,0,32050,366332,726772149
2018-04-11,17601406,723239332,0,27050,309993,723549325
2018-04-12,9218158,706943536,5100,32150,362009,707305545
2018-04-13,33299016,706750564,35900,48100,566618,707317182
2018-04-16,24067546,703943855,0,32100,371718,704315573
2018-04-17,27476599,703194071,0,32100,355347,703549418
2018-04-18,25598799,695239538,20000,20100,226125,695465663
2018-04-19,19907164,692964215,0,20100,224919,693189134
2018-04-20,13324824,678541583,500,20600,225776,678767359
2018-04-23,17633721,682100827,0,20600,224540,682325367
2018-04-24,16450480,672695464,20000,40600,462840,673158304
2018-04-25,19991470,677734545,0,40600,462028,678196573
2018-04-26,19917771,680509976,0,40600,448630,680958606
2018-04-27,13836274,678616903,0,40600,452690,679069593
2018-05-02,18183642,679033882,4300,44900,492104,679525986
2018-05-03,21075306,682936096,5600,50500,559035,683495131
2018-05-04,13465373,679760976,0,50500,550955,680311931
2018-05-07,18275836,678195660,0,40600,456344,678652004
2018-05-08,22315361,664548775,0,40600,460810,665009585
2018-05-09,30626743,672709041,0,40600,469336,673178377
2018-05-10,18523739,666037963,0,40600,468524,666506487
2018-05-11,15886532,659863354,4200,44800,506688,660370042
2018-05-14,23561266,663316651,0,40600,463246,663779897
2018-05-15,17615828,650680488,0,40600,462840,651143328
2018-05-16,17061069,648325908,0,40600,453908,648779816
2018-05-17,9343648,642902352,0,40600,455938,643358290
2018-05-18,19771827,650130833,0,40600,462840,650593673
2018-05-21,51975720,651995070,0,40600,479080,652474150
2018-05-22,85069085,672556280,2400,3000,36840,672593120
2018-05-23,32704896,668769669,20000,23000,277840,669047509
2018-05-24,26732024,639481794,11500,14500,176175,639657969
2018-05-25,24790537,636838719,0,3000,35580,636874299
2018-05-28,24224346,629985309,31500,34500,423660,630408969
2018-05-29,21206882,628203915,0,23100,281589,628485504
2018-05-30,18362475,614575035,0,23000,269790,614844825
2018-05-31,11937310,613322902,0,23000,272550,613595452
2018-06-01,11209097,608550882,0,23000,271860,608822742
2018-06-04,48760651,616104021,31500,34500,427800,616531821
2018-06-05,21288481,602027403,0,34500,430905,602458308
2018-06-06,16082920,601593463,0,34500,428835,602022298
2018-06-07,14207310,600957474,0,34500,430215,601387689
2018-06-08,12370028,597374701,0,34500,428145,597802846
2018-06-11,15783677,599612996,20000,29000,348580,599961576
2018-06-12,13065043,590435457,5500,8500,104550,590540007
2018-06-13,26800545,595051749,26000,29000,359020,595410769
2018-06-14,36117987,609446334,35500,44500,560700,610007034
2018-06-15,28431759,600004015,30000,43000,517290,600521305
2018-06-19,31249797,596867746,20000,63000,686700,597554446
2018-06-20,16625119,591622153,0,43000,479020,592101173
2018-06-21,24916082,594067170,31500,74500,785230,594852400
2018-06-22,6315311,579174190,0,43000,467840,579642030
2018-06-25,9930205,578294948,2300,45300,487881,578782829
2018-06-26,8479816,575938112,9200,53200,580944,576519056
2018-06-27,8985031,573023786,13000,65200,715244,573739030
2018-06-28,10569976,570274133,7000,72200,772540,571046673
2018-06-29,11319116,567730120,0,52200,574722,568304842
2018-07-02,9805039,566182125,0,52200,562194,566744319
2018-07-03,30304303,588522896,1000,44000,480920,589003816
2018-07-04,12227264,582306973,6000,30000,316800,582623773
2018-07-05,13145008,582345208,20000,44000,442200,582787408
2018-07-06,12391921,579668836,10500,54500,548270,580217106
2018-07-09,8875317,568703911,0,54500,567890,569271801
2018-07-10,7980771,556734379,0,54500,584785,557319164
2018-07-11,8025372,556452608,0,53500,560680,557013288
2018-07-12,20917172,558736872,0,53500,575125,559311997
2018-07-13,12205866,556011464,0,53500,572450,556583914
2018-07-16,11105012,562001948,0,53500,567635,562569583
2018-07-17,8261632,560874710,0,53500,564960,561439670
2018-07-18,12106830,559150778,0,53500,561215,559711993
2018-07-19,13898771,558724327,0,53500,568705,559293032
2018-07-20,12774358,557546915,1000,54500,588600,558135515
2018-07-23,16728812,560110080,0,54500,593505,560703585
2018-07-24,18418008,554107153,0,53500,589570,554696723
2018-07-25,12855688,549532729,0,53500,584755,550117484
2018-07-26,14212212,552796177,0,13500,146205,552942382
2018-07-27,6257594,547270442,0,13500,145395,547415837
2018-07-30,7261311,545578295,0,11100,119436,545697731
2018-07-31,13695695,545994955,1000,12100,128381,546123336
2018-08-01,7076727,543135141,0,12100,126324,543261465
2018-08-02,15938643,532355088,1500,13600,137224,532492312
2018-08-03,4013014,530176365,2400,16000,159840,530336205
2018-08-06,12739629,525467916,32200,48200,457900,525925816
2018-08-07,4766451,522644268,0,47200,462088,523106356
2018-08-08,4767293,521027563,0,47200,454536,521482099
2018-08-09,10822907,523205168,0,47200,468224,523673392
2018-08-10,4672071,520357825,0,47200,468224,520826049
2018-08-13,4444700,516525662,300,47500,475950,517001612
2018-08-14,4450981,516316192,0,47500,472625,516788817
2018-08-15,3789388,513499766,0,47500,459800,513959566
2018-08-16,3721401,513141689,700,48200,468022,513609711
2018-08-17,5055916,513750879,0,48200,462720,514213599
2018-08-20,2940101,509412407,0,47500,460750,509873157
2018-08-21,5256082,509937270,0,47500,465025,510402295
2018-08-22,8298438,511344316,0,47200,466336,511810652
2018-08-23,25754490,510080857,6300,19800,205722,510286579
2018-08-24,16821421,514452079,1000,20800,215072,514667151
2018-08-27,11430551,506679010,0,20800,218192,506897202
2018-08-28,9038438,506879572,0,20800,216944,507096516
2018-08-29,8400845,506504893,0,20800,216944,506721837
2018-08-30,4590131,501230951,0,20800,216112,501447063
2018-08-31,9077199,502068624,0,20800,210288,502278912
2018-09-03,4214900,499157073,31600,52400,539720,499696793
2018-09-04,8727654,497798856,6000,58400,614368,498413224
2018-09-05,7324157,492798151,3800,62200,638794,493436945
2018-09-06,3416537,492451202,0,62200,638172,493089374
2018-09-07,4395058,490074723,0,62200,636306,490711029
2018-09-10,4346389,482190476,0,62200,629464,482819940
2018-09-11,4891671,482889615,0,62200,625732,483515347
2018-09-12,3984699,482181442,0,62200,630708,482812150
2018-09-13,8499573,478538261,36000,98200,1036010,479574271
2018-09-14,6401100,478455123,29900,127600,1333420,479788543
2018-09-17,5796576,477667989,14100,132100,1383087,479051076
2018-09-18,7433289,476834918,6000,89800,939308,477774226
2018-09-19,16003977,476000315,27200,115700,1202123,477202438
2018-09-20,7210517,472039875,0,100900,1038261,473078136
2018-09-21,8983551,470840082,19600,116300,1218824,472058906
2018-09-25,8367843,470006798,15900,120000,1228800,471235598
2018-09-26,10821743,474359797,15290,119390,1217778,475577575
2018-09-27,27333728,484247537,9300,114290,1105184,485352721
2018-09-28,18435387,491925710,28000,127790,1220395,493146105
2018-10-08,13028097,496192668,4500,119690,1099951,497292619
2018-10-09,5330716,493621391,0,116190,1072434,494693825
2018-10-10,11294490,493276441,5600,109690,989404,494265845
2018-10-11,25974489,488001898,28000,119690,971883,488973781
2018-10-12,16078168,475031917,37000,126290,987588,476019505
2018-10-15,4971017,462714355,3300,103690,819151,463533506
2018-10-16,4123291,458393066,16000,114290,889176,459282242
2018-10-17,4616425,455019698,24100,124890,997871,456017569
2018-10-18,7256123,457577437,27900,125785,981123,458558560
2018-10-19,8938164,456480739,29150,118535,957763,457438502
2018-10-22,11855205,450995243,0,95735,806089,451801332
2018-10-23,8415042,454663530,17163,107798,886100,455549630
2018-10-24,3759098,449051509,20500,111098,918780,449970289
2018-10-25,5150009,448938229,19748,110346,925803,449864032
2018-10-26,8737975,447202093,3400,107946,904587,448106680
2018-10-29,2372480,443237569,51700,151046,1270297,444507866
2018-10-30,7712542,442673205,15342,107888,917048,443590253
2018-10-31,6638273,441769997,0,92688,799897,442569894
2018-11-01,23213281,444884157,197700,285888,2498661,447382818
2018-11-02,31556529,435082409,42800,302988,2911715,437994124
2018-11-05,34724363,435608837,12300,107888,1024936,436633773
2018-11-06,11566247,437558230,50800,144333,1359617,438917847
2018-11-07,10739592,435063007,29858,140293,1308934,436371941
2018-11-08,15987706,438402769,11500,139993,1287936,439690705
2018-11-09,6601580,436397566,22749,135242,1249636,437647202
2018-11-12,12661186,437429361,97000,213342,2013949,439443310
2018-11-13,13132781,433428665,27000,208993,2000063,435428728
2018-11-14,12191260,432194799,26100,138193,1294868,433489667
2018-11-15,10340553,428315817,91900,222093,2134314,430450131
2018-11-16,11319275,416661059,3700,159093,1532066,418193125
2018-11-19,9683257,415164097,58500,199293,1945100,417109197
2018-11-20,25908056,426995689,125100,262793,2512301,429507990
2018-11-21,5108817,422948985,2500,202693,1933691,424882676
2018-11-22,11167724,427962696,1100,201793,1939231,429901927
2018-11-23,9262060,429837740,54900,255693,2365160,432202900
2018-11-26,5063126,426549267,8800,193893,1807083,428356350
2018-11-27,2332953,424760804,2100,190593,1780139,426540943
2018-11-28,6460335,415575338,10000,183593,1773508,417348846
2018-11-29,6799501,407558703,10900,174293,1661012,409219715
2018-11-30,6114611,404943715,30500,184192,1792188,406735903
2018-12-03,19159595,394413884,61100,231892,2346747,396760631
2018-12-04,16687019,398150260,0,190192,1936155,400086415
2018-12-05,11647137,395694859,2000,192192,1946905,397641764
2018-12-06,6840205,395602469,3600,193792,1951485,397553954
2018-12-07,4820655,390441410,0,193792,1968927,392410337
2018-12-10,10406097,385955216,0,186692,1838916,387794132
2018-12-11,6978338,383777738,0,186692,1883722,385661460
2018-12-12,6096460,381098103,39900,226592,2288579,383386682
2018-12-13,9570388,378526888,0,178192,1789048,380315936
2018-12-14,5658665,376092373,9500,177392,1756181,377848554
2018-12-17,3347993,376268205,0,162492,1620045,377888250
2018-12-18,9147234,380939679,7600,161792,1572618,382512297
2018-12-19,2087060,376832967,0,161792,1567764,378400731
2018-12-20,7466120,380816930,700,158392,1509476,382326406
2018-12-21,1845364,378517957,0,152192,1447346,379965303
2018-12-24,4739568,379479613,6500,158692,1523443,381003056
2018-12-25,4877834,378810455,10800,169492,1606784,380417239
2018-12-26,2449990,378332918,0,158692,1493292,379826210
2018-12-27,2608454,376568631,0,158692,1475836,378044467
2018-12-28,2032446,372265671,0,144492,1369784,373635455
2019-01-02,3875251,373295357,0,143792,1348769,374644126
2019-01-03,8178127,375480142,3900,144092,1292505,376772647
2019-01-04,5228639,372589918,0,140192,1286963,373876881
2019-01-07,5187676,369552229,1700,141892,1373515,370925744
2019-01-08,4666384,368378852,0,140592,1359525,369738377
2019-01-09,7416030,365493220,7300,146192,1418062,366911282
2019-01-10,3437211,362951919,3400,145792,1406893,364358812
2019-01-11,4290172,362169660,6600,148992,1434793,363604453
2019-01-14,7983645,366420106,0,148992,1437773,367857879
2019-01-15,6511762,361062475,1300,150292,1456329,362518804
2019-01-16,2762336,356982460,0,148992,1431813,358414273
2019-01-17,9283365,361565066,1300,150292,1397716,362962782
2019-01-18,2574947,357218547,0,150292,1418756,358637303
2019-01-21,4518466,353820516,0,150292,1442803,355263319
2019-01-22,8665379,357398978,10399,160691,1484785,358883763
2019-01-23,4117547,354530852,0,160691,1486392,356017244
2019-01-24,1775209,352373199,0,160691,1497640,353870839
2019-01-25,6386705,353478774,0,160691,1497640,354976414
2019-01-28,7123660,353394182,0,160691,1473536,354867718
2019-01-29,4920418,352430633,400,143891,1306530,353737163
2019-01-30,5898610,353890873,0,113103,1005486,354896359
2019-01-31,6582559,353466829,3600,101600,884936,354351765
2019-02-01,6337929,346139011,0,101600,927608,347066619
2019-02-11,4650483,342736849,3000,99700,934189,343671038
2019-02-12,3965090,333574423,1300,44900,431489,334005912
2019-02-13,10280793,330275041,17900,62800,623604,330898645
2019-02-14,4601169,325787132,26100,88900,893445,326680577
2019-02-15,6758274,318486485,26700,115600,1167560,319654045
2019-02-18,13167961,316005888,0,115600,1189524,317195412
2019-02-19,10778943,313548801,13800,106300,1098079,314646880
2019-02-20,8460403,314711950,0,99700,1034886,315746836
2019-02-21,12156152,317823846,19600,98000,1004500,318828346
2019-02-22,14624619,322507583,3700,99200,1037632,323545215
2019-02-25,25713826,318142260,39500,115600,1272756,319415016
2019-02-26,32628643,329223904,36889,68789,739482,329963386
2019-02-27,28688820,331050488,41850,73739,799331,331849819
2019-02-28,11969791,334160635,29500,93539,1025187,335185822
2019-03-01,13817795,330751028,51500,108139,1191692,331942720
2019-03-04,24687666,319135569,37000,115739,1293962,320429531
2019-03-05,19112097,313773210,0,104939,1205749,314978959
2019-03-06,22062322,314707332,18663,98902,1148252,315855584
2019-03-07,27096070,320509764,38300,105802,1239999,321749763
2019-03-08,47257948,336864947,48800,116302,1347940,338212887
2019-03-11,35310421,347189573,38300,116502,1364238,348553811
2019-03-12,48582250,353943131,38100,116202,1375832,355318963
2019-03-13,57361770,349739750,38400,116702,1436602,351176352
2019-03-14,35710464,354181430,37900,116202,1353753,355535183
2019-03-15,39484750,342826025,38400,116802,1433161,344259186
2019-03-18,21884653,331940924,37800,94102,1159337,333100261
2019-03-19,25519196,327857619,38000,94169,1177113,329034732
2019-03-20,24559204,334561155,60400,116569,1431467,335992622
2019-03-21,19280032,330772166,38000,116669,1432695,332204861
2019-03-22,18550575,321348416,31900,110569,1365527,322713943
2019-03-25,19256434,324141324,6300,116669,1393028,325534352
2019-03-26,8753838,318400509,2000,117769,1390852,319791361
2019-03-27,9752832,318913115,17100,110369,1302354,320215469
2019-03-28,23517066,324061341,38300,118969,1415731,325477072
2019-03-29,25196285,326674077,39200,97469,1189122,327863199
2019-04-01,40529480,336374208,62200,128969,1622430,337996638
2019-04-02,37226780,335918035,11200,119569,1510156,337428191
2019-04-03,28779237,339572301,28600,101369,1273195,340845496
2019-04-04,36962305,345561871,53700,122469,1552907,347114778
2019-04-08,33917933,355965158,47800,126369,1550548,357515706
2019-04-09,16862504,353782088,15500,115769,1427432,355209520
2019-04-10,15596128,353053634,39000,118469,1453615,354507249
2019-04-11,14864056,357353463,38600,102469,1222455,358575918
2019-04-12,10130557,352770581,72900,134869,1652145,354422726
2019-04-15,22794976,359420303,40300,136954,1637970,361058273
2019-04-16,15994492,356358007,17600,105954,1303234,357661241
2019-04-17,15630583,357564565,12644,110298,1334606,358899171
2019-04-18,24295479,361496527,18500,128798,1586791,363083318
2019-04-19,18077939,366466729,38180,141778,1729692,368196421
2019-04-22,14053868,365145421,7900,126678,1537871,366683292
2019-04-23,10891762,362268748,0,109678,1305168,363573916
2019-04-24,13472733,358815333,3900,113578,1375430,360190763
2019-04-25,16702291,364810160,44600,113178,1313997,366124157
2019-04-26,14623968,366605534,31900,129878,1507884,368113418
2019-04-29,13472831,365141833,33500,127778,1497558,366639391
2019-04-30,19078020,376378274,15500,129178,1499757,377878031
2019-05-06,21556927,372784662,35000,81178,848310,373632972
2019-05-07,11429930,367563078,60700,110578,1164386,368727464
2019-05-08,6726591,361895302,27900,122678,1299160,363194462
2019-05-09,6283415,359430530,30400,91678,948867,360379397
2019-05-10,9845624,358809210,63700,111278,1191787,360000997
2019-05-13,23668899,366411001,22800,101378,993504,367404505
2019-05-14,10829295,350376355,50745,73023,758709,351135064
2019-05-15,14831792,355916948,22400,51666,531643,356448591
2019-05-16,7821680,359861423,20900,41500,421225,360282648
2019-05-17,9076090,361315061,56500,82600,813610,362128671
2019-05-20,16153933,367194114,57766,83066,803248,367997362
2019-05-21,8770425,368051175,44400,106366,1030687,369081862
2019-05-22,8279739,369065274,26600,110966,1059725,370124999
2019-05-23,10477410,371169568,32100,82566,762084,371931652
2019-05-24,2598920,367104024,3800,86366,802340,367906364
2019-05-27,4292061,364967389,41400,109066,1039399,366006788
2019-05-28,4279643,360088924,15200,90266,872872,360961796
2019-05-29,9895144,361110593,33447,102413,993406,362103999
2019-05-30,11462919,365442603,23500,90813,851826,366294429
2019-05-31,2522107,357467554,15400,91413,864767,358332321
2019-06-03,3510620,358322193,10100,84413,795170,359117363
2019-06-04,5266918,358878249,9700,84613,783516,359661765
2019-06-05,4812496,358910841,4800,87413,819060,359729901
2019-06-06,5267862,358895029,13800,82913,747875,359642904
2019-06-10,3551406,358392330,17500,100413,923800,359316130
2019-06-11,7951116,357064739,23400,105613,1022334,358087073
2019-06-12,16290438,368543361,770,106383,1007447,369550808
2019-06-13,3406163,368880762,8300,94713,900721,369781483
2019-06-14,8153578,373623694,200,89813,840650,374464344
2019-06-17,4109562,375685399,24100,110913,1027054,376712453
2019-06-18,4011928,377134650,12600,123513,1162257,378296907
2019-06-19,7533223,367448394,3100,109413,1065683,368514077
2019-06-20,9141470,363610861,20300,112313,1114145,364725006
2019-06-21,8613625,358548175,0,103713,1042316,359590491
2019-06-24,8183420,359552424,3200,103713,1031944,360584368
2019-06-25,5799078,356122868,5000,102713,1032266,357155134
2019-06-26,10453232,359970569,8699,103412,1012403,360982972
2019-06-27,6592211,349259556,20300,102012,1045623,350305179
2019-06-28,12910775,356412662,500,102512,1023070,357435732
2019-07-01,15788209,361365287,7100,93012,945932,362311219
2019-07-02,9141592,359572304,100,93112,939500,360511804
2019-07-03,37885683,358083498,39700,119712,1300072,359383570
2019-07-04,27167835,349967265,500,108612,1192560,351159825
2019-07-05,23574729,351158066,13200,101812,1120950,352279016
2019-07-08,20456744,357096339,33600,104557,1142808,358239147
2019-07-09,21100352,362109597,15900,107457,1140119,363249716
2019-07-10,6611855,353948226,5400,107057,1126240,355074466
2019-07-11,5043084,350284170,10700,104257,1099911,351384081
2019-07-12,13081516,347974110,29500,109757,1184278,349158388
2019-07-15,10091600,348282801,49400,104557,1130261,349413062
2019-07-16,9438906,349159089,2700,106257,1131637,350290726
2019-07-17,8069384,350823327,3100,108357,1140999,351964326
2019-07-18,11893995,345228544,12500,107457,1098211,346326755
2019-07-19,2875447,337054746,3000,107357,1111145,338165891
2019-07-22,5328621,335650426,32000,115057,1170130,336820556
2019-07-23,5644159,334744376,5600,118657,1235219,335979595
2019-07-24,5002327,333204016,7300,123457,1296299,334500315
2019-07-25,7506754,332967434,2500,116757,1245797,334213231
2019-07-26,4859477,333005816,1900,118657,1267257,334273073
2019-07-29,2807624,331065472,200,117157,1248894,332314366
2019-07-30,9410539,327860393,10200,116557,1261147,329121540
2019-07-31,11995353,332305218,4900,118957,1291873,333597091
2019-08-01,4886203,330870173,2800,118957,1293063,332163236
2019-08-02,14710085,335730349,14900,104157,1078025,336808374
2019-08-05,13305621,328447111,23200,127357,1353805,329800916
2019-08-06,11638583,327597103,14700,103957,1065559,328662662
2019-08-07,8543072,323634824,7700,106857,1054679,324689503
2019-08-08,3024816,321516191,15800,122657,1233929,322750120
2019-08-09,4286662,323347352,600,111457,1097851,324445203
2019-08-12,4624645,324260571,9200,96457,966499,325227070
2019-08-13,3302545,320958929,28900,116357,1183351,322142280
2019-08-14,4097547,319551549,1300,106157,1098725,320650274
2019-08-15,3610559,318811859,18300,111757,1161155,319973014
2019-08-16,4940299,317841652,1000,94757,991158,318832810
2019-08-19,5319924,309550681,35500,120257,1327637,310878318
2019-08-20,6617873,309136645,3300,115257,1253996,310390641
2019-08-21,5391356,310341573,11600,124257,1359372,311700945
2019-08-22,3768437,309475616,500,123257,1349664,310825280
2019-08-23,8088402,309170265,2600,121857,1334334,310504599
2019-08-26,6142612,304756453,1500,121757,1345415,306101868
2019-08-27,22557274,319536137,4100,109257,1205105,320741242
2019-08-28,7133952,319649337,3500,110757,1222757,320872094
2019-08-29,18306849,328600303,67300,174757,1883880,330484183
2019-08-30,5736542,322809549,200,171457,1827732,324637281
2019-09-02,5163785,313257525,3800,174557,1914890,315172415
2019-09-03,8303732,309554894,700,163357,1798561,311353455
2019-09-04,10344158,309939150,13800,174557,1923618,311862768
2019-09-05,15858030,306797013,16249,169106,1904134,308701147
2019-09-06,15557362,314386955,9100,178206,2006600,316393555
2019-09-09,20061449,315504154,1100,178706,2060480,317564634
2019-09-10,17188446,321781573,300,108606,1242453,323024026
2019-09-11,25220827,330802881,14400,122706,1369399,332172280
2019-09-12,24521760,318009943,16300,121506,1442276,319452219
2019-09-16,29993406,329219584,10800,132306,1569149,330788733
2019-09-17,19608319,336277546,1200,104606,1214476,337492022
2019-09-18,21764918,344931183,7300,110906,1285401,346216584
2019-09-19,10409701,338739015,24200,134606,1593735,340332750
2019-09-20,23803902,336210444,4400,135506,1580000,337790444
2019-09-23,10303808,337634210,4200,108006,1226948,338861158
2019-09-24,9949028,331229725,7900,104406,1174568,332404293
2019-09-25,6137553,326525983,10500,110106,1233187,327759170
2019-09-26,7353902,325063685,1200,109206,1193622,326257307
2019-09-27,3569560,317207562,2800,109006,1218687,318426249
2019-09-30,3802483,312736178,1800,107006,1173856,313910034
2019-10-08,6609670,310925690,4000,100306,1096345,312022035
2019-10-09,5569708,311898875,0,89506,975615,312874490
2019-10-10,6046153,305733795,9200,96706,1084074,306817869
2019-10-11,7702321,306189573,0,82206,924818,307114391
2019-10-14,15760702,312419419,9800,84706,963954,313383373
2019-10-15,18964166,319902116,9000,88906,990413,320892529
2019-10-16,15700755,320683380,8800,97306,1089827,321773207
2019-10-17,13470254,326462675,1900,92206,1032707,327495382
2019-10-18,13229252,325345765,15200,92306,995059,326340824
2019-10-21,5772828,325937725,22300,100965,1071239,327008964
2019-10-22,6420422,326882474,17300,103265,1107001,327989475
2019-10-23,5477099,326226171,3600,102365,1088140,327314311
2019-10-24,3262020,324610195,0,101265,1077460,325687655
2019-10-25,9465725,327313438,1000,93165,987549,328300987
2019-10-28,18908281,338835623,9700,102865,1121229,339956852
2019-10-29,13281508,339447304,100,93265,990474,340437778
2019-10-30,18922110,350375108,15300,107565,1101466,351476574
2019-10-31,4677188,350524451,200,92065,934460,351458911
2019-11-01,6998238,348090583,18900,110965,1149597,349240180
2019-11-04,10175098,350056073,1000,110965,1144049,351200122
2019-11-05,5406054,349110078,1000,110965,1155146,350265224
2019-11-06,3310833,344052483,0,110965,1162913,345215396
2019-11-07,11135958,351756308,2600,112565,1178556,352934864
2019-11-08,16191671,356480779,4000,101065,1059161,357539940
2019-11-11,15699434,365304847,3800,82166,818373,366123220
2019-11-12,7034816,365442406,500,72866,724288,366166694
2019-11-13,6696703,369054381,2600,75466,743340,369797721
2019-11-14,4173602,366313345,2200,77166,769345,367082690
2019-11-15,2808924,362868330,5000,78066,774415,363642745
2019-11-18,3171377,361988006,100,78166,773843,362761849
2019-11-19,12177868,369883429,0,78166,785568,370668997
2019-11-20,7398298,369477372,0,78166,769935,370247307
2019-11-21,2395555,368859240,0,78166,776188,369635428
2019-11-22,8943315,373024121,6200,64666,629847,373653968
2019-11-25,5102338,374226516,2400,60866,605008,374831524
2019-11-26,6753431,377434018,3700,60866,595878,378029896
2019-11-27,2863176,377802709,4400,65266,638301,378441010
2019-11-28,3583358,377426551,13200,78466,768967,378195518
2019-11-29,3221772,375739486,5000,77066,759100,376498586
2019-12-02,3941021,376039302,0,77066,756017,376795319
2019-12-03,7451072,375010583,1800,77366,755092,375765675
2019-12-04,3823420,370363522,27000,103966,1019906,371383428
2019-12-05,6275881,362490306,600,102066,1026784,363517090
2019-12-06,9097777,355403053,52300,151666,1533343,356936396
2019-12-09,7200619,355131321,4300,111466,1120234,356251555
2019-12-10,7255359,354887954,3000,105766,1056602,355944556
2019-12-11,4988115,350807287,1200,104166,1041660,351848947
2019-12-12,2708025,343553028,4500,106266,1059472,344612500
2019-12-13,23094024,339392517,20800,125766,1330604,340723121
2019-12-16,21402211,342869641,3200,116066,1244228,344113869
2019-12-17,28413894,349957768,12000,127066,1357065,351314833
2019-12-18,28648636,355541085,2200,127766,1387539,356928624
2019-12-19,22529141,360597118,5600,133366,1435018,362032136
2019-12-20,18383773,357562411,8000,126366,1335689,358898100
2019-12-23,17493097,363592315,1000,121966,1251371,364843686
2019-12-24,10783333,360676253,0,116466,1218234,361894487
2019-12-25,10982404,360019267,0,116466,1214740,361234007
2019-12-26,13583913,361969201,1400,114866,1209539,363178740
2019-12-27,22541972,360795811,5600,120466,1262484,362058295
2019-12-30,12983146,352246009,0,120166,1278566,353524575
2019-12-31,15515279,352026268,8800,128966,1385095,353411363
2020-01-02,30867485,351052521,20000,147766,1625426,352677947
2020-01-03,15436970,346888601,4000,149166,1645301,348533902
2020-01-06,23234622,347809170,2000,149166,1651268,349460438
2020-01-07,20420907,348154803,140100,271966,3040580,351195383
2020-01-08,14212027,339848697,19500,285466,3145835,342994532
2020-01-09,26585059,348699597,8400,290866,3263517,351963114
2020-01-10,19623305,345401139,0,286266,3211905,348613044
2020-01-13,13051841,343909684,4200,277866,3120435,347030119
2020-01-14,12147776,340361864,2500,278566,3114368,343476232
2020-01-15,9400957,340119530,2500,278466,3090973,343210503
2020-01-16,24117162,341577729,1100,273166,3089507,344667236
2020-01-17,18849910,349501389,0,271566,3011667,352513056
2020-01-20,15603341,347816756,600,270966,3018561,350835317
2020-01-21,45617466,338554063,18000,288366,3445974,342000037
2020-01-22,37105612,335173323,2700,226666,2756259,337929582
2020-01-23,33673399,339068539,3500,225266,2635612,341704151
2020-02-03,54091652,360750425,2500,192466,2026667,362777092
2020-02-04,17126185,330846312,2500,194966,2216763,333063075
2020-02-05,59427925,356789145,0,191166,2213702,359002847
2020-02-06,41502138,345692606,100,191166,2349430,348042036
2020-02-07,51061033,338999261,1500,188666,2330025,341329286
2020-02-10,48903713,352383141,6100,193666,2492481,354875622
2020-02-11,35960523,354919133,38600,222500,2816850,357735983
2020-02-12,26379113,343997283,26300,224500,2891560,346888843
2020-02-13,49846093,352130457,23100,245300,3117763,355248220
2020-02-14,31049529,349920862,31400,263700,3330531,353251393
2020-02-17,36263393,348136261,11600,262600,3413800,351550061
2020-02-18,46675646,357520117,36500,161700,2110185,359630302
2020-02-19,72486712,377653643,59400,206400,2720352,380373995
2020-02-20,58955140,397842365,12700,194000,2543340,400385705
2020-02-21,67509664,386923538,5900,172600,2240348,389163886
2020-02-24,63268113,404505350,0,166700,2150430,406655780
2020-02-25,61325425,397524991,9100,165100,2085213,399610204
2020-02-26,26011249,380846168,15200,171700,2130797,382976965
2020-02-27,32920159,378732849,9000,156500,1923385,380656234
2020-02-28,39526042,378372661,0,119600,1349088,379721749
2020-03-02,32577464,372896900,4100,111700,1297954,374194854
2020-03-03,34492637,369983852,1800,108900,1275219,371259071
2020-03-04,27599352,373325169,500,100500,1192935,374518104
2020-03-05,46769307,380215479,33600,133900,1633580,381849059
2020-03-06,124805659,438782618,44200,163500,2122230,440904848
2020-03-09,119368259,479632334,48448,165448,2107808,481740142
2020-03-10,76226042,482188483,4800,146148,1785929,483974412
2020-03-11,55868245,470167579,34400,150948,1796281,471963860
2020-03-12,39652398,460248077,17800,129648,1483173,461731250
2020-03-13,35129265,447503130,39000,163648,1796855,449299985
2020-03-16,31910547,448265431,16800,160448,1681495,449946926
2020-03-17,83532979,466870739,93800,233348,2629832,469500571
2020-03-18,32438101,446141832,16800,156348,1751098,447892930
2020-03-19,44463172,456603547,34700,163448,1739087,458342634
2020-03-20,29144933,450926518,52100,194348,2056202,452982720
2020-03-23,38492213,447230817,23100,213448,2053369,449284186
2020-03-24,18365010,438558680,25300,224348,2223289,440781969
2020-03-25,26405447,438128816,67600,272548,2782715,440911531
2020-03-26,11866943,426820298,90600,362148,3599751,430420049
2020-03-27,11727398,421461492,116300,461448,4563721,426025213
2020-03-30,8590735,418917664,27000,485648,4647651,423565315
2020-03-31,10500643,408211558,28700,508548,4754924,412966482
2020-04-01,9718945,406831518,2000,482548,4434616,411266134
2020-04-02,11518541,403393225,7900,476648,4523390,407916615
2020-04-03,17802238,402754080,11900,418848,3932983,406687063
2020-04-07,8639313,395947624,5400,393448,3871528,399819152
2020-04-08,18173136,403703105,59785,442733,4369775,408072880
2020-04-09,12491188,399861163,28300,467833,4626869,404488032
2020-04-10,102751938,433991582,58100,524933,5711271,439702853
2020-04-13,80033743,427192746,80500,531433,5473760,432666506
2020-04-14,40886209,430855360,42600,543633,5583111,436438471
2020-04-15,42671610,436761822,47200,587133,6047470,442809292
2020-04-16,28363189,438878708,5500,549933,5592818,444471526
2020-04-17,26496308,432338726,17700,546833,5533950,437872676
2020-04-20,20284876,434027073,43700,517333,5245757,439272830
2020-04-21,16016648,434358723,29900,539133,5407504,439766227
2020-04-22,17900578,431220162,46100,570248,5753802,436973964
2020-04-23,27849127,441873457,17600,494148,5035368,446908825
2020-04-24,32475579,435480060,23300,472048,4578866,440058926
2020-04-27,18447163,436211807,50400,504748,4769869,440981676
2020-04-28,20788235,432928345,51500,471848,4397623,437325968
2020-04-29,6174220,428222587,51900,508448,4830256,433052843
2020-04-30,16121176,419694955,40100,510648,5009457,424704412
2020-05-06,15651202,421588228,42200,521048,5168796,426757024
2020-05-07,17526755,413491185,52900,571248,5632505,419123690
2020-05-08,23585050,419139637,7300,558748,5598655,424738292
2020-05-11,17572587,422402201,98400,605248,6076690,428478891
2020-05-12,35305554,431411971,107500,670748,6841630,438253601
2020-05-13,14009152,430668289,42135,704883,7175709,437843998
2020-05-14,12131063,431156895,42600,738783,7402606,438559501
2020-05-15,8410604,426408460,101600,826783,8333973,434742433
2020-05-18,9139061,418136192,15800,719783,7190633,425326825
2020-05-19,9727884,407912990,61000,731983,7458907,415371897
2020-05-20,5276152,399615832,21300,752583,7744079,407359911
2020-05-21,13740339,399272189,27700,773483,7897261,407169450
2020-05-22,8287805,397416319,48500,789783,7818852,405235171
2020-05-25,6665142,393925860,34000,808883,7854254,401780114
2020-05-26,29412553,392890263,15300,678051,7024608,399914871
2020-05-27,32411491,405078251,103000,758151,7869607,412947858
2020-05-28,13760493,401826297,21100,735851,7520398,409346695
2020-05-29,37028656,412242467,38900,764251,8162201,420404668
2020-06-01,44992220,418463229,34800,795851,8778236,427241465
2020-06-02,33400492,417211255,7100,773951,8606335,425817590
2020-06-03,23227837,418020915,9600,773051,8526752,426547667
2020-06-04,44765479,420105436,13100,772651,9055470,429160906
2020-06-05,25992490,400499730,0,759151,8889658,409389388
2020-06-08,31498671,404730188,43600,800351,9308082,414038270
2020-06-09,22408365,402604447,3300,756851,8726492,411330939
2020-06-10,30225119,418760671,12400,762851,8727015,427487686
2020-06-11,17476047,422239064,19800,620483,7005253,429244317
2020-06-12,19213017,427067480,23300,607783,6807170,433874650
2020-06-15,24340590,421287458,39600,600883,6621731,427909189
2020-06-16,25674441,418605140,81900,674383,7775636,426380776
2020-06-17,89535911,438875325,38200,642583,7826661,446701986
2020-06-18,52497098,453365219,24100,620345,7456547,460821766
2020-06-19,31948052,448823073,63900,584045,7142870,455965943
2020-06-22,68576910,478832313,62200,568945,6810272,485642585
2020-06-23,30831899,468854958,84900,618345,7253187,476108145
2020-06-24,29943595,458084488,52200,581745,6788964,464873452
2020-06-29,34369665,469774541,74900,625145,7326700,477101241
2020-06-30,32255002,471281141,47400,659345,7833018,479114159
2020-07-01,33570056,464134427,121800,777345,9180445,473314872
2020-07-02,41604469,452705082,84600,838645,10155991,462861073
2020-07-03,41984996,451049272,30700,783745,9600876,460650148
2020-07-06,48049295,448613655,60800,774226,9886866,458500521
2020-07-07,45362230,414758299,42500,685206,9058424,423816723
2020-07-08,37182209,405830780,17677,660782,8854479,414685259
2020-07-09,80386492,425264327,90505,719187,9716217,434980544
2020-07-10,66040143,403470854,17900,656388,9189432,412660286
2020-07-13,59840899,404936638,178300,813588,12049238,416985876
2020-07-14,63091940,415999951,177700,920888,13518635,429518586
2020-07-15,126303425,477956467,108965,1003553,14802407,492758874
2020-07-16,58237823,456833423,77034,1004257,14190152,471023575
2020-07-17,50080765,430750421,69500,972757,14639992,445390413
2020-07-20,64658904,442437662,129100,1058357,16129361,458567023
2020-07-21,48629175,458443518,61000,1115657,17125335,475568853
2020-07-22,137543853,473952776,61600,1112992,18386629,492339405
2020-07-23,94761678,481020295,85100,1169692,20153793,501174088
2020-07-24,47299696,433228256,76600,1140216,18767955,451996211
2020-07-27,33990782,423094219,49000,1154616,18623956,441718175
2020-07-28,51040796,437169291,89500,1221016,19963611,457132902
2020-07-29,67836033,423282752,57500,1216316,21382836,444665588
2020-07-30,35107299,415307160,61200,1240316,21618708,436925868
2020-07-31,75409049,408836815,62500,1242044,22915712,431752527
2020-08-03,56325177,413524934,40856,1224400,23728872,437253806
2020-08-04,52961148,402531079,89700,1277800,25581556,428112635
2020-08-05,111048277,453375276,45900,1264800,27850896,481226172
2020-08-06,72598765,452413637,82856,1225042,26522160,478935797
2020-08-07,43344116,418906962,135071,1288784,28095491,447002453
2020-08-10,86027279,419789820,57809,1012709,21317523,441107343
2020-08-11,40536055,410635466,51600,1001609,21153983,431789449
2020-08-12,28394911,381569535,8500,893499,18584779,400154314
2020-08-13,50559214,389382841,177373,1060372,23105506,412488347
2020-08-14,46188428,393443266,16900,1056972,23232245,416675511
2020-08-17,74757316,423525741,10300,1029024,23358846,446884587
2020-08-18,48502701,436012558,36100,1031824,23556542,459569100
2020-08-19,29973036,412954077,50500,1037744,22986029,435940106
2020-08-20,18187098,403178082,39900,994544,21949586,425127668
2020-08-21,26878385,396959819,28300,962144,21648242,418608061
2020-08-24,26421727,395319688,104300,1032363,23052666,418372354
2020-08-25,39044433,395333233,10400,996815,22448274,417781507
2020-08-26,33891997,383108186,21300,966515,21234335,404342521
2020-08-27,40925816,393252618,43400,932248,21162030,414414648
2020-08-28,36869028,402410428,19400,887248,20619644,423030072
2020-08-31,97563100,445979942,117700,948348,20598120,466578062
2020-09-01,22229424,419757110,49500,984548,21660056,441417166
2020-09-02,27110721,416153914,42100,969048,20640724,436794638
2020-09-03,29108255,411625514,45336,951984,19734628,431360142
2020-09-04,21343789,418658966,53300,959614,19796837,438455803
2020-09-07,20811654,427135811,73700,1025314,21018939,448154750
2020-09-08,10381639,411683498,2800,938196,19017233,430700731
2020-09-09,14686809,395361798,19300,932896,18042209,413404007
2020-09-10,14301726,393628811,41900,889371,16800217,410429028
2020-09-11,17326667,394167478,2600,823471,16280021,410447499
2020-09-14,5829561,390071646,74300,885271,17569969,407641615
2020-09-15,13010684,392041900,82800,969271,19278799,411320699
2020-09-16,10610254,390492161,28100,982671,19849955,410342116
2020-09-17,9494966,390783550,35600,918671,18198873,408982423
2020-09-18,11188527,390317278,29600,939371,19059837,409377115
2020-09-21,6152080,388918559,23500,956071,19169225,408087784
2020-09-22,8773264,384201681,72800,999171,20223221,404424902
2020-09-23,6173667,385287723,15900,1011271,20397337,405685060
2020-09-24,4879221,382454443,20100,964671,18926844,401381287
2020-09-25,3754284,379826697,21800,969471,19224609,399051306
2020-09-28,47460127,398043189,77400,1016271,20742092,418785281
2020-09-29,28553286,392520152,217900,1139471,22048766,414568918
2020-09-30,16753641,360546627,72400,1072271,21209522,381756149
2020-10-09,34903644,380663151,2600,952171,19576635,400239786
2020-10-12,28607325,384117788,7100,953071,19804817,403922605
2020-10-13,19230769,381967482,84700,1029971,21238001,403205483
2020-10-14,33417789,391540551,44240,999811,21195994,412736545
2020-10-15,15661537,389204966,13600,997011,20917291,410122257
2020-10-16,28426727,387638699,32000,1011111,20899664,408538363
2020-10-19,27128195,378727540,69200,1034411,22415686,401143226
2020-10-20,31414679,396054027,31000,1043611,22813336,418867363
2020-10-21,27171892,392140325,170700,1195211,26629301,418769626
2020-10-22,69703184,415011152,26000,1154411,26193584,441204736
2020-10-23,42945477,415640894,32200,1110511,25230810,440871704
2020-10-26,67132010,423815294,83600,1179411,28789423,452604717
2020-10-27,61483808,443468878,163700,1284111,31794588,475263466
2020-10-28,155486185,537924204,86446,1342227,35716661,573640865
2020-10-29,97440267,559041876,62300,1362127,36545867,595587743
2020-10-30,77685069,576309324,71200,1410827,36540420,612849744
2020-11-02,56615295,561837638,75400,1415827,38482177,600319815
2020-11-03,119643368,608816688,108000,1400984,36383554,645200242
2020-11-04,38687769,530556128,234000,1597427,40814260,571370388
2020-11-05,74807236,488340701,373900,1772027,49811680,538152381
2020-11-06,57391523,482800553,332599,2026225,58071608,540872161
2020-11-09,139383628,578195386,118482,1952692,56979553,635174939
2020-11-10,92660368,501458585,111800,1934692,50805013,552263598
2020-11-11,63531538,483867961,170000,1859292,49029532,532897493
2020-11-12,42644867,456800706,174009,1953601,53880316,510681022
2020-11-13,31246631,443175885,89900,1874801,51425792,494601677
2020-11-16,34537591,429454986,39000,1716701,45149238,474604224
2020-11-17,24642491,418926138,85600,1746501,46072696,464998834
2020-11-18,20880983,417639029,59200,1658019,43937505,461576534
2020-11-19,43294939,411106510,188100,1781719,50921529,462028039
2020-11-20,31449210,406195127,48800,1699519,48555257,454750384
2020-11-23,51502045,426969938,137700,1743919,49910962,476880900
2020-11-24,44609974,453792190,114800,1632049,46643960,500436150
2020-11-25,41158731,429539323,63564,1493013,40326281,469865604
2020-11-26,23782478,406454929,85400,1492648,40077600,446532529
2020-11-27,15793237,395496290,212800,1613348,45157611,440653901
2020-11-30,26236416,391105528,208400,1667849,46666415,437771943
2020-12-01,22737638,382516099,87900,1599849,45979659,428495758
2020-12-02,47001962,400548117,30100,1392711,40207567,440755684
2020-12-03,27789666,402822822,23800,1059647,29426396,432249218
2020-12-04,12766368,402067306,49300,952841,26479451,428546757
2020-12-07,26837249,412219513,57500,894242,24269728,436489241
2020-12-08,14536616,408498826,92100,888667,24438344,432937170
2020-12-09,12488096,405216478,34200,797367,21433225,426649703
2020-12-10,11373222,384882011,42600,768467,20633339,405515350
2020-12-11,19589474,375255415,150500,810367,20794017,396049432
2020-12-14,14222549,376037618,96600,831067,21333490,397371108
2020-12-15,13903902,372118538,275500,1089067,28729587,400848125
2020-12-16,22743814,378334679,96900,1108567,28601028,406935707
2020-12-17,21617578,383989661,59900,1148067,31571844,415561505
2020-12-18,40627907,389865262,221500,1173167,30431952,420297214
2020-12-21,26129505,393799989,393800,1397167,37723509,431523498
2020-12-22,24631131,378482419,185900,1429367,37778170,416260589
2020-12-23,69676156,403892127,99800,1307367,35351203,439243330
2020-12-24,20498366,399350300,119500,1321767,35423355,434773655
2020-12-25,67627992,412343215,298981,1498748,43343792,455687007
2020-12-28,30228128,399744608,364000,1788948,51700597,451445205
2020-12-29,14562765,387865842,475753,2217201,64143625,452009467
2020-12-30,73285640,413732686,112493,2230671,68013159,481745845
2020-12-31,62282055,434160888,236359,2289429,71224136,505385024
2021-01-04,46517048,444284529,133769,2116949,65921792,510206321
2021-01-05,29154683,428538718,112915,2009477,63338716,491877434
2021-01-06,127569612,484535037,100200,1882792,60870665,545405702
2021-01-07,32853432,450552978,221900,2081792,68657500,519210478
2021-01-08,87302281,484461853,262000,2229992,70133249,554595102
2021-01-11,30980710,403911994,225900,2245792,73212820,477124814
2021-01-12,37524051,351752378,76900,1991220,64177022,415929400
2021-01-13,29531067,345274587,140049,1861010,60910857,406185444
2021-01-14,30155365,338606007,49500,1728819,55097463,393703470
2021-01-15,91155915,404273163,47800,1653919,51850362,456123525
2021-01-18,23629492,397913473,96400,1684219,53692902,451606375
2021-01-19,28756138,411771417,76409,1595113,49241139,461012556
2021-01-20,15727135,410588239,195800,1780513,54964437,465552676
2021-01-21,79263511,423228215,92914,1740527,55105084,478333299
2021-01-22,54379759,434514282,110800,1640163,54486215,489000497
2021-01-25,139576128,529837642,156600,1695866,58032535,587870177
2021-01-26,41021094,480859637,201456,1815922,64102047,544961684
2021-01-27,28444552,470462886,172060,1934861,68049062,538511948
2021-01-28,34044704,458639604,74100,1941018,64927051,523566655
2021-01-29,34929397,461235866,111109,1952475,66364626,527600492
2021-02-01,57014612,460223515,70441,1871310,68415094,528638609
2021-02-02,44065892,463733419,115700,1960410,73240917,536974336
2021-02-03,46135105,470047547,28130,1851819,67924722,537972269
2021-02-04,32536747,475411645,118859,1892131,68495142,543906787
2021-02-05,28944220,470318238,68000,1841656,66299616,536617854
2021-02-08,37004004,453606390,122057,1905728,71655373,525261763
2021-02-09,25532567,440248306,55396,1859924,74880541,515128847
2021-02-10,23336107,428642881,55000,1743714,69347506,497990387
2021-02-18,42136849,438678207,328968,2050307,83652526,522330733
2021-02-19,89959498,487547646,51800,1873345,71749113,559296759
2021-02-22,60917166,501982165,72162,1845307,71302663,573284828
2021-02-23,84929619,530407205,83821,1722862,65882244,596289449
2021-02-24,72007124,559419429,72844,1446641,49793383,609212812
2021-02-25,21273932,540935020,137081,1409498,48134356,589069376
2021-02-26,43866141,558948843,43700,1234698,39856052,598804895
2021-03-01,17368400,549197279,87340,1152338,37727545,586924824
2021-03-02,23796077,525568333,47320,1156858,37806119,563374452
2021-03-03,59876583,525656367,107899,1233777,44354283,570010650
2021-03-04,26743169,522292391,33428,1122071,39025629,561318020
2021-03-05,25109516,419709773,86700,1105156,36879055,456588828
2021-03-08,16871503,406633048,47600,1012916,32433571,439066619
2021-03-09,17997170,391529285,64100,997218,29796873,421326158
2021-03-10,25880406,400316495,155900,1061018,33570609,433887104
2021-03-11,21082075,396842836,53900,1005935,34171612,431014448
2021-03-12,22369577,402860802,141400,1097135,36754023,439614825
2021-03-15,13434382,403952942,88458,1077193,35321157,439274099
2021-03-16,10482353,388862533,68700,1088893,35704800,424567333
2021-03-17,12710688,363949768,30500,1036393,34791712,398741480
2021-03-18,13042552,359951392,58500,1069393,35717726,395669118
2021-03-19,18780387,343839558,50100,1068893,34364910,378204468
2021-03-22,18501538,352113514,48100,1099093,34929175,387042689
2021-03-23,14508724,355806629,60300,1075193,33954594,389761223
2021-03-24,10763080,336963615,75000,1103093,34151760,371115375
2021-03-25,8829411,322995236,73000,1041093,33429495,356424731
2021-03-26,9144618,284545767,230300,1215593,40904704,325450471
2021-03-29,12983629,286057763,110434,1247427,42474890,328532653
2021-03-30,9964910,277477749,117300,1294827,46328910,323806659
2021-03-31,15302070,286549102,39300,1205827,42324529,328873631
2021-04-01,16032215,293414298,92800,1274327,44142687,337556985
2021-04-02,30356605,301774763,55300,1249827,42656596,344431359
2021-04-06,8688957,299010528,53500,1270727,44106935,343117463
2021-04-07,21019332,309033508,89580,1320007,46992249,356025757
2021-04-08,14219748,314167630,49000,1360707,47951313,362118943
2021-04-09,15276659,315889094,80700,1392551,48711433,364600527
2021-04-12,18252317,314774127,127300,1409170,46967635,361741762
2021-04-13,4432398,303399842,68100,1404770,46511933,349911775
2021-04-14,9547698,296667316,59200,1356357,46794317,343461633
2021-04-15,25610819,300832189,104900,1398757,49823725,350655914
2021-04-16,19460926,302829668,57000,1400757,50119085,352948753
2021-04-19,23962497,307145390,73400,1411659,51229105,358374495
2021-04-20,22249545,316139899,34700,1388379,50217669,366357568
2021-04-21,10437224,312705044,47600,1394479,50521974,363227018
2021-04-22,25803472,317082861,42100,1305480,47610855,364693716
2021-04-23,32095774,310656652,96098,1376978,50535093,361191745
2021-04-26,25795500,307539113,44000,1378580,49739165,357278278
2021-04-27,18090965,294198459,56800,1376680,51832001,346030460
2021-04-28,21541630,297003206,64120,1347240,50737057,347740263
2021-04-29,25015845,296875608,69800,1373040,52779656,349655264
2021-04-30,21404756,297674308,39800,1381240,53039614,350713922
2021-05-06,32006093,304505835,32457,1262297,47702204,352208039
2021-05-07,24178967,302273667,51186,1126567,40725397,342999064
2021-05-10,12081768,292717177,41000,1102181,40879894,333597071
2021-05-11,10869969,288960503,85400,1078581,39249563,328210066
2021-05-12,12276389,282597972,125100,1158181,43709750,326307722
2021-05-13,25518865,295235415,64926,1172507,43476558,338711973
2021-05-14,20850705,293863052,42700,1203307,43668011,337531063
2021-05-17,13690632,286878874,25100,1155907,42317755,329196629
2021-05-18,28610653,294960682,51880,1133155,40510293,335470975
2021-05-19,10298113,295116640,41700,1135955,40053773,335170413
2021-05-20,10160176,286839219,52880,1132955,40242563,327081782
2021-05-21,12521869,284809215,71800,1154855,41886591,326695806
2021-05-24,7629966,274628712,57700,1156555,42087036,316715748
2021-05-25,16352768,279285558,43400,1148655,41994828,321280386
2021-05-26,24238090,276425472,40700,1149954,40811868,317237340
2021-05-27,10115392,269387830,19400,1132736,40857788,310245618
2021-05-28,34331486,279891228,94500,1167536,39953082,319844310
2021-05-31,39385751,274633895,82900,1145136,37617718,312251613
2021-06-01,22811047,277209058,95300,1177036,39642573,316851631
2021-06-02,13754102,278498525,49100,1018947,34043019,312541544
2021-06-03,8767947,275833816,39400,911393,30476981,306310797
2021-06-04,8908996,275405188,29500,821547,27102835,302508023
2021-06-07,9881932,274209193,30200,809047,26973628,301182821
2021-06-08,7909906,272494942,34900,705562,23205934,295700876
2021-06-09,5432566,267697594,27100,553066,18018890,285716484
2021-06-10,10192047,259691441,49400,574366,19666292,279357733
2021-06-11,18501094,255389651,20200,531410,17536530,272926181
2021-06-15,10823479,257978097,84900,597910,19157036,277135133
2021-06-16,14971277,256395434,174400,746510,24896110,281291544
2021-06-17,5108799,252143824,228900,963317,31924325,284068149
2021-06-18,5227864,247420600,133200,1066917,35645697,283066297
2021-06-21,31960445,267353422,78400,1100917,38311911,305665333
2021-06-22,11179685,264187785,149700,1182817,41233001,305420786
2021-06-23,10446595,259565157,96500,1235317,43112564,302677721
2021-06-24,11003134,262532820,177270,1390508,48556539,311089359
2021-06-25,6990041,258754301,89700,1452001,52272036,311026337
2021-06-28,17555022,266325227,114322,1512023,52663761,318988988
2021-06-29,7183158,262903758,115000,1579023,54997371,317901129
2021-06-30,14653159,249160238,105191,1648614,56184765,305345003
2021-07-01,12150694,252282353,65200,1673614,55078637,307360990
2021-07-02,8632628,251893429,39628,1665742,53886756,305780185
2021-07-05,18360080,263124311,37000,1662142,51193972,314318283
2021-07-06,13693707,260527857,57800,1614642,49714827,310242684
2021-07-07,11933928,258045480,131800,1693059,53737694,311783174
2021-07-08,11925158,259008942,74900,1754759,56011908,315020850
2021-07-09,8814269,257941444,100800,1779659,55970277,313911721
2021-07-12,9711294,253433186,48000,1658259,54142155,307575341
2021-07-13,8352538,252706477,54100,1688659,55134715,307841192
2021-07-14,17718501,244854919,48100,1699959,57288619,302143538
2021-07-15,23211820,256176844,207100,1879359,60985201,317162045
2021-07-16,8196166,254793432,139800,1992559,63981070,318774502
2021-07-19,4978909,239735085,41000,1969566,65291114,305026199
2021-07-20,15313790,246799110,51000,1990066,64080127,310879237
2021-07-21,6783976,240024861,33600,1955966,63510215,303535076
2021-07-22,11113327,241955063,47400,1922349,61284486,303239549
2021-07-23,17886852,238310125,21500,1892549,57154981,295465106
2021-07-26,8101460,238438380,64000,1929649,58275401,296713781
2021-07-27,6707168,235135206,51800,1958449,58263859,293399065
2021-07-28,6394321,228391166,29101,1964050,56957450,285348616
2021-07-29,14891711,228495716,25697,1888246,53815013,282310729
2021-07-30,5545438,219906227,36800,1817424,52941562,272847789
2021-08-02,6643409,213693507,24600,1615627,49115060,262808567
2021-08-03,6621426,206720551,43900,1576329,49496730,256217281
2021-08-04,7019998,198437213,6000,1570329,50109198,248546411
2021-08-05,4776477,194572889,29500,1587529,51404190,245977079
2021-08-06,6964792,194131824,22800,1604129,52102109,246233933
2021-08-09,7283442,192780856,3100,1583329,51268194,244049050
2021-08-10,8104797,190029519,29320,1552949,51821909,241851428
2021-08-11,9251019,190230924,46500,1579649,50548768,240779692
2021-08-12,3082540,188674379,16700,1572649,50828015,239502394
2021-08-13,9002022,185282048,19600,1570849,51838017,237120065
2021-08-16,7771144,186065094,60800,1610029,51907336,237972430
2021-08-17,6775820,186905635,19500,1586329,50143860,237049495
2021-08-18,6278704,183177115,19800,1565885,49889096,233066211
2021-08-19,2742821,182374094,9600,1570485,49564507,231938601
2021-08-20,3773066,179991986,26100,1586985,51148527,231140513
2021-08-23,6757274,183726034,29500,1601085,50802427,234528461
2021-08-24,14232302,178854472,3900,1534685,52915938,231770410
2021-08-25,14879387,185779010,18600,1547485,53140635,238919645
2021-08-26,11208804,186594934,26800,1569485,52954424,239549358
2021-08-27,6026951,183164929,24100,1589185,53444291,236609220
2021-08-30,11523130,181619173,60400,1629985,55663988,237283161
2021-08-31,8724724,177979577,34700,1638785,54817358,232796935
2021-09-01,7755612,178052075,35000,1626785,53814048,231866123
2021-09-02,5383318,175631251,78700,1685085,55877419,231508670
2021-09-03,4439110,169565232,8400,1679885,56276150,225841382
2021-09-06,8913395,169671918,27800,1693585,57446403,227118321
2021-09-07,7001954,170711955,9600,1683885,57100540,227812495
2021-09-08,9895225,171770007,6200,1635180,54827586,226597593
2021-09-09,6513841,171625693,5500,1632580,53140479,224766172
2021-09-10,3766631,166829697,6700,1628480,54228384,221058081
2021-09-13,4532121,165776455,9300,1623880,53393174,219169629
2021-09-14,5299013,166788388,31800,1651180,52705665,219494053
2021-09-15,5631613,167094843,10300,1634080,51130363,218225206
2021-09-16,20253053,175805274,29000,1638180,47195966,223001240
2021-09-17,22881390,185866695,28000,1564380,42457273,228323968
2021-09-22,6961370,188896204,68400,1585580,42969218,231865422
2021-09-23,5079916,185229383,13200,1578380,42521558,227750941
2021-09-24,9496799,190419010,17240,1560920,41192679,231611689
2021-09-27,4619491,184428292,65000,1580220,42808160,227236452
2021-09-28,3794630,180672642,172500,1689420,47236183,227908825
2021-09-29,6359093,180457342,107700,1757220,49746898,230204240
2021-09-30,6817084,176839234,23900,1749520,48076809,224916043
2021-10-08,3996103,173851210,38300,1718920,48611058,222462268
2021-10-11,3822953,171112437,15454,1724074,50136072,221248509
2021-10-12,2794007,169138295,40300,1756774,51315368,220453663
2021-10-13,1808918,161643135,28575,1746249,51025396,212668531
2021-10-14,2580449,158896222,67100,1752049,51965774,210861996
2021-10-15,1824692,156339804,8400,1748449,52366048,208705852
2021-10-18,1740182,154593503,24200,1750949,51793071,206386574
2021-10-19,2954387,151521886,16800,1674925,51822181,203344067
2021-10-20,2259162,138606628,12600,1593110,49912137,188518765
2021-10-21,2568859,139583391,6000,1559110,48129726,187713117
2021-10-22,1937273,138350524,27000,1566734,49179780,187530304
2021-10-25,4180092,137095793,62700,1606334,49908797,187004590
2021-10-26,2262581,133487765,31400,1614534,50809384,184297149
2021-10-27,3927145,134982548,33900,1647834,51461856,186444404
2021-10-28,4710023,133701080,23500,1606934,51389750,185090830
2021-10-29,3669299,135033688,22800,1596634,51140187,186173875
2021-11-01,8370748,137280521,52600,1644534,51095671,188376192
2021-11-02,6357311,134978579,34300,1660834,53179904,188158483
2021-11-03,3324618,132393758,4500,1608934,51807675,184201433
2021-11-04,2310243,131654833,3300,1581534,50482565,182137398
2021-11-05,2787998,125527094,8900,1570834,51994605,177521699
2021-11-08,3806717,127833773,80521,1651355,53834173,181667946
2021-11-09,6490180,131066732,34400,1661255,53160160,184226892
2021-11-10,2103350,129098823,29400,1688755,53617972,182716795
2021-11-11,1731916,127479863,8900,1690055,53101529,180581392
2021-11-12,1385581,122328052,15200,1671755,54231732,176559784
2021-11-15,4889933,124529853,13200,1625267,53357516,177887369
2021-11-16,14911104,129087001,31100,1577367,52999531,182086532
2021-11-17,4692414,129272564,1200,1522355,51440377,180712941
2021-11-18,3337116,128541284,16500,1513155,50902534,179443818
2021-11-19,3072703,128292159,14200,1512955,51062232,179354391
2021-11-22,5600449,130935627,24000,1502455,51774600,182710227
2021-11-23,5250794,133535528,126018,1607773,54021173,187556701
2021-11-24,7204811,136514614,44700,1600073,53746452,190261066
2021-11-25,18095125,145277149,17300,1543552,52527075,197804224
2021-11-26,9438096,139896334,34100,1509452,49706254,189602588
2021-11-29,9064965,139331767,13300,1407761,45752234,185084001
2021-11-30,2800215,136130185,19000,1308461,41910006,178040191
2021-12-01,5980340,138029633,9100,1169861,37107991,175137624
2021-12-02,3785614,138551271,11900,921068,29179435,167730706
2021-12-03,8108550,137036199,26000,790368,26485232,163521431
2021-12-06,5356187,140351989,44500,678736,22031771,162383760
2021-12-07,5154595,141569470,14200,622682,20087721,161657191
2021-12-08,7348811,144190938,53900,671482,22058184,166249122
2021-12-09,2517422,140113627,3300,641982,21313803,161427430
2021-12-10,2239182,137103950,13600,587082,19872726,156976676
2021-12-13,11324006,144616986,35700,609282,19929614,164546600
2021-12-14,6834381,148629042,900,570882,18262515,166891557
2021-12-15,4681657,149530644,193507,744989,24063145,173593789
2021-12-16,3786831,147446204,87000,778989,25083446,172529650
2021-12-17,2864913,147075433,85600,837489,26715899,173791332
2021-12-20,1957025,145766494,112100,918689,29296992,175063486
2021-12-21,2794815,143170847,68400,961989,30466192,173637039
2021-12-22,4815060,144265630,145600,1104289,34266087,178531717
2021-12-23,4262012,144056836,103400,1145989,35663178,179720014
2021-12-24,4561649,144776115,113343,1250232,38382122,183158237
2021-12-27,6086356,148226452,74153,1308185,39481023,187707475
2021-12-28,3168161,148402727,31700,1269285,38687807,187090534
2021-12-29,5653455,151757280,25000,1210385,36565731,188323011
2021-12-30,2561392,151181971,48600,1193803,36076727,187258698
2021-12-31,2190248,148774045,29100,1161603,35440508,184214553
2022-01-04,4533293,150418814,38000,1153403,35490210,185909024
2022-01-05,5111189,151546561,93447,1213550,35617692,187164253
2022-01-06,1822959,150614753,51548,1257198,37125058,187739811
2022-01-07,1434969,149072883,10200,1232998,36225481,185298364
2022-01-10,4077329,150032463,28600,1231198,35360006,185392469
2022-01-11,2628933,149681725,7400,1178698,32944610,182626335
2022-01-12,5806960,151857264,5900,986006,28002571,179859835
2022-01-13,8571389,154414713,56510,946095,25866237,180280950
2022-01-14,7062103,158561595,20300,959995,26054263,184615858
2022-01-17,7018349,160875496,24500,976195,27294412,188169908
2022-01-18,5216835,161660107,13000,964295,26614541,188274648
2022-01-19,8643385,167481679,17100,933633,25740263,193221942
2022-01-20,5699063,163457128,35640,912957,25471500,188928628
2022-01-21,7087770,167130473,94400,984857,27152508,194282981
2022-01-24,6471901,168896361,41100,978257,26080330,194976691
2022-01-25,3534523,165406754,10700,861377,22120162,187526916
2022-01-26,1663586,164668004,55000,870277,22496660,187164664
2022-01-27,1738883,164265666,47100,858877,21394626,185660292
2022-01-28,1393269,161544837,44300,865430,21808837,183353674
2022-02-07,2411274,162853148,11300,845321,21581045,184434193
2022-02-08,3611833,164590073,14600,842621,21200344,185790417
2022-02-09,6267184,168125701,21674,852687,21504766,189630467
2022-02-10,6160673,169473887,46200,873287,21308203,190782090
2022-02-11,4753129,171209814,21700,894087,21905133,193114947
2022-02-14,2015883,167115903,19700,896687,21520488,188636391
2022-02-15,3446040,169305270,20600,879187,21276325,190581595
2022-02-16,1761700,169038191,19900,887587,21719254,190757445
2022-02-17,6277443,170442400,33000,915387,21960134,192402534
2022-02-18,12955136,178012795,10000,902387,20809044,198821839
2022-02-21,5272627,177431238,11500,912687,21046562,198477800
2022-02-22,5143745,178079929,22600,922787,20753479,198833408
