日期,融资买入额(元),融资余额(元),融券卖出量,融券余量,融券余额(元),融资融券余额(元)
2017-07-12,14371088,586527055,1400,1478,42965,586570020
2017-07-13,13777454,591954241,7400,7478,217236,592171477
2017-07-14,38172596,613803352,1400,1478,41827,613845179
2017-07-17,53838261,622173094,7400,7478,196372,622369466
2017-07-18,13413080,619505937,1400,1478,39433,619545370
2017-07-19,14918487,619411561,7400,7478,198840,619610401
2017-07-20,9258366,614710365,1400,1478,39463,614749828
2017-07-21,10847119,616769533,7400,7478,199139,616968672
2017-07-24,13071070,620928720,1400,1467,38817,620967537
2017-07-25,4531533,616792547,7400,7367,195152,616987699
2017-07-26,5873863,608436658,1500,1518,40576,608477234
2017-07-27,12075410,602770265,4801,4801,131547,602901812
2017-07-28,11508377,599104091,4100,4101,111424,599215515
2017-07-31,7380568,598849791,4800,4800,130560,598980351
2017-08-01,12829865,602510804,4101,4101,112244,602623048
2017-08-02,7436267,599763591,4800,4801,129627,599893218
2017-08-03,16352270,608136465,4000,4001,108507,608244972
2017-08-04,12966258,614484789,4900,4901,133013,614617802
2017-08-07,9995468,609325703,4000,4000,111160,609436863
2017-08-08,17205338,604042120,5000,5000,141400,604183520
2017-08-09,5116516,594252519,4000,4000,113600,594366119
2017-08-10,15291835,600981115,5000,5000,140950,601122065
2017-08-11,20219898,594247761,4000,4000,115040,594362801
2017-08-14,10629450,587611159,1300,1300,37869,587649028
2017-08-15,24377384,603278258,7700,7700,223300,603501558
2017-08-16,12721903,603293720,0,0,0,603293720
2017-08-17,14545384,604880909,9000,9000,262170,605143079
2017-08-18,16413307,606644231,0,0,0,606644231
2017-08-21,19548437,590672655,7500,7500,222975,590895630
2017-08-22,17423959,565987293,1500,6000,183420,566170713
2017-08-23,34525783,585167310,500,500,15100,585182410
2017-08-24,90044998,610552635,8500,8500,270130,610822765
2017-08-25,54530518,644226198,500,500,15745,644241943
2017-08-28,94405051,704232269,8500,8500,269025,704501294
2017-08-29,49835553,726775487,500,500,15915,726791402
2017-08-30,45140029,719366662,8500,8500,274380,719641042
2017-08-31,42870973,736754655,500,9000,290430,737045085
2017-09-01,29530722,742396558,0,0,0,742396558
2017-09-04,53984892,768444896,3300,3300,105930,768550826
2017-09-05,39493157,763256982,5700,5700,179322,763436304
2017-09-06,50303597,775316439,3300,3300,107910,775424349
2017-09-07,82954256,805334304,5700,5700,184110,805518414
2017-09-08,46531441,835583233,3300,3300,105600,835688833
2017-09-11,40343167,829239494,5700,5800,183860,829423354
2017-09-12,72422297,820908137,3200,9000,290160,821198297
2017-09-13,44421488,842097877,0,0,0,842097877
2017-09-14,43787554,849499212,8999,8999,299577,849798789
2017-09-15,34438018,820811603,0,99,3361,820814964
2017-09-18,41214605,830919325,4000,4099,141620,831060945
2017-09-19,34786790,836353787,4900,8999,305876,836659663
2017-09-20,27937367,838399272,0,1430,48177,838447449
2017-09-21,35804567,827299600,7447,8177,274338,827573938
2017-09-22,12551049,783721917,700,777,26037,783747954
2017-09-25,33988301,795363684,8100,8377,276441,795640125
2017-09-26,27644831,808137200,500,577,19053,808156253
2017-09-27,23426620,809441095,0,77,2574,809443669
2017-09-28,22083054,811436952,2300,2377,79297,811516249
2017-09-29,32056416,818360171,2700,5077,168963,818529134
2017-10-09,68661622,846310374,3800,3877,137711,846448085
2017-10-10,23964801,838781964,5000,5077,183077,838965041
2017-10-11,30909367,835933533,3800,3877,140580,836074113
2017-10-12,58907474,874054271,0,77,2699,874056970
2017-10-13,77525775,829510121,0,77,2754,829512875
2017-10-16,72357046,816807481,8800,8877,310695,817118176
2017-10-17,20772603,792772307,0,77,2718,792775025
2017-10-18,18911816,776304964,8800,8877,310251,776615215
2017-10-19,33677690,783012218,8200,8277,288040,783300258
2017-10-20,38135755,794005698,8800,17077,614260,794619958
2017-10-23,18766950,766392777,0,8277,297641,766690418
2017-10-24,63300715,764263094,7700,15977,556000,764819094
2017-10-25,60607134,790450027,2900,12977,451081,790901108
2017-10-26,68059476,830090196,4600,15077,522267,830612463
2017-10-27,68078375,866679582,0,15077,516990,867196572
2017-10-30,48460867,876246872,3800,13977,465714,876712586
2017-10-31,16834841,859109128,0,13977,470745,859579873
2017-11-01,38135738,847474766,0,13977,479132,847953898
2017-11-02,23569937,825929292,4900,18877,643517,826572809
2017-11-03,19993994,804480075,0,10077,338587,804818662
2017-11-06,32172023,793822326,0,10077,345742,794168068
2017-11-07,20323936,794677057,8800,18877,650879,795327936
2017-11-08,18303041,782342707,0,10077,345742,782688449
2017-11-09,41393763,751980155,8800,18877,641818,752621973
2017-11-10,73782242,776088666,0,10077,338688,776427354
2017-11-13,31125141,780642582,8800,18877,632380,781274962
2017-11-14,55440797,785008023,0,15977,539703,785547726
2017-11-15,56928530,775683546,5600,21577,708589,776392135
2017-11-16,18143048,774503741,2300,20977,682801,775186542
2017-11-17,59086849,748459612,2900,23877,729442,749189054
2017-11-20,23499560,727915857,0,15077,471910,728387767
2017-11-21,27433650,712330285,3900,18977,590944,712921229
2017-11-22,15368921,697574906,4900,19977,621884,698196790
2017-11-23,18464830,672395701,3900,18977,587338,672983039
2017-11-24,14950194,675798992,4900,19977,617289,676416281
2017-11-27,11376999,673686047,3900,22577,691985,674378032
2017-11-28,11482513,667908329,1300,16377,515876,668424205
2017-11-29,11432112,654456440,7500,23877,764064,655220504
2017-11-30,18534109,659058863,0,20846,669157,659728020
2017-12-01,20680214,657712197,0,15046,489296,658201493
2017-12-04,17471767,664765980,8900,23946,769146,665535126
2017-12-05,14154630,665397264,0,20946,667130,666064394
2017-12-06,14604898,638950295,3000,18046,574043,639524338
2017-12-07,19286690,642519530,4900,22946,743221,643262751
2017-12-08,31098035,653258139,0,15046,497722,653755861
2017-12-11,18281562,651511103,0,10046,332221,651843324
2017-12-12,17892514,658586896,8900,18946,615745,659202641
2017-12-13,17626529,669222553,0,12746,418069,669640622
2017-12-14,19650906,673077265,4900,17646,578436,673655701
2017-12-15,12273397,674449818,0,10046,326696,674776514
2017-12-18,16795659,672295909,7800,17846,584813,672880722
2017-12-19,37523421,638148658,100,10146,351356,638500014
2017-12-20,17045356,616454364,8800,18946,651742,617106106
2017-12-21,36925288,613459783,0,10046,356030,613815813
2017-12-22,17736456,607003514,8900,18946,670688,607674202
2017-12-25,22490782,609376176,0,15746,552212,609928388
2017-12-26,30584773,612989500,0,10046,355628,613345128
2017-12-27,67720185,641513396,0,10046,361656,641875052
2017-12-28,26700465,643601901,8877,18923,673091,644274992
2017-12-29,20729233,626289998,0,10223,363428,626653426
2018-01-02,24148181,611325454,8700,18923,704314,612029768
2018-01-03,33666635,614478400,0,10023,379671,614858071
2018-01-04,16961843,608770214,0,10023,379471,609149685
2018-01-05,69660783,631477356,8900,18923,683120,632160476
2018-01-08,38376607,624734331,0,2323,83280,624817611
2018-01-09,26960663,635933210,6600,8923,318105,636251315
2018-01-10,27188613,644552879,0,7623,270007,644822886
2018-01-11,32863900,648615830,1300,1323,48422,648664252
2018-01-12,107858463,645764779,7600,7623,251102,646015881
2018-01-15,60017727,611926561,1300,8923,280361,612206922
2018-01-16,24509156,606529453,0,23,715,606530168
2018-01-17,25119065,602098273,8900,8923,282948,602381221
2018-01-18,10762488,587372699,0,23,742,587373441
2018-01-19,16182934,575022203,8900,8923,284376,575306579
2018-01-22,13017757,571349868,0,23,756,571350624
2018-01-23,67691034,594000534,8900,8923,263853,594264387
2018-01-24,205768046,740414133,0,23,630,740414763
2018-01-25,65255980,718895104,3100,3123,86538,718981642
2018-01-26,76158736,750925943,0,23,626,750926569
2018-01-29,37501313,754763454,8900,8923,239850,755003304
2018-01-30,33878768,752704048,0,121,3274,752707322
2018-01-31,97036601,755766428,8800,8921,223114,755989542
2018-02-01,43928008,750990667,0,121,2984,750993651
2018-02-02,30845285,739211040,8800,8921,214907,739425947
2018-02-05,41656199,735354175,0,121,3046,735357221
2018-02-06,25587688,729402218,8800,8921,214015,729616233
2018-02-07,40106976,738040391,0,121,2958,738043349
2018-02-08,38725822,738313037,8800,8921,223025,738536062
2018-02-09,27216195,728173624,0,121,2880,728176504
2018-02-12,34551993,737296816,0,121,2965,737299781
2018-02-13,51584265,726766471,8800,8921,210536,726977007
2018-02-14,30928988,710918550,0,8921,210268,711128818
2018-02-22,22807632,704200844,0,121,2966,704203810
2018-02-23,24902969,689877349,2900,3021,76250,689953599
2018-02-26,31480080,671477436,0,98,2565,671480001
2018-02-27,37518988,657838362,2900,2998,78668,657917030
2018-02-28,30750228,656226642,0,98,2642,656229284
2018-03-01,36069784,663337620,2900,2998,81186,663418806
2018-03-02,16880963,642799605,0,98,2686,642802291
2018-03-05,25120523,642545980,4900,4998,136146,642682126
2018-03-06,22197836,638052383,0,2098,56499,638108882
2018-03-07,19446783,631162728,2900,4998,131947,631294675
2018-03-08,20913740,633752261,0,2098,55933,633808194
2018-03-09,36726167,643358436,1300,3398,92867,643451303
2018-03-12,26464496,641043014,1600,3698,103581,641146595
2018-03-13,23524773,638701814,1300,3398,94328,638796142
2018-03-14,19879991,638758785,1600,4998,135946,638894731
2018-03-15,19096392,631880930,0,2098,56667,631937597
2018-03-16,8041181,626252055,2900,4998,134046,626386101
2018-03-19,16520852,626445809,0,2098,56625,626502434
2018-03-20,16472355,622014837,0,2098,55933,622070770
2018-03-21,12838478,603612331,0,2098,56856,603669187
2018-03-22,15001395,602583444,2900,4998,133197,602716641
2018-03-23,33805515,590968324,0,2098,53604,591021928
2018-03-26,27143767,603057479,0,2098,54401,603111880
2018-03-27,31046011,588338608,2900,4998,139394,588478002
2018-03-28,40272285,556584971,2000,4098,118596,556703567
2018-03-29,37373555,533201903,2900,6998,200353,533402256
2018-03-30,50921631,547478862,6000,10098,292135,547770997
2018-04-02,40011840,554312469,2900,10998,320152,554632621
2018-04-03,49140626,569874899,0,8098,240511,570115410
2018-04-04,34890285,574517478,2900,10998,317072,574834550
2018-04-09,28692148,591733332,0,8098,229173,591962505
2018-04-10,33773684,597332402,2900,10998,310584,597642986
2018-04-11,17205155,565645612,0,8098,233789,565879401
2018-04-12,14396501,561748190,0,8098,227797,561975987
2018-04-13,24359578,570052853,2500,10598,301513,570354366
2018-04-16,22410633,574448577,0,8098,230145,574678722
2018-04-17,17436035,569407610,2900,10998,302335,569709945
2018-04-18,35232432,590858420,0,8098,226501,591084921
2018-04-19,26843842,577050856,800,8898,244784,577295640
2018-04-20,43644014,593118882,2600,10698,282320,593401202
2018-04-23,37196429,603619990,800,9398,250175,603870165
2018-04-24,23341180,609546594,2100,11498,308951,609855545
2018-04-25,13229276,598335900,1000,10498,283236,598619136
2018-04-26,37856988,601970539,0,9598,252619,602223158
2018-04-27,20146293,504094810,2900,12498,348069,504442879
2018-05-02,39894569,507608005,0,9598,271239,507879244
2018-05-03,30547754,517960802,2900,12498,352944,518313746
2018-05-04,22524100,501993359,0,12498,358068,502351427
2018-05-07,36739011,501492708,1000,10598,304375,501797083
2018-05-08,32760199,512513281,900,11498,330223,512843504
2018-05-09,22573506,519817268,0,10598,304163,520121431
2018-05-10,24670953,525336453,0,10598,303103,525639556
2018-05-11,40181106,535546558,2900,13498,386853,535933411
2018-05-14,23983780,541305112,0,10598,305858,541610970
2018-05-15,40250871,561629040,0,10598,307766,561936806
2018-05-16,14414786,549538513,2900,13498,386718,549925231
2018-05-17,46182002,567643909,0,13498,369710,568013619
2018-05-18,14952022,567092979,0,10598,292399,567385378
2018-05-21,52441531,575629473,0,3598,98873,575728346
2018-05-22,109862565,651265078,4600,8198,215279,651480357
2018-05-23,24641251,643928064,3500,11698,304265,644232329
2018-05-24,38207115,657667679,0,8798,225493,657893172
2018-05-25,55831757,675847201,0,8798,221798,676068999
2018-05-28,27649295,673810605,2900,11698,294673,674105278
2018-05-29,16139111,675835274,0,8798,220038,676055312
2018-05-30,17553692,673977350,2900,10698,262101,674239451
2018-05-31,10904500,671956635,0,7798,193858,672150493
2018-06-01,10814337,673752841,2813,10611,264002,674016843
2018-06-04,12893028,674725214,0,10611,261137,674986351
2018-06-05,14313318,674111848,0,7711,193546,674305394
2018-06-06,22770920,668108666,2900,10611,268989,668377655
2018-06-07,7273237,660130847,0,10611,268140,660398987
2018-06-08,25937723,667127088,0,7735,192988,667320076
2018-06-11,16820372,660928626,2900,8135,195240,661123866
2018-06-12,9945784,657154944,0,5235,127315,657282259
2018-06-13,7388989,655212823,2900,8135,195728,655408551
2018-06-14,7085305,643790626,0,8135,195647,643986273
2018-06-15,10963527,630151029,0,5235,125012,630276041
2018-06-19,25142721,608595671,2900,5135,120416,608716087
2018-06-20,16517853,616503097,0,2235,53439,616556536
2018-06-21,8483892,602135626,2900,5135,120673,602256299
2018-06-22,11092622,584578115,0,2235,54623,584632738
2018-06-25,25430098,557404902,0,2235,55741,557460643
2018-06-26,28074088,559701642,2900,5135,130737,559832379
2018-06-27,17503564,563932107,0,4935,124165,564056272
2018-06-28,6562717,560481211,200,2435,61459,560542670
2018-06-29,17671634,564805824,0,2235,57216,564863040
2018-07-02,12162182,561109366,0,2235,56389,561165755
2018-07-03,19617713,559227907,2900,5135,133356,559361263
2018-07-04,11583836,552364396,0,2235,57551,552421947
2018-07-05,11820323,550139184,2900,5135,131661,550270845
2018-07-06,21020029,546755743,0,2235,55428,546811171
2018-07-09,8190066,544126332,2900,5135,130788,544257120
2018-07-10,7793754,544884093,0,2235,57082,544941175
2018-07-11,7397547,542530003,2900,5135,129659,542659662
2018-07-12,39806268,562361329,0,2235,57440,562418769
2018-07-13,15873244,563384370,2900,5135,131815,563516185
2018-07-16,13064547,558093151,0,2735,69770,558162921
2018-07-17,18967436,562403818,2400,4635,119815,562523633
2018-07-18,28309773,562635359,500,2735,72560,562707919
2018-07-19,16119761,550663426,2400,4935,130876,550794302
2018-07-20,9813139,541552015,200,2435,65039,541617054
2018-07-23,21294693,527369495,2700,4935,135811,527505306
2018-07-24,14328401,507793309,200,2435,68058,507861367
2018-07-25,8577412,490776057,2400,4635,129734,490905791
2018-07-26,14294564,486500232,500,2735,75787,486576019
2018-07-27,12307772,486830219,2400,4635,127323,486957542
2018-07-30,5651167,478840036,500,3535,98096,478938132
2018-07-31,40324873,492395025,0,635,16891,492411916
2018-08-01,15461118,476469029,0,635,17240,476486269
2018-08-02,19426793,474827142,2900,3535,94137,474921279
2018-08-03,9807506,465269353,1600,2235,60345,465329698
2018-08-06,20368421,471055674,2900,5135,134691,471190365
2018-08-07,14444142,479068616,0,2235,60099,479128715
2018-08-08,10991796,477067492,2900,5135,137772,477205264
2018-08-09,17992285,481845526,0,2235,60904,481906430
2018-08-10,17446853,485988974,0,2235,60591,486049565
2018-08-13,9060362,484060830,0,2235,61619,484122449
2018-08-14,7423457,481578208,2900,5135,141983,481720191
2018-08-15,23682647,493223539,0,2235,59496,493283035
2018-08-16,10191972,492581892,500,2735,72286,492654178
2018-08-17,3604677,487154728,2400,4635,119305,487274033
2018-08-20,4782097,486696964,500,2735,70372,486767336
2018-08-21,6304886,487405052,2400,4935,127224,487532276
2018-08-22,3525568,486103634,200,2435,62726,486166360
2018-08-23,4125544,485266270,0,2235,57954,485324224
2018-08-24,2519113,485452774,2900,5135,132072,485584846
2018-08-27,10832725,486301333,0,2235,58758,486360091
2018-08-28,4055526,480791719,2600,4835,129965,480921684
2018-08-29,4977139,480278053,300,2535,67634,480345687
2018-08-30,7041613,478498023,2600,5135,134280,478632303
2018-08-31,6912300,477424618,0,2235,56724,477481342
2018-09-03,5174808,467123994,6600,8835,230947,467354941
2018-09-04,10578914,472658314,1000,7435,193384,472851698
2018-09-05,15804500,475028337,4000,10935,272938,475301275
2018-09-06,12496366,471195528,1000,10035,241743,471437271
2018-09-07,5033598,466141894,1900,10935,266267,466408161
2018-09-10,13713209,462843934,0,9035,214852,463058786
2018-09-11,5213897,463375539,0,9035,216750,463592289
2018-09-12,5090436,457434949,2900,11935,283934,457718883
2018-09-13,5648435,456988109,200,9235,224595,457212704
2018-09-14,4841589,456464927,7000,16235,395972,456860899
2018-09-17,1929474,452459257,1800,14635,351533,452810790
2018-09-18,4536932,455538867,1300,13635,330785,455869652
2018-09-19,13024941,457266708,3700,17035,421616,457688324
2018-09-20,6536555,461216578,200,17235,416742,461633320
2018-09-21,6240139,462119288,4600,19335,474674,462593962
2018-09-25,3763453,461691272,600,16435,404794,462096066
2018-09-26,6583656,462009191,5700,21035,524403,462533594
2018-09-27,8120890,463387499,800,16135,393533,463781032
2018-09-28,5872318,460097005,7600,22935,569247,460666252
2018-10-08,7134860,459969426,2600,21135,504492,460473918
2018-10-09,2265174,459478570,2400,20335,490480,459969050
2018-10-10,5088314,462961737,3700,21435,517227,463478964
2018-10-11,11909275,443818408,4100,19435,422128,444240536
2018-10-12,15524901,437519775,7400,22735,475389,437995164
2018-10-15,4734419,430504841,8500,24237,512370,431017211
2018-10-16,10579165,428059341,7300,23637,487158,428546499
2018-10-17,8428776,430023999,29500,45737,922972,430946971
2018-10-18,4649369,418936625,13300,29537,572723,419509348
2018-10-19,6063467,416941848,8200,24937,492007,417433855
2018-10-22,9478991,412487111,43000,63837,1385263,413872374
2018-10-23,15554939,417187710,8800,27537,578277,417765987
2018-10-24,13719962,423865570,15000,38637,814854,424680424
2018-10-25,10464767,425338152,9500,39437,852233,426190385
2018-10-26,7576802,428851882,52300,82437,1765801,430617683
2018-10-29,12958442,421409942,10800,82637,1818014,423227956
2018-10-30,10649190,417559440,25859,105496,2415859,419975299
2018-10-31,6571194,414782491,800,41596,959204,415741695
2018-11-01,12514063,407998693,23900,61796,1450352,409449045
2018-11-02,11595612,392788494,24100,71796,1776951,394565445
2018-11-05,23963908,400116507,68624,108920,2612990,402729497
2018-11-06,7678305,402998647,19900,117420,2835693,405834340
2018-11-07,8271504,394404939,33103,100423,2426219,396831158
2018-11-08,7911307,397165731,15300,76423,1835680,399001411
2018-11-09,8447201,392053287,7600,68423,1620257,393673544
2018-11-12,14468179,387420400,28400,91123,2303590,389723990
2018-11-13,21327410,393952293,37000,96123,2417494,396369787
2018-11-14,6818284,382065535,20500,99723,2520000,384585535
2018-11-15,13485627,385245450,26300,113423,2904763,388150213
2018-11-16,17420740,395180552,31500,112623,2825711,398006263
2018-11-19,16466346,400099034,32500,114023,2873380,402972414
2018-11-20,12375096,402473896,24800,108923,2679505,405153401
2018-11-21,7376069,401429861,55800,145523,3608970,405038831
2018-11-22,5756205,397845289,45400,163323,4115740,401961029
2018-11-23,22952686,404038874,33800,107823,2641664,406680538
2018-11-26,7886334,396680829,32700,110523,2650342,399331171
2018-11-27,7000312,385472146,52700,122223,3009131,388481277
2018-11-28,7032139,376224096,35700,117023,2896319,379120415
2018-11-29,13235477,377377370,49000,123823,3033664,380411034
2018-11-30,13650682,385264950,54700,127523,3112836,388377786
2018-12-03,13226452,378443656,82500,164623,4276906,382720562
2018-12-04,13141599,378156091,39700,131819,3374566,381530657
2018-12-05,9967367,372592997,75260,142479,3707303,376300300
2018-12-06,10284521,373909590,58300,152479,3903462,377813052
2018-12-07,7758803,375527896,4500,93479,2392128,377920024
2018-12-10,21287707,387824230,73500,149083,3762855,391587085
2018-12-11,6779725,386233444,15800,155283,3990773,390224217
2018-12-12,4774479,380937511,9900,161183,4198817,385136328
2018-12-13,4795681,375968372,9900,156083,4100300,380068672
2018-12-14,8329965,371030186,7500,127483,3292886,374323072
2018-12-17,17819172,382718434,18800,107983,2695255,385413689
2018-12-18,10865257,378273532,15000,107383,2770481,381044013
2018-12-19,5575507,374668502,0,81276,2048155,376716657
2018-12-20,6167960,374135846,8500,83676,2154657,376290503
2018-12-21,4837386,370661892,11100,76376,1968973,372630865
2018-12-24,7901818,372114766,8100,72476,1828570,373943336
2018-12-25,4398066,363894649,13800,74276,1879183,365773832
2018-12-26,2281194,362393541,9900,71976,1813075,364206616
2018-12-27,3622419,361370386,10700,72776,1830317,363200703
2018-12-28,4759832,356391397,10000,68876,1766670,358158067
2019-01-02,2422035,354669102,6700,65576,1682025,356351127
2019-01-03,15927928,356012964,15200,65976,1535921,357548885
2019-01-04,3931238,356915265,10300,64776,1531953,358447218
2019-01-07,2232006,350802228,11000,64452,1581008,352383236
2019-01-08,1872314,348751260,4600,58652,1436974,350188234
2019-01-09,5482670,346822289,13200,66652,1628975,348451264
2019-01-10,4346183,348984185,15200,72052,1750144,350734329
2019-01-11,10584040,350468291,10100,70352,1719403,352187694
2019-01-14,1601903,340488497,0,60299,1476120,341964617
2019-01-15,10450769,346320346,0,57399,1377002,347697348
2019-01-16,6522260,342284761,2900,60299,1497224,343781985
2019-01-17,10130727,343321270,4100,57999,1403576,344724846
2019-01-18,13357129,335381103,3700,60999,1465806,336846909
2019-01-21,5489611,330650282,700,58799,1425876,332076158
2019-01-22,3205378,329805288,3400,61399,1480944,331286232
2019-01-23,9690262,336174685,0,58499,1391692,337566377
2019-01-24,3488688,329751893,700,59199,1419592,331171485
2019-01-25,18349316,336439937,2200,61399,1447788,337887725
2019-01-28,5632031,337176104,100,42999,1009186,338185290
2019-01-29,9823912,340841430,4100,38296,874298,341715728
2019-01-30,2669650,339478086,0,31496,708661,340186747
2019-01-31,6638455,330957623,0,29235,683514,331641137
2019-02-01,6638110,320262887,0,29235,712165,320975052
2019-02-11,11122802,324571349,0,28635,714443,325285792
2019-02-12,20771237,338370402,2900,22835,565166,338935568
2019-02-13,32603296,352858855,4400,27235,680875,353539730
2019-02-14,22209066,357011791,1800,29035,724423,357736214
2019-02-15,9247823,359826260,5800,30835,764091,360590351
2019-02-18,29958291,366593988,2900,30935,797504,367391492
2019-02-19,23056316,366063985,7797,32232,838032,366902017
2019-02-20,19071849,373013815,100,27966,724039,373737854
2019-02-21,34194036,378026013,6700,32066,818645,378844658
2019-02-22,15306159,370019475,7100,29266,765891,370785366
2019-02-25,54239306,359796304,10400,23466,641795,360438099
2019-02-26,64583667,387994926,7514,20408,539587,388534513
2019-02-27,33606224,399390759,5500,20008,517807,399908566
2019-02-28,25918197,391178719,7800,20508,541001,391719720
2019-03-01,60562583,421466591,10400,23208,606889,422073480
2019-03-04,173088313,454539611,7700,20408,587138,455126749
2019-03-05,77081778,413003014,6500,19508,573730,413576744
2019-03-06,70020068,408148425,10800,22608,666484,408814909
2019-03-07,70857531,400764647,7764,19572,565435,401330082
2019-03-08,82833128,422765716,10800,22672,632096,423397812
2019-03-11,83335977,429281254,17700,32472,974160,430255414
2019-03-12,125164895,484684184,7886,19758,587010,485271194
2019-03-13,66048327,482697047,10571,22429,660310,483357357
2019-03-14,67080123,503424971,7900,22129,643068,504068039
2019-03-15,66386188,516057619,8200,20099,581263,516638882
2019-03-18,74363135,525571894,10100,21899,638356,526210250
2019-03-19,81800473,556813735,8400,20199,578903,557392638
2019-03-20,47706587,560769545,14100,25899,735013,561504558
2019-03-21,89237976,594201272,8379,24178,689798,594891070
2019-03-22,108979246,574687104,9700,25478,691982,575379086
2019-03-25,54093203,582530640,1900,23578,633776,583164416
2019-03-26,37316049,568372127,10000,25778,691882,569064009
2019-03-27,42491552,555775460,8500,25378,675308,556450768
2019-03-28,30932581,558075418,10000,25878,688096,558763514
2019-03-29,45300803,546352365,9400,27378,752895,547105260
2019-04-01,121788111,590615783,7900,26578,743652,591359435
2019-04-02,55372653,593344091,8700,24678,685308,594029399
2019-04-03,63463843,593848187,9100,24878,685389,594533576
2019-04-04,58526388,591801612,11700,27978,768275,592569887
2019-04-08,113239574,590795350,9100,27078,762516,591557866
2019-04-09,88649308,610109389,10000,24678,712207,610821596
2019-04-10,59816204,583924514,11300,27078,797447,584721961
2019-04-11,51584794,556896639,7900,27278,781242,557677881
2019-04-12,28409790,563598505,9700,28978,838333,564436838
2019-04-15,51562142,572791974,8400,25678,706401,573498375
2019-04-16,26256068,550684416,7701,22079,621744,551306160
2019-04-17,53280195,571127887,8841,21320,590777,571718664
2019-04-18,31836476,582944470,4500,23220,636460,583580930
2019-04-19,25691659,576908922,2900,19320,540960,577449882
2019-04-22,61773238,596895652,8200,19720,540328,597435980
2019-04-23,38869741,608823870,10200,23020,624303,609448173
2019-04-24,26061243,603003661,102,15422,424105,603427766
2019-04-25,52206415,615478598,10800,22222,589549,616068147
2019-04-26,30404153,602020198,7700,19122,496025,602516223
2019-04-29,20203682,564169567,7400,21422,548403,564717970
2019-04-30,16991509,559849045,7800,18597,473479,560322524
2019-05-06,32188889,558562539,11400,22230,521072,559083611
2019-05-07,6573193,539810916,9800,24230,582247,540393163
2019-05-08,7446061,534975761,7500,22030,529381,535505142
2019-05-09,11167008,514393972,9938,22068,529632,514923604
2019-05-10,17146436,510030048,7900,19368,476840,510506888
2019-05-13,15620003,511116209,10600,22068,528970,511645179
2019-05-14,12271555,514223281,5100,19348,455258,514678539
2019-05-15,10428247,516393620,4500,13611,323942,516717562
2019-05-16,19470823,519543598,8100,16640,393203,519936801
2019-05-17,34559906,532112725,9000,20640,467702,532580427
2019-05-20,15866439,529285510,8900,19840,453344,529738854
2019-05-21,10449416,527401861,4900,20340,468227,527870088
2019-05-22,10061494,526979681,7767,17707,401772,527381453
2019-05-23,11681682,527695656,6900,17407,391309,528086965
2019-05-24,20290098,533684758,8000,20607,452118,534136876
2019-05-27,12364083,524189456,9200,17607,394925,524584381
2019-05-28,20412741,531771642,3400,12707,280570,532052212
2019-05-29,7357110,530340286,6600,15907,355044,530695330
2019-05-30,8760502,528116366,10900,17407,386087,528502453
2019-05-31,3726621,522817130,7900,12807,283547,523100677
2019-06-03,5427716,521347344,6300,15107,333865,521681209
2019-06-04,9976836,518553014,7600,16507,358037,518911051
2019-06-05,10114876,522732083,6500,15407,332021,523064104
2019-06-06,7357602,517189807,8700,19707,413847,517603654
2019-06-10,3856422,501753376,7300,14907,320948,502074324
2019-06-11,9346285,490686878,5900,15207,337595,491024473
2019-06-12,3898600,489192858,5200,14207,313975,489506833
2019-06-13,9146022,492113092,6500,15307,336755,492449847
2019-06-14,6177291,487448958,5100,15407,326937,487775895
2019-06-17,3876026,486043001,9500,19907,427005,486470006
2019-06-18,9037520,473317201,5900,19807,443479,473760680
2019-06-19,19268350,476132727,8551,20858,471391,476604118
2019-06-20,18765872,450009117,9100,18358,427925,450437042
2019-06-21,15543164,442637279,11000,19858,469244,443106523
2019-06-24,12579692,444734720,9900,20858,488912,445223632
2019-06-25,7560685,438666386,8900,17558,411032,439077418
2019-06-26,9028345,437256268,14100,22758,538682,437794950
2019-06-27,11184759,437681753,8900,19958,478992,438160745
2019-06-28,4340878,420272440,11700,22758,543916,420816356
2019-07-01,21778167,427856310,8900,19958,486176,428342486
2019-07-02,7724245,416384899,10700,21758,530243,416915142
2019-07-03,5288015,412087813,16800,31458,764115,412851928
2019-07-04,8693290,414812977,6100,31858,777653,415590630
2019-07-05,10166393,416580871,9300,32058,768109,417348980
2019-07-08,13553993,415921727,11300,30058,692537,416614264
2019-07-09,5267722,416269606,9600,30558,711085,416980691
2019-07-10,5662085,414966698,12800,31558,725834,415692532
2019-07-11,9126564,418764502,9200,31658,723069,419487571
2019-07-12,12382407,424923242,9300,29858,685838,425609080
2019-07-15,21001811,432406987,12783,32341,726378,433133365
2019-07-16,7404004,430561803,9700,30541,685340,431247143
2019-07-17,15433499,435211829,6500,30641,680230,435892059
2019-07-18,9605054,438514694,9000,30441,662701,439177395
2019-07-19,8003135,437892395,9900,30641,672570,438564965
2019-07-22,13581116,439310302,12700,33941,745684,440055986
2019-07-23,11503573,441711752,9280,32721,729351,442441103
2019-07-24,8865937,433022420,9100,30265,689134,433711554
2019-07-25,10296931,436276847,1400,31665,722596,436999443
2019-07-26,10830931,440171508,2100,30465,686376,440857884
2019-07-29,13206487,445999491,7356,30821,707342,446706833
2019-07-30,14406052,439384651,3200,30821,696862,440081513
2019-07-31,4786668,436077287,7700,31121,702089,436779376
2019-08-01,7202799,439108760,1400,32521,727820,439836580
2019-08-02,9212978,436991946,9500,31721,688663,437680609
2019-08-05,15867967,441083009,9000,30521,642467,441725476
2019-08-06,30400391,460298665,12800,26221,528878,460827543
2019-08-07,5985988,458753497,4300,24021,480180,459233677
2019-08-08,9012996,460294816,3800,26021,519379,460814195
2019-08-09,6988022,458069651,6800,28821,569791,458639442
2019-08-12,8734310,458274662,6900,28321,566137,458840799
2019-08-13,3753178,441799907,3400,27621,546896,442346803
2019-08-14,12573513,448346968,7600,26421,524721,448871689
2019-08-15,23714747,453332686,10000,27621,542200,453874886
2019-08-16,9708235,447904050,3100,27221,543604,448447654
2019-08-19,11377258,440466055,15100,30521,639415,441105470
2019-08-20,7317327,434029984,4400,30921,643157,434673141
2019-08-21,6122534,435172179,2100,31421,648530,435820709
2019-08-22,6092638,433812033,4700,21121,439528,434251561
2019-08-23,14665783,438460722,0,20221,414329,438875051
2019-08-26,15753541,445851537,9200,16921,335036,446186573
2019-08-27,17664713,442740636,12900,17721,371078,443111714
2019-08-28,10899630,439981650,8800,17821,371390,440353040
2019-08-29,8662633,432137160,7100,18721,395013,432532173
2019-08-30,89174460,456657258,7700,17621,334623,456991881
2019-09-02,89222306,514097399,12200,18921,350606,514448005
2019-09-03,35843019,492702577,9500,19621,364362,493066939
2019-09-04,31936889,497865467,13500,21821,403252,498268719
2019-09-05,50328842,505590263,11400,21121,397286,505987549
2019-09-06,25061858,506006302,8800,18521,348195,506354497
2019-09-09,44932621,514286515,9900,18621,361993,514648508
2019-09-10,35958135,521391154,14200,21621,422691,521813845
2019-09-11,33945403,517499656,9899,21720,422237,517921893
2019-09-12,17450215,511086158,7484,22404,437326,511523484
2019-09-16,24654885,515895253,9900,21004,411678,516306931
2019-09-17,28087308,517196433,8900,21104,396755,517593188
2019-09-18,16518826,514456238,9800,18704,352757,514808995
2019-09-19,14342815,514545305,8900,14904,281834,514827139
2019-09-20,19430058,516513571,9900,16204,308362,516821933
2019-09-23,17236102,515435796,13400,19704,366494,515802290
2019-09-24,10818382,510100943,8900,17664,328197,510429140
2019-09-25,24062088,515024094,11700,18062,329270,515353364
2019-09-26,24234341,518374339,10000,16362,287808,518662147
2019-09-27,12813886,512672828,12100,20362,355928,513028756
2019-09-30,10654189,506473049,9000,16562,281885,506754934
2019-10-08,17706296,505319324,6900,17062,285959,505605283
2019-10-09,15118928,511655521,1900,13362,223012,511878533
2019-10-10,31255393,517291576,10300,15862,275364,517566940
2019-10-11,15784008,517804514,4800,10562,181983,517986497
2019-10-14,14695458,519969404,7500,13162,228756,520198160
2019-10-15,25610913,531861692,7900,14762,248740,532110432
2019-10-16,22291176,543515895,9400,16662,279255,543795150
2019-10-17,9169038,543407247,500,15762,263698,543670945
2019-10-18,19201945,538487886,8500,16480,268789,538756675
2019-10-21,22707919,537201219,7100,13295,211789,537413008
2019-10-22,15937692,536164801,5400,17495,282019,536446820
2019-10-23,9895997,538041308,8400,17595,280992,538322300
2019-10-24,11146865,535326506,5000,17185,271523,535598029
2019-10-25,14114294,536149820,8501,17286,270699,536420519
2019-10-28,27735267,545003712,10400,19286,311276,545314988
2019-10-29,22814126,542209331,1900,17686,280677,542490008
2019-10-30,18027474,537885643,4600,20086,325192,538210835
2019-10-31,21870223,544746668,7840,17526,274983,545021651
2019-11-01,19338450,542649241,10300,19426,299549,542948790
2019-11-04,19734705,543521276,0,19426,300520,543821796
2019-11-05,14149187,533071468,8500,16726,254570,533326038
2019-11-06,14342676,533522075,1400,18126,275878,533797953
2019-11-07,17810464,540681145,11200,20126,305311,540986456
2019-11-08,20097159,538535452,5800,17525,260947,538796399
2019-11-11,26526127,534311835,1600,14081,198683,534510518
2019-11-12,8064185,530667188,1600,11281,161318,530828506
2019-11-13,8722152,521206325,1800,12381,174324,521380649
2019-11-14,11711492,517598304,2200,13681,193860,517792164
2019-11-15,26696597,526506695,1700,13081,182611,526689306
2019-11-18,9579286,520346649,0,12181,169316,520515965
2019-11-19,11936923,519217331,2500,14581,208071,519425402
2019-11-20,9648067,514837489,400,14981,213030,515050519
2019-11-21,11547735,511720442,1100,15181,215570,511936012
2019-11-22,10034092,505012414,1500,14381,200903,505213317
2019-11-25,19684776,509461829,2700,14881,217114,509678943
2019-11-26,13838460,513814289,1600,13381,191616,514005905
2019-11-27,13206335,513821159,1500,13381,188003,514009162
2019-11-28,10934850,513917929,2900,16281,226957,514144886
2019-11-29,9655971,508024466,200,15681,217339,508241805
2019-12-02,7268317,507142076,0,15681,219220,507361296
2019-12-03,52781962,509268012,4100,18481,284238,509552250
2019-12-04,33331049,505021216,1500,18181,278533,505299749
2019-12-05,43754402,520737405,1800,14481,225614,520963019
2019-12-06,26590465,520870576,1600,14481,224745,521095321
2019-12-09,33568708,518214594,5500,19181,306704,518521298
2019-12-10,34314520,519113308,0,16581,260322,519373630
2019-12-11,28252894,523999050,2700,19281,303869,524302919
2019-12-12,24806972,524663385,700,19981,307907,524971292
2019-12-13,26716117,516863124,0,17581,276373,517139497
2019-12-16,50808155,517460048,1700,19281,318715,517778763
2019-12-17,44162383,525390079,1300,20581,341027,525731106
2019-12-18,42113677,523730536,600,21181,349063,524079599
2019-12-19,31854350,527500586,100,18481,309002,527809588
2019-12-20,41842522,538394133,0,18481,301055,538695188
2019-12-23,27793606,542779756,0,16781,262623,543042379
2019-12-24,18962647,545112971,0,16781,269671,545382642
2019-12-25,15855072,539509902,0,16781,266818,539776720
2019-12-26,15337806,538631206,0,16781,269335,538900541
2019-12-27,54897638,532062371,1100,17881,295394,532357765
2019-12-30,28484924,534451893,0,16781,278900,534730793
2019-12-31,26156252,537546961,1500,18281,305476,537852437
2020-01-02,47805468,527309462,0,16881,289340,527598802
2020-01-03,39480593,529804963,1300,18181,309077,530114040
2020-01-06,45567742,533477024,0,18181,304532,533781556
2020-01-07,28341205,531461513,0,18181,309804,531771317
2020-01-08,52512756,528114443,300,16981,275092,528389535
2020-01-09,33115396,528521282,4300,21281,350498,528871780
2020-01-10,19266842,525180864,0,21081,344253,525525117
2020-01-13,26073305,521989817,0,19881,332212,522322029
2020-01-14,58773842,530076419,0,18581,321637,530398056
2020-01-15,31448416,527290607,1500,19381,327733,527618340
2020-01-16,30783177,529812621,500,18581,308816,530121437
2020-01-17,25586210,529438845,0,17981,296147,529734992
2020-01-20,23037605,524852312,400,14081,236279,525088591
2020-01-21,24605045,520161723,700,14081,229379,520391102
2020-01-22,18620845,519614243,200,13781,223941,519838184
2020-01-23,23474967,490783915,2700,13081,191375,490975290
2020-02-03,7529289,489704921,0,11881,156473,489861394
2020-02-04,31330733,477978667,0,11881,158017,478136684
2020-02-05,18838397,465873280,0,11881,158968,466032248
2020-02-06,30429415,463069955,200,11981,172047,463242002
2020-02-07,29765492,453141769,300,11881,180235,453322004
2020-02-10,39001536,435691317,3900,14581,231400,435922717
2020-02-11,22893784,433327630,0,8200,122836,433450466
2020-02-12,26138174,442730732,0,7800,119262,442849994
2020-02-13,12536923,434015211,4500,12300,186714,434201925
2020-02-14,12491488,433251948,0,12300,184131,433436079
2020-02-17,17632470,427423885,2400,14700,227409,427651294
2020-02-18,19057949,419447609,0,14700,230496,419678105
2020-02-19,15920114,417755745,0,14700,226674,417982419
2020-02-20,18522343,415641010,0,14700,228291,415869301
2020-02-21,23541424,410997388,700,15400,244090,411241478
2020-02-24,34594283,418183015,0,14700,230496,418413511
2020-02-25,29139010,411769261,700,15400,239162,412008423
2020-02-26,17437859,410119842,0,15400,231770,410351612
2020-02-27,11919570,408607463,0,15400,228228,408835691
2020-02-28,14106291,405927951,0,13000,181870,406109821
2020-03-02,11644489,404758751,0,13000,189020,404947771
2020-03-03,15307600,406823682,0,13000,190450,407014132
2020-03-04,29680842,414669566,0,13000,196300,414865866
2020-03-05,26957152,418281178,0,12300,190896,418472074
2020-03-06,19719975,416007860,0,12300,187698,416195558
2020-03-09,14165414,414917023,0,12300,178965,415095988
2020-03-10,13374011,406229003,2400,14700,215943,406444946
2020-03-11,5469151,401807652,0,13700,197691,402005343
2020-03-12,9888614,399684640,1000,13300,186200,399870840
2020-03-13,10271647,398484541,1400,13700,187279,398671820
2020-03-16,5159962,391893380,0,13700,180840,392074220
2020-03-17,8937595,390788980,0,13300,173033,390962013
2020-03-18,7500931,389209740,0,13300,166250,389375990
2020-03-19,8373159,390712083,0,10000,125000,390837083
2020-03-20,5877979,390948913,0,10000,128000,391076913
2020-03-23,8068688,389380709,0,10000,121400,389502109
2020-03-24,6665834,389097964,0,10000,123200,389221164
2020-03-25,6947455,389925046,0,10000,126200,390051246
2020-03-26,4440324,384557680,0,10000,123700,384681380
2020-03-27,5536541,384052534,38600,48600,597294,384649828
2020-03-30,6583902,382696735,0,47600,571200,383267935
2020-03-31,3067024,382572677,0,47100,562845,383135522
2020-04-01,6121836,382054268,0,47100,565671,382619939
2020-04-02,5508934,380627356,0,47100,579330,381206686
2020-04-03,14796562,387672733,3100,50200,618464,388291197
2020-04-07,12378314,390393217,0,47100,595815,390989032
2020-04-08,15161323,397396799,3000,50100,648294,398045093
2020-04-09,10132710,398053104,0,47100,637263,398690367
2020-04-10,6723721,387621515,3100,50200,675190,388296705
2020-04-13,3684995,380759488,27500,77700,1029525,381789013
2020-04-14,8392510,383977566,51500,129200,1715776,385693342
2020-04-15,9859698,387616300,0,129200,1679600,389295900
2020-04-16,9102068,387478162,0,36800,493488,387971650
2020-04-17,46484966,398257226,2400,16700,233633,398490859
2020-04-20,52699239,424056488,50900,67200,962976,425019464
2020-04-21,20593688,422530998,400,12400,174220,422705218
2020-04-22,13269918,415169064,0,10500,151725,415320789
2020-04-23,25337568,420958713,21100,31600,453776,421412489
2020-04-24,22113025,419481755,31100,60700,849800,420331555
2020-04-27,8686582,409302256,8400,69100,972237,410274493
2020-04-28,10094039,401971239,3100,72200,978310,402949549
2020-04-29,5898508,400749625,800,73000,969440,401719065
2020-04-30,15346035,400093161,0,72200,960982,401054143
2020-05-06,9516844,402388162,0,71800,958530,403346692
2020-05-07,22339227,409208377,44200,116000,1584560,410792937
2020-05-08,14343164,406978350,0,115500,1560405,408538755
2020-05-11,10886568,407365800,0,112300,1481237,408847037
2020-05-12,12343113,406505770,3200,111800,1461226,407966996
2020-05-13,7974386,402964797,0,109400,1429858,404394655
2020-05-14,5887098,402374671,18000,127400,1652378,404027049
2020-05-15,29891229,393341855,2400,128800,1837976,395179831
2020-05-18,43242091,400106882,2300,131100,1870797,401977679
2020-05-19,18197975,382656234,0,43400,624092,383280326
2020-05-20,17998885,382483392,0,18000,262260,382745652
2020-05-21,9429823,380308990,800,18800,271284,380580274
2020-05-22,6184390,375468231,900,19700,276982,375745213
2020-05-25,9367558,376730821,200,19900,280988,377011809
2020-05-26,19461170,371049057,34100,35800,539864,371588921
2020-05-27,8774246,362017982,600,35500,532145,362550127
2020-05-28,16858285,369217985,0,34200,500688,369718673
2020-05-29,14815015,374195200,600,34600,498240,374693440
2020-06-01,12624451,369930844,900,34900,520010,370450854
2020-06-02,13080560,358951374,700,34700,529869,359481243
2020-06-03,8346066,354816518,1700,2500,37775,354854293
2020-06-04,43671028,357211477,700,1500,24495,357235972
2020-06-05,18028998,346952928,200,1200,20016,346972944
2020-06-08,16270708,331961251,0,1000,17080,331978331
2020-06-09,19182852,333946452,0,900,15669,333962121
2020-06-10,27885758,328508954,300,1200,21900,328530854
2020-06-11,78088897,356334480,2000,2900,51968,356386448
2020-06-12,56700188,378504445,0,2900,53592,378558037
2020-06-15,53536487,406247668,300,3100,56606,406304274
2020-06-16,41848228,413202367,0,3000,55170,413257537
2020-06-17,42561014,437645790,200,3000,54600,437700390
2020-06-18,60940962,434534831,200,3100,57660,434592491
2020-06-19,70171963,425899586,100,900,17127,425916713
2020-06-22,67078305,437640816,0,900,16281,437657097
2020-06-23,31106757,416176219,0,800,14864,416191083
2020-06-24,37276811,420633756,0,800,14808,420648564
2020-06-29,69999141,448560016,400,1200,20784,448580800
2020-06-30,65722353,477284714,0,1200,20076,477304790
2020-07-01,36827987,487785827,0,1200,20040,487805867
2020-07-02,33293796,499997626,2000,3200,53792,500051418
2020-07-03,64085954,539552018,0,2900,48488,539600506
2020-07-06,79882399,527129299,0,900,15471,527144770
2020-07-07,97659777,561933926,0,900,15768,561949694
2020-07-08,86096188,580998402,0,900,15498,581013900
2020-07-09,205931098,679501219,2300,3100,57877,679559096
2020-07-10,101154905,664887868,0,800,14256,664902124
2020-07-13,65438965,610671959,0,800,14504,610686463
2020-07-14,77849673,620460714,0,800,14408,620475122
2020-07-15,55651017,604561449,2400,3200,58400,604619849
2020-07-16,69821782,609471628,0,800,13344,609484972
2020-07-17,21113418,608175040,0,800,13520,608188560
2020-07-20,27248519,614610735,2400,3200,55328,614666063
2020-07-21,28707488,621736993,0,3200,54272,621791265
2020-07-22,20345477,615941199,0,800,13856,615955055
2020-07-23,28958054,607559926,500,1300,21840,607581766
2020-07-24,24630449,586378010,700,1500,23235,586401245
2020-07-27,15163975,585935454,0,800,11840,585947294
2020-07-28,8607133,578066365,2400,3200,48832,578115197
2020-07-29,19441316,574353089,0,3200,52032,574405121
2020-07-30,17981121,581831434,0,3200,52128,581883562
2020-07-31,8944366,574337778,0,3200,52288,574390066
2020-08-03,41500062,589762907,0,3200,54848,589817755
2020-08-04,22295384,596180837,0,3200,54944,596235781
2020-08-05,26300983,591489740,0,3200,55680,591545420
2020-08-06,18513139,583133864,0,3200,54336,583188200
2020-08-07,17280681,584572497,0,3200,53824,584626321
2020-08-10,13220106,584394166,0,3200,53440,584447606
2020-08-11,19893585,584313560,0,3200,52416,584365976
2020-08-12,16581767,577897485,0,3200,51520,577949005
2020-08-13,8773522,577679090,0,3200,51264,577730354
2020-08-14,12522329,578477946,0,3200,51552,578529498
2020-08-17,13483498,576680424,0,3200,52480,576732904
2020-08-18,10612788,574512925,0,3200,52928,574565853
2020-08-19,12119604,573536343,0,3200,51840,573588183
2020-08-20,12597662,577502619,0,3200,50880,577553499
2020-08-21,12674067,582691074,0,3200,50624,582741698
2020-08-24,12050541,587069929,0,3200,51168,587121097
2020-08-25,10145632,579753036,0,3200,52160,579805196
2020-08-26,15327792,580137971,0,3200,51264,580189235
2020-08-27,10061558,578629796,0,3200,50880,578680676
2020-08-28,25705280,578503092,0,3200,51264,578554356
2020-08-31,25050425,585102495,0,3200,50880,585153375
2020-09-01,10039681,585151226,0,3200,50912,585202138
2020-09-02,42673198,609629330,0,3200,53472,609682802
2020-09-03,38957712,610573809,0,3200,53312,610627121
2020-09-04,28760764,604142895,0,2300,38548,604181443
2020-09-07,49307448,619100265,900,3200,54336,619154601
2020-09-08,55763446,636040652,0,2300,40894,636081546
2020-09-09,39339392,631968612,0,2300,39468,632008080
2020-09-10,25837018,613785140,900,3200,52736,613837876
2020-09-11,19177731,612804824,0,3200,53856,612858680
2020-09-14,38884454,628085066,0,3200,53824,628138890
2020-09-15,24300591,634119265,0,3200,52384,634171649
2020-09-16,19525855,634152892,0,3200,50688,634203580
2020-09-17,12410337,632457232,0,3200,51296,632508528
2020-09-18,12289299,632128327,0,3200,51936,632180263
2020-09-21,19550716,639929554,0,3200,51264,639980818
2020-09-22,12389860,643923015,0,3200,50720,643973735
2020-09-23,13950212,644502245,0,3200,52256,644554501
2020-09-24,24277648,648479149,0,3200,52576,648531725
2020-09-25,24803122,653333325,0,3200,50368,653383693
2020-09-28,12189459,644299920,0,3200,48800,644348720
2020-09-29,10839804,647059917,0,3200,48832,647108749
2020-09-30,4173857,637651639,0,800,12120,637663759
2020-10-09,11065848,619090782,900,1700,27778,619118560
2020-10-12,9417002,614641001,0,1700,28730,614669731
2020-10-13,11876204,614295017,0,1700,28662,614323679
2020-10-14,6729040,611316698,0,1700,28509,611345207
2020-10-15,24198491,624346384,0,1700,28509,624374893
2020-10-16,7711595,623166608,0,1700,28356,623194964
2020-10-19,20411552,629758172,600,2300,38387,629796559
2020-10-20,35166195,648620447,0,2300,39836,648660283
2020-10-21,16448835,647181608,0,2300,39790,647221398
2020-10-22,4753260,643176229,0,2300,39790,643216019
2020-10-23,7943357,636552122,0,2300,38870,636590992
2020-10-26,6257651,635359123,900,3200,53760,635412883
2020-10-27,6970051,632982218,0,3200,53472,633035690
2020-10-28,11968449,623516455,0,3200,52128,623568583
2020-10-29,21335502,592843484,0,2300,33971,592877455
2020-10-30,26900252,595111661,0,2300,31096,595142757
2020-11-02,14668537,593031215,0,800,10680,593041895
2020-11-03,11914937,594974198,0,800,10912,594985110
2020-11-04,16743792,602638546,0,800,10720,602649266
2020-11-05,22937730,599619894,0,800,10824,599630718
2020-11-06,23924133,599348129,2400,3200,41440,599389569
2020-11-09,9050631,588690305,0,1300,17459,588707764
2020-11-10,10004961,585378876,0,1300,17303,585396179
2020-11-11,5333475,580085845,0,1300,17199,580103044
2020-11-12,5650755,574194112,900,2200,28776,574222888
2020-11-13,10599452,576563398,0,1300,16913,576580311
2020-11-16,15588504,577143916,1300,2100,26943,577170859
2020-11-17,9009503,574407625,0,2100,27069,574434694
2020-11-18,8096929,567344304,0,800,10400,567354704
2020-11-19,19980033,573583807,0,800,10456,573594263
2020-11-20,8108711,576433831,0,800,10368,576444199
2020-11-23,10710547,573506669,0,800,10336,573517005
2020-11-24,11487261,573557659,0,800,10408,573568067
2020-11-25,12033399,576500415,0,800,10232,576510647
2020-11-26,7292428,579203007,0,800,10208,579213215
2020-11-27,7946180,578435719,0,800,10136,578445855
2020-11-30,7175457,579166699,0,800,10120,579176819
2020-12-01,7972528,580329088,0,800,10208,580339296
2020-12-02,7753155,573447703,0,800,10504,573458207
2020-12-03,13521759,580605434,0,800,10400,580615834
2020-12-04,9671267,583024454,0,800,10344,583034798
2020-12-07,4298268,581285846,0,800,10440,581296286
2020-12-08,4121619,579108965,0,800,10384,579119349
2020-12-09,7141445,580598281,0,800,10184,580608465
2020-12-10,3864371,581198491,0,800,10144,581208635
2020-12-11,6347863,576054701,900,1700,21029,576075730
2020-12-14,6290637,578800254,0,900,11214,578811468
2020-12-15,6692572,573852469,1500,2400,31152,573883621
2020-12-16,7666731,573999182,0,2400,30864,574030046
2020-12-17,4904657,572310930,0,2400,30912,572341842
2020-12-18,4295505,569157510,0,2400,30552,569188062
2020-12-21,10979270,572226638,0,1500,19650,572246288
2020-12-22,10004045,572186563,0,1500,19020,572205583
2020-12-23,7912714,572161227,0,1500,19125,572180352
2020-12-24,9686897,572043130,0,1500,18195,572061325
2020-12-25,9246312,577727115,0,1500,18150,577745265
2020-12-28,6068111,570836987,0,1500,17340,570854327
2020-12-29,3790664,566078349,0,1500,17460,566095809
2020-12-30,4733670,565137080,0,1500,17385,565154465
2020-12-31,7464314,560752696,0,1500,17505,560770201
2021-01-04,9825163,562971747,0,1500,17685,562989432
2021-01-05,9157292,564916231,800,2300,27002,564943233
2021-01-06,6928724,562747720,0,1500,17580,562765300
2021-01-07,14383998,565940294,0,1500,16875,565957169
2021-01-08,7807613,560769567,0,1500,17625,560787192
2021-01-11,29664254,570910122,900,2400,30480,570940602
2021-01-12,11478720,574473447,0,1500,18480,574491927
2021-01-13,6688754,574716832,0,1500,18495,574735327
2021-01-14,11584180,578897989,0,1500,18585,578916574
2021-01-15,4081700,574794083,0,1500,18630,574812713
2021-01-18,7769339,570198467,0,1500,18990,570217457
2021-01-19,19627652,580028178,0,1500,18900,580047078
2021-01-20,9963951,587307363,0,1500,18930,587326293
2021-01-21,24598475,591450193,0,1500,19575,591469768
2021-01-22,14361337,596631951,0,1500,18750,596650701
2021-01-25,3196150,594479093,0,1500,18570,594497663
2021-01-26,4782059,595177667,0,1500,18600,595196267
2021-01-27,17928281,600363497,0,1500,19425,600382922
2021-01-28,32741523,617012391,0,1500,20040,617032431
2021-01-29,9486858,609376497,0,1500,20040,609396537
2021-02-01,37829351,614693821,0,1500,20595,614714416
2021-02-02,13256260,615371375,0,1500,20400,615391775
2021-02-03,10419393,617817817,0,1500,20115,617837932
2021-02-04,20781219,620558835,0,1500,20190,620579025
2021-02-05,8787319,618290058,900,2400,30120,618320178
2021-02-08,6807927,616434150,0,2400,30024,616464174
2021-02-09,5632454,613307996,0,2400,31104,613339100
2021-02-10,18549063,613471153,0,2400,32424,613503577
2021-02-18,12378021,612423736,0,2400,32928,612456664
2021-02-19,17102387,609259922,0,2400,34128,609294050
2021-02-22,32022369,621411504,0,2400,34080,621445584
2021-02-23,13339233,608992460,0,2400,34920,609027380
2021-02-24,19708239,603936104,0,2400,33432,603969536
2021-02-25,7887538,602710496,0,2400,32808,602743304
2021-02-26,17977470,603539882,0,2400,34032,603573914
2021-03-01,23046689,609671752,0,2400,35880,609707632
2021-03-02,15171917,611555434,0,2400,35352,611590786
2021-03-03,14509025,614466636,0,1500,22470,614489106
2021-03-04,30360174,611468553,900,2400,36864,611505417
2021-03-05,50333223,628633646,0,2400,36384,628670030
2021-03-08,29624600,633506960,0,2400,36048,633543008
2021-03-09,23968255,641038637,0,1500,21195,641059832
2021-03-10,11092957,639740994,0,1500,21405,639762399
2021-03-11,14269661,610395509,0,1500,23475,610418984
2021-03-12,14959791,610779724,0,1500,23565,610803289
2021-03-15,18545623,609860713,0,1500,23595,609884308
2021-03-16,28094285,601501555,0,1500,24240,601525795
2021-03-17,23579369,606302126,0,1500,23775,606325901
2021-03-18,19895682,606629151,0,1500,23850,606653001
2021-03-19,15704060,606934679,900,2400,37536,606972215
2021-03-22,21301935,606419757,0,1500,24480,606444237
2021-03-23,20129572,607111304,0,1500,24225,607135529
2021-03-24,25283566,603017309,0,1500,23625,603040934
2021-03-25,77647966,591208217,900,2400,30240,591238457
2021-03-26,26114846,580840433,0,1500,19935,580860368
2021-03-29,21137777,575453847,0,1500,19095,575472942
2021-03-30,18070207,566232356,800,2300,27623,566259979
2021-03-31,21432003,569699844,0,2300,28980,569728824
2021-04-01,14874201,575302443,0,2300,28957,575331400
2021-04-02,7876647,573833293,0,1500,19170,573852463
2021-04-06,10632128,575458361,0,1500,19995,575478356
2021-04-07,5723354,570182025,0,1500,20115,570202140
2021-04-08,6320951,566810751,0,1500,20070,566830821
2021-04-09,3376739,564595466,0,1500,19740,564615206
2021-04-12,4237753,561172676,0,1500,19455,561192131
2021-04-13,2963562,555135502,0,1500,19170,555154672
2021-04-14,4534807,548044964,0,1500,19110,548064074
2021-04-15,7256106,548268295,0,1500,18975,548287270
2021-04-16,5799508,547233015,0,1500,19665,547252680
2021-04-19,7328275,547955976,0,1500,19770,547975746
2021-04-20,13222421,556579276,0,1500,19500,556598776
2021-04-21,6447932,559531316,0,1500,19290,559550606
2021-04-22,4161055,560043885,0,1500,19335,560063220
2021-04-23,6489935,564139766,0,1500,19185,564158951
2021-04-26,11981836,569451801,0,1500,19095,569470896
2021-04-27,14393234,579029923,0,1500,19485,579049408
2021-04-28,10861992,580085819,0,1500,19020,580104839
2021-04-29,21919397,578521240,0,1500,17970,578539210
2021-04-30,9531318,567077240,0,1500,16800,567094040
2021-05-06,8391639,569610988,0,1500,17070,569628058
2021-05-07,3371755,568249284,0,1500,16800,568266084
2021-05-10,2138853,563739412,0,1500,16680,563756092
2021-05-11,4073346,565293735,0,1500,16680,565310415
2021-05-12,2741680,565212816,0,0,0,565212816
2021-05-13,7798344,567668301,0,0,0,567668301
2021-05-14,12422405,565357962,0,0,0,565357962
2021-05-17,7613988,559159291,0,0,0,559159291
2021-05-18,3552481,558928596,0,0,0,558928596
2021-05-19,11486601,565769388,0,0,0,565769388
2021-05-20,6035688,563119507,0,0,0,563119507
2021-05-21,7156908,561845893,0,0,0,561845893
2021-05-24,3353595,558581036,0,0,0,558581036
2021-05-25,14747865,570046025,0,0,0,570046025
2021-05-26,5576921,570382168,0,0,0,570382168
2021-05-27,23125310,573513066,0,0,0,573513066
2021-05-28,15976460,578953362,0,0,0,578953362
2021-05-31,9940244,573344349,0,0,0,573344349
2021-06-01,4131558,570817481,0,0,0,570817481
2021-06-02,5169033,570519664,0,0,0,570519664
2021-06-03,5575408,571451243,0,0,0,571451243
2021-06-04,15414235,580022328,0,0,0,580022328
2021-06-07,8862563,584417948,0,0,0,584417948
2021-06-08,10121245,583051578,0,0,0,583051578
2021-06-09,7450817,583485297,0,0,0,583485297
2021-06-10,10139081,583675092,0,0,0,583675092
2021-06-11,22588168,586499084,0,0,0,586499084
2021-06-15,16645764,591365841,0,0,0,591365841
2021-06-16,14934051,585745112,900,900,10179,585755291
2021-06-17,10556668,589378519,400,1300,14651,589393170
2021-06-18,8281061,587667144,0,0,0,587667144
2021-06-21,11355416,586087269,0,0,0,586087269
2021-06-22,7633680,579320628,0,0,0,579320628
2021-06-23,20197505,582126896,0,0,0,582126896
2021-06-24,12523870,581314745,0,0,0,581314745
2021-06-25,14511288,582129991,0,0,0,582129991
2021-06-28,8750126,584927170,0,0,0,584927170
2021-06-29,3883598,583382360,0,0,0,583382360
2021-06-30,13988821,591713667,0,0,0,591713667
2021-07-01,6976847,591793851,0,0,0,591793851
2021-07-02,5750834,592661986,0,0,0,592661986
2021-07-05,2485285,586645203,0,0,0,586645203
2021-07-06,8539788,586407245,0,0,0,586407245
2021-07-07,17661920,586959356,0,0,0,586959356
2021-07-08,24560885,582057168,0,0,0,582057168
2021-07-09,9639025,577122840,0,0,0,577122840
2021-07-12,16081328,582693318,0,0,0,582693318
2021-07-13,6092433,577370863,0,0,0,577370863
2021-07-14,5804713,576427267,0,0,0,576427267
2021-07-15,14263672,574398968,0,0,0,574398968
2021-07-16,9445149,575655854,0,0,0,575655854
2021-07-19,8459828,577219227,0,0,0,577219227
2021-07-20,7488645,578116172,0,0,0,578116172
2021-07-21,5444346,574731747,0,0,0,574731747
2021-07-22,4480244,573975811,6800,6800,76772,574052583
2021-07-23,13957115,580838960,0,6800,75344,580914304
2021-07-26,6209307,580644249,0,6800,76160,580720409
2021-07-27,13745150,582532321,200,7000,78120,582610441
2021-07-28,5650268,581614982,0,7000,75880,581690862
2021-07-29,5057285,576906288,2100,9100,100646,577006934
2021-07-30,2866862,570845706,100,9200,102580,570948286
2021-08-02,15544401,575362306,0,9200,106076,575468382
2021-08-03,5943586,569097506,0,9200,105064,569202570
2021-08-04,11435085,573302886,0,9200,104696,573407582
2021-08-05,13633404,579522228,0,9200,103776,579626004
2021-08-06,4961903,574231789,0,9200,102948,574334737
2021-08-09,9326163,573417907,0,9200,105064,573522971
2021-08-10,7457705,567062243,0,9200,106996,567169239
2021-08-11,12106961,567752613,0,9200,108836,567861449
2021-08-12,3307710,564144588,0,9200,108284,564252872
2021-08-13,7613878,566917531,0,9200,107640,567025171
2021-08-16,10659341,568500592,0,9200,110032,568610624
2021-08-17,7548569,564469865,0,9200,110308,564580173
2021-08-18,5833942,561924291,0,9200,112700,562036991
2021-08-19,42873861,573222486,0,9200,121072,573343558
2021-08-20,54399073,567262868,0,9200,140944,567403812
2021-08-23,73313830,546169871,0,9200,149040,546318911
2021-08-24,53206389,538871493,0,9200,150696,539022189
2021-08-25,72358260,525662898,0,9200,170660,525833558
2021-08-26,61954467,550390500,0,9200,161368,550551868
2021-08-27,20463308,509365250,0,9200,160540,509525790
2021-08-30,47405687,483414180,0,9200,166888,483581068
2021-08-31,37635963,483221598,0,9200,173328,483394926
2021-09-01,65390030,498273184,0,9200,168820,498442004
2021-09-02,22809063,485657013,0,9200,176640,485833653
2021-09-03,97936122,514410391,0,9200,200468,514610859
2021-09-06,62041743,530559735,0,9200,205712,530765447
2021-09-07,58819071,503346798,0,9200,198076,503544874
2021-09-08,60994083,497821240,0,9200,204424,498025664
2021-09-09,29228505,459001269,0,9200,199548,459200817
2021-09-10,45371526,461043999,0,9200,210220,461254219
2021-09-13,26557426,442419340,0,8900,193931,442613271
2021-09-14,14596257,432035480,0,8900,193219,432228699
2021-09-15,12992486,390216190,0,8900,204700,390420890
2021-09-16,50868294,407886994,0,8900,175063,408062057
2021-09-17,13806391,394789180,0,8900,177733,394966913
2021-09-22,15176015,383586361,0,8900,194376,383780737
2021-09-23,15239275,385869851,0,8900,188947,386058798
2021-09-24,12524323,380697119,0,8900,185298,380882417
2021-09-27,14392133,371760165,0,8900,173016,371933181
2021-09-28,2049364,360517723,0,8900,176220,360693943
2021-09-29,10045534,361399654,0,8900,168566,361568220
2021-09-30,3371260,350141865,0,8900,175508,350317373
2021-10-08,14629350,358431282,0,8900,174529,358605811
2021-10-11,24154879,366266916,0,8900,168299,366435215
2021-10-12,9934384,370749259,0,8900,164917,370914176
2021-10-13,4147017,367393125,0,8900,161090,367554215
2021-10-14,12466542,361437702,0,8900,159755,361597457
2021-10-15,11936987,365157287,0,8900,156818,365314105
2021-10-18,8746959,364266152,0,8900,162069,364428221
2021-10-19,8718813,361487020,0,8900,163760,361650780
2021-10-20,6408414,359768251,0,8900,164561,359932812
2021-10-21,7917923,354676526,0,8900,164205,354840731
2021-10-22,12028032,354311927,0,8900,159132,354471059
2021-10-25,16621960,357898395,0,8900,161624,358060019
2021-10-26,26803669,365135500,0,8900,176843,365312343
2021-10-27,11224505,360097240,0,8900,177377,360274617
2021-10-28,16375051,358671606,0,8900,164650,358836256
2021-10-29,8071422,335941796,8000,16900,312481,336254277
2021-11-01,22435793,341789997,8000,16900,337493,342127490
2021-11-02,18698077,344119906,8000,16900,334620,344454526
2021-11-03,15391857,349903448,3650,16850,326890,350230338
2021-11-04,14565359,342774092,8000,16900,364702,343138794
2021-11-05,28722842,361086557,2800,16900,350675,361437232
2021-11-08,10734391,357946610,6300,15600,330564,358277174
2021-11-09,14434479,346330561,8000,16600,358892,346689453
2021-11-10,40640892,332527982,8000,16600,372172,332900154
2021-11-11,19673808,335204295,0,8600,192812,335397107
2021-11-12,23133465,338869885,0,8600,206400,339076285
2021-11-15,18547185,324350654,0,8600,224030,324574684
2021-11-16,28204347,331493722,0,8600,223858,331717580
2021-11-17,17595219,325639602,0,8600,226180,325865782
2021-11-18,25008283,328322347,0,8600,240628,328562975
2021-11-19,31176694,312391273,0,8600,239940,312631213
2021-11-22,20241141,302724266,0,8600,233060,302957326
2021-11-23,18327478,295511234,0,2500,70925,295582159
2021-11-24,20525479,289540195,2400,4900,133623,289673818
2021-11-25,16233398,280925930,1200,6100,166042,281091972
2021-11-26,10131355,269294490,0,6100,164151,269458641
2021-11-29,14232314,272468672,0,6100,161833,272630505
2021-11-30,37161344,288862627,0,5600,139160,289001787
2021-12-01,24798511,298567485,0,5600,135072,298702557
2021-12-02,5794016,297881745,300,5900,141010,298022755
2021-12-03,12235174,276710773,0,5900,150509,276861282
2021-12-06,22336451,278895331,0,5900,162899,279058230
2021-12-07,18347820,279841130,0,5900,157235,279998365
2021-12-08,10782116,280720104,0,5900,156645,280876749
2021-12-09,9257373,276642712,0,5900,154462,276797174
2021-12-10,5140657,273933181,0,5900,157176,274090357
2021-12-13,15934521,277081145,0,5900,166321,277247466
2021-12-14,18971537,268882777,0,5900,172575,269055352
2021-12-15,20935427,266451790,0,5900,179242,266631032
2021-12-16,21276519,261033497,0,5900,180894,261214391
2021-12-17,14476348,257568941,0,5900,181838,257750779
2021-12-20,14173535,257773435,1000,6900,203550,257976985
2021-12-21,7027575,241442175,0,5900,183254,241625429
2021-12-22,26474998,252403611,1000,6900,214452,252618063
2021-12-23,10492749,242880329,0,5900,181248,243061577
2021-12-24,7900922,242632721,1000,6900,217005,242849726
