日期,融资买入额(元),融资余额(元),融券卖出量,融券余量,融券余额(元),融资融券余额(元)
2017-07-12,90685553,1231119217,188100,315087,3409241,1234528458
2017-07-13,52774128,1217244629,100000,320087,3392922,1220637551
2017-07-14,57409953,1206302426,28100,314387,3269625,1209572051
2017-07-17,93428143,1163987506,88700,313787,2937046,1166924552
2017-07-18,70881510,1163339336,53300,322087,3069489,1166408825
2017-07-19,51852443,1159235079,45000,271587,2590940,1161826019
2017-07-20,49082357,1145899107,11100,271587,2585508,1148484615
2017-07-21,56001526,1124506893,70800,277387,2701749,1127208642
2017-07-24,55623078,1116833205,50300,292987,2871273,1119704478
2017-07-25,44553129,1118190296,39700,246587,2362303,1120552599
2017-07-26,44765537,1118160838,56600,288187,2711840,1120872678
2017-07-27,72056065,1142294312,45000,263187,2523963,1144818275
2017-07-28,41383286,1126789488,40000,258187,2463104,1129252592
2017-07-31,58873133,1117235681,25000,243187,2378369,1119614050
2017-08-01,83635594,1115163349,73400,273487,2740340,1117903689
2017-08-02,83140591,1117875716,64950,280037,2777967,1120653683
2017-08-03,58458957,1104918972,25000,280037,2811571,1107730543
2017-08-04,52266524,1086545461,0,240037,2340361,1088885822
2017-08-07,35947799,1086124815,25000,245037,2403813,1088528628
2017-08-08,61567488,1091746929,25000,145037,1441668,1093188597
2017-08-09,67214726,1111160885,71300,191337,1913370,1113074255
2017-08-10,46042369,1098911763,22200,212537,2072236,1100983999
2017-08-11,66882585,1098604704,145400,245437,2405283,1101009987
2017-08-14,87079861,1115085260,81300,302537,3061674,1118146934
2017-08-15,105020884,1139038147,8400,280937,2871176,1141909323
2017-08-16,69668561,1128541352,20000,280937,2845892,1131387244
2017-08-17,103210704,1135998246,134100,395037,4053080,1140051326
2017-08-18,108004788,1116516590,25000,345037,3522828,1120039418
2017-08-21,112214031,1093377756,71300,326387,3427064,1096804820
2017-08-22,400652998,1195010126,119400,369487,4164118,1199174244
2017-08-23,219256446,1174846440,50000,317987,3396101,1178242541
2017-08-24,124230565,1194604801,50000,367987,3926421,1198531222
2017-08-25,93675250,1186255940,98900,391887,4185353,1190441293
2017-08-28,116244560,1198263261,75000,423987,4545141,1202808402
2017-08-29,114807701,1191713121,2000,285087,3013370,1194726491
2017-08-30,68419616,1197576055,700,285787,3017911,1200593966
2017-08-31,73636559,1199309594,25000,245087,2561159,1201870753
2017-09-01,85509886,1203745253,65000,310087,3274519,1207019772
2017-09-04,145909837,1232808339,185000,420087,4566346,1237374685
2017-09-05,85822139,1252704880,20000,345087,3695882,1256400762
2017-09-06,65904571,1252010106,0,305087,3243075,1255253181
2017-09-07,82047731,1247767952,45692,350779,3711242,1251479194
2017-09-08,67478482,1243398994,0,280779,2922909,1246321903
2017-09-11,56909004,1236364636,0,255779,2667775,1239032411
2017-09-12,98155815,1234911638,41000,246787,2514760,1237426398
2017-09-13,58006553,1230234349,107500,338287,3514802,1233749151
2017-09-14,53579314,1223271703,0,159287,1650213,1224921916
2017-09-15,59060428,1222114016,46100,201887,2097606,1224211622
2017-09-18,76430576,1209415567,222400,329287,3490442,1212906009
2017-09-19,57940316,1215034582,20000,179287,1880721,1216915303
2017-09-20,70930237,1212740330,55700,216487,2288268,1215028598
2017-09-21,59360686,1210257974,31500,247987,2554266,1212812240
2017-09-22,36482699,1201047177,19600,210387,2143844,1203191021
2017-09-25,37513459,1204684034,0,120387,1201462,1205885496
2017-09-26,29924740,1209360722,0,70387,709501,1210070223
2017-09-27,29831180,1204487578,25000,75787,765449,1205253027
2017-09-28,54250038,1220762367,0,50787,511933,1221274300
2017-09-29,51226677,1217029205,70000,120787,1225988,1218255193
2017-10-09,58689850,1214190553,13100,108887,1108470,1215299023
2017-10-10,72882049,1230184140,10100,105187,1082374,1231266514
2017-10-11,75306042,1208044797,52000,52087,537538,1208582335
2017-10-12,57217085,1189121315,50000,54387,564537,1189685852
2017-10-13,125256556,1189743462,210700,215087,2275620,1192019082
2017-10-16,112120611,1200135906,0,140087,1434491,1201570397
2017-10-17,34384039,1203031604,0,140087,1421883,1204453487
2017-10-18,82527163,1157146704,50000,190087,1954094,1159100798
2017-10-19,72099664,1166998080,2000,52087,525558,1167523638
2017-10-20,24592933,1153100909,0,50087,505879,1153606788
2017-10-23,66128250,1155994864,240000,290087,2990797,1158985661
2017-10-24,47110014,1152071451,0,100087,1016884,1153088335
2017-10-25,53239951,1160446973,2200,2287,23510,1160470483
2017-10-26,46334012,1155817711,73300,75587,770987,1156588698
2017-10-27,47389011,1141850239,0,73387,751483,1142601722
2017-10-30,65254642,1142256111,20000,93387,917994,1143174105
2017-10-31,35322964,1139787893,0,73387,719926,1140507819
2017-11-01,24676573,1131762207,0,50087,490853,1132253060
2017-11-02,25112977,1116609992,122000,172087,1643431,1118253423
2017-11-03,29411442,1109077936,0,104287,980298,1110058234
2017-11-06,37846434,1120259488,25000,25087,236320,1120495808
2017-11-07,31388579,1116926930,0,25087,238828,1117165758
2017-11-08,44879665,1134561392,0,87,829,1134562221
2017-11-09,20831443,1129410292,30000,30087,284021,1129694313
2017-11-10,18796373,1107751330,0,30087,285526,1108036856
2017-11-13,31131573,1097368322,0,30087,291242,1097659564
2017-11-14,35729526,1102634695,0,30087,286729,1102921424
2017-11-15,17159154,1093795068,0,30087,285526,1094080594
2017-11-16,32150432,1097925453,20000,50087,480334,1098405787
2017-11-17,38450085,1086265901,0,50087,455291,1086721192
2017-11-20,33847311,1068666467,61500,61587,541350,1069207817
2017-11-21,22379296,1057485224,0,36587,320868,1057806092
2017-11-22,23614974,1046062238,90000,101587,881775,1046944013
2017-11-23,22518521,1042918499,25000,126587,1096243,1044014742
2017-11-24,14582626,1030940145,0,75087,638990,1031579135
2017-11-27,24764673,1031454841,144200,194287,1678640,1033133481
2017-11-28,17160120,1035060010,0,104287,909383,1035969393
2017-11-29,15945140,1036649374,0,104287,908340,1037557714
2017-11-30,21918780,1037955774,0,100087,857746,1038813520
2017-12-01,22965495,1032626898,0,100087,871758,1033498656
2017-12-04,18189279,1021899572,0,100087,881766,1022781338
2017-12-05,25495782,1024997596,46500,146587,1244524,1026242120
2017-12-06,19959193,1014854066,4200,104287,899997,1015754063
2017-12-07,11975023,1014711247,0,100087,859747,1015570994
2017-12-08,11980267,1012078393,0,100087,865753,1012944146
2017-12-11,16503651,1013036133,0,100087,875761,1013911894
2017-12-12,20790817,1014723393,0,100087,867754,1015591147
2017-12-13,19297941,1011899132,0,100087,874760,1012773892
2017-12-14,12250057,1008469244,0,100087,873760,1009343004
2017-12-15,35514338,1017995215,0,100087,882767,1018877982
2017-12-18,18192148,1016089259,0,100087,873760,1016963019
2017-12-19,18923736,1017806104,0,100087,869756,1018675860
2017-12-20,18089184,1016161069,0,100087,853742,1017014811
2017-12-21,15308068,1019847069,0,100087,857746,1020704815
2017-12-22,15254594,1013907672,0,100087,844734,1014752406
2017-12-25,19019007,1013824831,32150,132237,1088311,1014913142
2017-12-26,10288959,1009813259,2900,104287,867668,1010680927
2017-12-27,12060175,1009945701,0,51387,422401,1010368102
2017-12-28,26444906,1008029887,77900,129287,1086011,1009115898
2017-12-29,11562425,988035187,0,125087,1050731,989085918
2018-01-02,19922772,989700128,0,50087,424738,990124866
2018-01-03,71385931,998386931,50000,100087,894778,999281709
2018-01-04,37645288,983860090,4000,104087,914925,984775015
2018-01-05,34020120,971970772,23400,123487,1099034,973069806
2018-01-08,31281227,978266464,26600,76687,680981,978947445
2018-01-09,25879996,979577065,0,50087,437260,980014325
2018-01-10,18045599,974830141,25000,75087,660015,975490156
2018-01-11,15906500,973782320,0,50087,438261,974220581
2018-01-12,16743096,970678908,50000,50087,434254,971113162
2018-01-15,17311991,963974574,50000,100087,835726,964810300
2018-01-16,13446670,968316396,0,100087,844734,969161130
2018-01-17,22554939,969480445,25000,125087,1070745,970551190
2018-01-18,26069348,953074416,10000,110087,962160,954036576
2018-01-19,22121612,956517001,25000,125087,1082003,957599004
2018-01-22,18287017,954898954,0,80087,690350,955589304
2018-01-23,26220363,954540837,10000,90087,781054,955321891
2018-01-24,37100584,966233250,0,87,756,966234006
2018-01-25,22041866,966236880,0,87,751,966237631
2018-01-26,20480428,961747153,0,87,740,961747893
2018-01-29,15311417,959624450,0,87,735,959625185
2018-01-30,9625256,954198873,0,87,733,954199606
2018-01-31,14448127,951776648,0,87,713,951777361
2018-02-01,21080215,939672005,0,87,679,939672684
2018-02-02,21270893,932115700,0,87,639,932116339
2018-02-05,8188087,928277887,0,87,641,928278528
2018-02-06,20492290,910424719,0,87,578,910425297
2018-02-07,13851687,899838381,0,87,585,899838966
2018-02-08,13029478,902007859,0,87,593,902008452
2018-02-09,15148395,885443849,4200,4287,30009,885473858
2018-02-12,13179647,880334673,0,87,612,880335285
2018-02-13,13628278,880014269,0,87,620,880014889
2018-02-14,4870814,871492745,0,87,619,871493364
2018-02-22,16442193,870945020,0,87,630,870945650
2018-02-23,25224941,871386992,0,87,643,871387635
2018-02-26,24839177,868155552,5500,5587,41958,868197510
2018-02-27,13592468,859890871,0,87,646,859891517
2018-02-28,17754516,859909775,0,87,646,859910421
2018-03-01,9949810,856299491,0,87,649,856300140
2018-03-02,19622837,862767958,0,87,640,862768598
2018-03-05,10514705,860701420,1000,1087,7968,860709388
2018-03-06,23347902,867111908,0,1087,8109,867120017
2018-03-07,17689752,863122720,0,1087,7957,863130677
2018-03-08,43546695,857928465,3200,4287,32667,857961132
2018-03-09,31021986,858026821,0,4287,32667,858059488
2018-03-12,26891599,855618986,0,4287,32796,855651782
2018-03-13,36685650,873932380,0,4287,32838,873965218
2018-03-14,17057714,875622285,0,4287,32281,875654566
2018-03-15,42391589,865798672,1500,5787,44618,865843290
2018-03-16,20755693,858443837,0,4287,32710,858476547
2018-03-19,11408257,852925882,0,4287,32453,852958335
2018-03-20,28338233,852784320,0,4287,32796,852817116
2018-03-21,23411938,853727428,0,4287,32453,853759881
2018-03-22,18308359,850317480,0,4287,31852,850349332
2018-03-23,23868510,831939133,0,4287,31767,831970900
2018-03-26,19785029,839454390,1500,5787,43055,839497445
2018-03-27,30738881,834837024,0,4287,32410,834869434
2018-03-28,35407762,836127479,3000,7287,55964,836183443
2018-03-29,35249257,845198822,0,7287,55964,845254786
2018-03-30,29296086,842941816,0,7287,56110,842997926
2018-04-02,35157332,844067180,0,7287,55454,844122634
2018-04-03,14765337,836860894,0,7287,54725,836915619
2018-04-04,13918341,830654331,0,7287,53632,830707963
2018-04-09,0,827322215,0,7287,53632,827375847
2018-04-10,0,823753072,0,7287,53632,823806704
2018-04-11,0,820931123,0,7287,53632,820984755
2018-04-12,0,814579081,0,7287,53632,814632713
2018-04-13,0,810878258,0,7287,53632,810931890
2018-04-16,0,808781032,0,7287,53632,808834664
2018-04-17,0,804319267,0,7287,53632,804372899
2018-04-18,0,801204657,0,7287,53632,801258289
2018-04-19,0,799596634,0,7287,53632,799650266
2018-04-20,0,797277706,0,7287,53632,797331338
2018-04-23,40596232,798322465,0,7287,54142,798376607
2018-04-24,21688687,798244042,0,7287,54215,798298257
2018-04-25,16365784,802716120,4000,11287,82395,802798515
2018-04-26,12896789,801025228,1500,12787,90660,801115888
2018-04-27,12732619,800429724,0,11287,81041,800510765
2018-05-02,4947769,796588755,0,11287,80363,796669118
2018-05-03,7850942,795411078,0,11287,81041,795492119
2018-05-04,13639864,796636555,0,11287,81154,796717709
2018-05-07,21735043,805694240,0,11287,82395,805776635
2018-05-08,12165131,798875694,0,11287,83298,798958992
2018-05-09,13725698,801905500,0,11287,81831,801987331
2018-05-10,11460192,800660781,0,11287,82169,800742950
2018-05-11,14508055,803613202,1500,12787,91427,803704629
2018-05-14,12047144,806278059,0,11287,80589,806358648
2018-05-15,12904864,807862281,0,11287,80363,807942644
2018-05-16,7185347,803588664,0,11287,79912,803668576
2018-05-17,8358366,798262232,0,11287,80815,798343047
2018-05-18,5934985,787475823,0,11287,80476,787556299
2018-05-21,23527332,796808787,0,7287,52758,796861545
2018-05-22,17145260,803121349,0,7287,52539,803173888
2018-05-23,10707653,802655124,0,7287,51738,802706862
2018-05-24,11107241,802628452,0,7287,51519,802679971
2018-05-25,13103555,793734713,0,7287,49697,793784410
2018-05-28,7173842,789781892,0,7287,49843,789831735
2018-05-29,10490445,790648359,0,7287,49114,790697473
2018-05-30,0,787377109,0,7287,49114,787426223
2018-05-31,0,785018525,0,7287,49114,785067639
2018-06-01,0,782066522,0,7287,49114,782115636
2018-06-04,0,779786304,0,7287,49114,779835418
2018-06-05,0,776793236,0,7287,49114,776842350
2018-06-06,0,774896213,0,7287,49114,774945327
2018-06-07,0,773101604,0,7287,49114,773150718
2018-06-08,0,771896011,0,7287,49114,771945125
2018-06-11,0,769639474,0,7287,48896,769688370
2018-06-12,0,768529094,0,7287,48896,768577990
2018-06-13,0,767091527,0,7287,48896,767140423
2018-06-14,0,763265354,0,7287,48896,763314250
2018-06-15,0,760561651,0,7287,48896,760610547
2018-06-19,0,755150987,0,7287,48896,755199883
2018-06-20,0,752778580,0,7287,48896,752827476
2018-06-21,0,743717297,0,7287,48896,743766193
2018-06-22,0,742098489,0,7287,48896,742147385
2018-06-25,0,740756542,0,7287,48896,740805438
2018-06-26,0,737475014,0,7287,48896,737523910
2018-06-27,0,733860291,0,7287,48896,733909187
2018-06-28,0,732893042,0,7287,48896,732941938
2018-06-29,0,731996949,0,7287,48896,732045845
2018-07-02,0,723663009,0,7287,48896,723711905
2018-07-03,0,722403254,0,7287,48896,722452150
2018-07-04,0,721805834,0,7287,48896,721854730
2018-07-05,0,720168732,0,7287,48896,720217628
2018-07-06,0,718509795,0,7287,48896,718558691
2018-07-09,0,717800099,0,7287,48896,717848995
2018-07-10,0,716026681,0,7287,48896,716075577
2018-07-11,0,715334308,0,7287,48896,715383204
2018-07-12,0,715042420,0,7287,48896,715091316
2018-07-13,0,713859309,0,7287,48896,713908205
2018-07-16,0,713193324,0,7287,48896,713242220
2018-07-17,0,711479397,0,7287,48896,711528293
2018-07-18,0,710567807,0,7287,48896,710616703
2018-07-19,0,709827801,0,7287,48896,709876697
2018-07-20,0,708864986,0,7287,48896,708913882
2018-07-23,0,707762797,0,7287,48896,707811693
2018-07-24,0,706842965,0,7287,48896,706891861
2018-07-25,0,704502855,0,7287,48896,704551751
2018-07-26,0,703228602,0,7287,48896,703277498
2018-07-27,0,701790389,0,7287,48896,701839285
2018-07-30,0,700967918,0,7287,48896,701016814
2018-07-31,0,700466431,0,7287,48896,700515327
2018-08-01,0,698712453,0,7287,48896,698761349
2018-08-02,0,696053019,0,7287,48896,696101915
2018-08-03,0,695339220,0,7287,48896,695388116
2018-08-06,0,691828133,0,7287,48896,691877029
2018-08-07,0,690965366,0,7287,48896,691014262
2018-08-08,0,690468357,0,7287,48896,690517253
2018-08-09,0,690044596,0,7287,48896,690093492
2018-08-10,0,689042600,0,7287,48896,689091496
2018-08-13,0,688577138,0,7287,48896,688626034
2018-08-14,0,687664744,0,7287,48896,687713640
2018-08-15,0,686473880,0,7287,48896,686522776
2018-08-16,0,684691446,0,7287,48896,684740342
2018-08-17,0,683202450,0,7287,48896,683251346
2018-08-20,0,681591249,0,7287,48896,681640145
2018-08-21,0,680632820,0,7287,48896,680681716
2018-08-22,0,679830275,0,7287,48896,679879171
2018-08-23,0,679591444,0,7287,48896,679640340
2018-08-24,0,678481969,0,7287,48896,678530865
2018-08-27,0,677757723,0,7287,48896,677806619
2018-08-28,0,676925392,0,7287,48896,676974288
2018-08-29,0,676565923,0,7287,48896,676614819
2018-08-30,933180,665158669,0,7287,44013,665202682
2018-08-31,22741865,642957204,220000,227287,1236441,644193645
2018-09-03,21115744,639133268,0,227287,1154618,640287886
2018-09-04,8820338,634129684,0,227287,1177347,635307031
2018-09-05,5964379,632347477,0,227287,1168255,633515732
2018-09-06,12346314,636193551,109400,336687,1737305,637930856
2018-09-07,9679846,636432428,0,327287,1692074,638124502
2018-09-10,4385924,630510888,1500,218787,1098311,631609199
2018-09-11,7572235,628639271,0,218787,1089559,629728830
2018-09-12,6204292,628873486,0,218787,1098311,629971797
2018-09-13,5253006,626836728,0,118787,597499,627434227
2018-09-14,6391198,627068957,0,118787,583244,627652201
2018-09-17,8238237,619475280,15000,133787,627461,620102741
2018-09-18,7675296,617414884,67900,200187,966903,618381787
2018-09-19,12505846,613076411,100000,122287,606544,613682955
2018-09-20,5819166,611156567,0,22287,110989,611267556
2018-09-21,7410156,606432081,320000,327287,1629889,608061970
2018-09-25,6659496,606576315,0,327287,1606979,608183294
2018-09-26,7668144,606456257,19000,246287,1214195,607670452
2018-09-27,8454766,600312994,1500,137787,657244,600970238
2018-09-28,5418505,595355906,0,137787,669645,596025551
2018-10-08,5730233,586987557,0,134787,632151,587619708
2018-10-09,7029885,588528865,0,130587,607230,589136095
2018-10-10,24613498,592011391,214200,344787,1710144,593721535
2018-10-11,17182207,582246310,0,20587,91818,582338128
2018-10-12,16981319,569633756,383500,404087,1709288,571343044
2018-10-15,9497702,546040118,0,344087,1324735,547364853
2018-10-16,5786276,533361172,0,244087,920208,534281380
2018-10-17,7076009,531575483,98700,342787,1306018,532881501
2018-10-18,5615539,525728752,0,342787,1251173,526979925
2018-10-19,8329872,526372233,0,240587,897390,527269623
2018-10-22,11727323,527124936,100200,230787,897761,528022697
2018-10-23,11330933,528969830,110200,130987,506920,529476750
2018-10-24,8360388,532301777,0,20987,81010,532382787
2018-10-25,7081608,531063026,320800,341787,1291955,532354981
2018-10-26,4928504,527580832,3000,24787,94438,527675270
2018-10-29,2694623,523963935,0,20987,78491,524042426
2018-10-30,4702392,524005670,3800,24787,94438,524100108
2018-10-31,7814622,524577932,320000,340987,1312800,525890732
2018-11-01,8069369,525509930,3800,24787,96421,525606351
2018-11-02,14472425,521083865,0,24787,99892,521183757
2018-11-05,19296978,526813119,320000,340987,1391227,528204346
2018-11-06,5827152,524780570,0,20987,84578,524865148
2018-11-07,6594294,522355265,3800,24787,100387,522455652
2018-11-08,6685391,519847982,0,24787,99148,519947130
2018-11-09,7240523,515152742,0,24787,100139,515252881
2018-11-12,20308092,519844230,220000,244787,1020762,520864992
2018-11-13,29452568,528618281,165000,189787,819880,529438161
2018-11-14,19448281,522300604,220000,309787,1363063,523663667
2018-11-15,18863943,527109656,0,24787,108319,527217975
2018-11-16,15368026,521921269,220000,244787,1072167,522993436
2018-11-19,33881894,529975753,100000,124787,574020,530549773
2018-11-20,21632894,525220719,220000,244787,1052584,526273303
2018-11-21,11432886,527672068,100000,124787,535336,528207404
2018-11-22,8095536,528210388,0,124387,531132,528741520
2018-11-23,11131938,519717533,219300,243687,974748,520692281
2018-11-26,5328906,520313402,100000,124387,503767,520817169
2018-11-27,4341690,517791815,0,24387,99255,517891070
2018-11-28,9269732,518454098,0,24387,99743,518553841
2018-11-29,8116954,516142829,0,24387,96329,516239158
2018-11-30,5397653,515338403,0,24387,96573,515434976
2018-12-03,13521425,519890221,0,24387,99011,519989232
2018-12-04,9242268,516716082,0,24387,100718,516816800
2018-12-05,10550778,518833989,269400,293787,1198651,520032640
2018-12-06,7820010,517241525,0,24387,96816,517338341
2018-12-07,11440748,514533815,100000,124387,509987,515043802
2018-12-10,10296042,514577904,0,5387,21279,514599183
2018-12-11,3805343,514997859,0,5387,21440,515019299
2018-12-12,4724604,515535683,209000,214387,851116,516386799
2018-12-13,9396208,517836489,0,5387,21602,517858091
2018-12-14,5852120,511743353,314534,319921,1250891,512994244
2018-12-17,9636806,513664018,5400,221521,888299,514552317
2018-12-18,6733730,511747076,0,221521,870578,512617654
2018-12-19,4032848,510410873,0,1587,6094,510416967
2018-12-20,3711751,510306678,0,1587,6094,510312772
2018-12-21,3883710,509625080,4200,5787,21991,509647071
2018-12-24,3338445,509430459,0,5787,22048,509452507
2018-12-25,3728992,507018539,11000,12587,46320,507064859
2018-12-26,2425056,506535585,0,1587,5793,506541378
2018-12-27,2543833,503628403,0,1587,5666,503634069
2018-12-28,2126534,500494110,0,1587,5666,500499776
2019-01-02,3341279,500744195,0,1587,5681,500749876
2019-01-03,8497689,500546838,324163,325750,1198760,501745598
2019-01-04,7287354,499358488,0,321550,1212244,500570732
2019-01-07,8337142,499680227,0,101587,387046,500067273
2019-01-08,5104771,500566751,0,1587,6046,500572797
2019-01-09,7050866,499780266,0,1587,6015,499786281
2019-01-10,11534269,498673197,324200,325787,1264054,499937251
2019-01-11,7526440,499063794,0,1587,6205,499069999
2019-01-14,29620373,512988931,320000,321587,1315291,514304222
2019-01-15,11879515,517065209,0,1587,6443,517071652
2019-01-16,7730685,514547283,0,1587,6475,514553758
2019-01-17,6941192,511686852,0,1587,6348,511693200
2019-01-18,4727159,511451567,0,1587,6380,511457947
2019-01-21,3564402,510727322,0,1587,6380,510733702
2019-01-22,3415012,510443767,0,1587,6332,510450099
2019-01-23,3528778,506551540,0,1587,6253,506557793
2019-01-24,5045925,508017289,0,1587,6253,508023542
2019-01-25,3429667,501425870,0,1587,6237,501432107
2019-01-28,7084591,495957106,4200,5787,23264,495980370
2019-01-29,7185891,489743771,100000,101587,404316,490148087
2019-01-30,5210227,485582041,0,1587,5999,485588040
2019-01-31,12569387,490067347,167600,169187,644602,490711949
2019-02-01,5788327,484361453,0,101587,401269,484762722
2019-02-11,9927779,485148631,146500,148087,590867,485739498
2019-02-12,12026438,482883230,0,1587,6427,482889657
2019-02-13,34728952,498597541,328700,330287,1350874,499948415
2019-02-14,19728535,503592423,0,6287,25588,503618011
2019-02-15,53063142,509814052,324000,325587,1357698,511171750
2019-02-18,28287633,500730428,0,1587,6792,500737220
2019-02-19,45080788,501078625,320000,321587,1379608,502458233
2019-02-20,22227364,505647079,4000,5587,23521,505670600
2019-02-21,31285317,514044462,0,5587,23410,514067872
2019-02-22,27451202,517180405,0,5587,23801,517204206
2019-02-25,65091467,529791845,320000,325587,1461886,531253731
2019-02-26,78798162,549712855,0,1787,8131,549720986
2019-02-27,48738286,546261125,3800,5587,25309,546286434
2019-02-28,33015643,549471883,220000,221787,1013567,550485450
2019-03-01,28340712,546592596,0,1787,8095,546600691
2019-03-04,68295572,549031224,320000,321787,1486656,550517880
2019-03-05,57123090,545256269,3800,5587,26594,545282863
2019-03-06,63332640,545276498,100000,105587,511041,545787539
2019-03-07,73847088,550270083,0,5587,28158,550298241
2019-03-08,55354911,545946124,320000,321587,1488948,547435072
2019-03-11,42857825,551566083,3800,5387,26127,551592210
2019-03-12,67622958,562818501,100000,105387,518504,563337005
2019-03-13,48402135,558322401,224200,329587,1582018,559904419
2019-03-14,36036459,564025771,0,3687,17181,564042952
2019-03-15,24652501,551258179,223800,227487,1076014,552334193
2019-03-18,38554288,556926295,0,7487,36312,556962607
2019-03-19,33762086,554898173,220000,227487,1105587,556003760
2019-03-20,27045645,555559024,48900,56387,272913,555831937
2019-03-21,70676841,577242009,319991,376378,1859307,579101316
2019-03-22,63496862,575532772,0,56387,284754,575817526
2019-03-25,52084488,583897722,0,56387,275732,584173454
2019-03-26,37878004,580776407,0,7487,34964,580811371
2019-03-27,27806705,583582203,0,3687,17108,583599311
2019-03-28,15881859,574412391,0,3687,16776,574429167
2019-03-29,31647391,571952079,0,3687,17329,571969408
2019-04-01,54286899,578151315,300,3987,19177,578170492
2019-04-02,29229127,563064728,104000,107987,571251,563635979
2019-04-03,113311677,567455691,226000,233987,1216732,568672423
2019-04-04,61978883,583834973,2900,9887,50819,583885792
2019-04-08,52952501,581055747,8800,14887,75030,581130777
2019-04-09,40834278,579139742,351000,365887,1866024,581005766
2019-04-10,31155549,571512675,0,11087,55768,571568443
2019-04-11,30745391,569940721,3800,14887,73988,570014709
2019-04-12,24151095,571519622,0,12887,62889,571582511
2019-04-15,19874817,575355897,0,12887,62502,575418399
2019-04-16,24452460,579344429,4000,16887,83591,579428020
2019-04-17,20998187,569731505,0,16887,84942,569816447
2019-04-18,19500225,562466842,0,16887,83084,562549926
2019-04-19,21537711,555949825,130000,146887,727091,556676916
2019-04-22,37339154,563721335,0,11887,58960,563780295
2019-04-23,22056762,557890522,0,11887,56939,557947461
2019-04-24,17030927,563072301,0,11887,57176,563129477
2019-04-25,19135492,559956701,0,7487,34066,559990767
2019-04-26,11855115,561498168,2000,9487,42786,561540954
2019-04-29,13499178,554141590,10500,17987,76085,554217675
2019-04-30,6179968,550839244,2000,19487,83599,550922843
2019-05-06,8526854,540344475,47500,66987,267278,540611753
2019-05-07,11530197,542099280,0,11487,47326,542146606
2019-05-08,10051805,541690156,100000,111487,463786,542153942
2019-05-09,7901848,541882630,400,7887,32652,541915282
2019-05-10,17703710,537587062,0,7487,31445,537618507
2019-05-13,6140303,538218193,0,7487,30697,538248890
2019-05-14,2894735,534383412,1000,8487,34457,534417869
2019-05-15,34247954,543159411,247200,255687,1142921,544302332
2019-05-16,38221942,537845662,0,5387,23433,537869095
2019-05-17,20165654,536905675,28500,33887,141648,537047323
2019-05-20,6792823,534461202,1000,34887,144083,534605285
2019-05-21,7882408,531337234,0,24387,102182,531439416
2019-05-22,9299526,530134370,500,11387,46801,530181171
2019-05-23,5967971,528895647,28500,36387,147367,529043014
2019-05-24,3149616,525067757,500,33887,137242,525204999
2019-05-27,5974861,524379082,27600,60987,252486,524631568
2019-05-28,7972671,520598594,39300,100287,411177,521009771
2019-05-29,5633062,519481751,500,60987,248827,519730578
2019-05-30,4892487,518618050,500,33887,137920,518755970
2019-05-31,2955435,514416831,0,33887,138259,514555090
2019-06-03,4913421,515446470,0,33387,135551,515582021
2019-06-04,5024175,514004088,0,33387,133548,514137636
2019-06-05,3960406,511515456,0,33387,133214,511648670
2019-06-06,7241314,506140117,35400,68787,264142,506404259
2019-06-10,2299280,505292660,0,68787,264830,505557490
2019-06-11,8768378,507063875,0,68787,275836,507339711
2019-06-12,5703722,504381332,0,33387,133548,504514880
2019-06-13,5612491,506511829,0,33387,134216,506646045
2019-06-14,4480682,502675612,0,33387,130877,502806489
2019-06-17,2824615,498752960,0,33387,130209,498883169
2019-06-18,2622064,498921675,0,5387,20902,498942577
2019-06-19,6262414,501028252,0,5387,21171,501049423
2019-06-20,6841111,500229379,100000,105387,421548,500650927
2019-06-21,14016410,503192026,0,5387,21925,503213951
2019-06-24,3966960,500371292,0,5387,21710,500393002
2019-06-25,4232663,498605104,0,5387,21602,498626706
2019-06-26,2998980,498709933,0,5387,21494,498731427
2019-06-27,3978468,498070176,0,5387,21656,498091832
2019-06-28,3843527,496823448,0,5387,21279,496844727
2019-07-01,9796865,500709618,0,5387,21817,500731435
2019-07-02,4457629,500660919,0,5387,21656,500682575
2019-07-03,11431785,506698197,27600,32987,131948,506830145
2019-07-04,4525257,501434973,0,5387,21494,501456467
2019-07-05,3154973,499432768,0,5387,21602,499454370
2019-07-08,10200917,502066846,0,5387,20686,502087532
2019-07-09,6651077,501915991,0,5387,20902,501936893
2019-07-10,10416022,505373528,35200,40587,152201,505525729
2019-07-11,5556930,503316800,0,40587,150172,503466972
2019-07-12,3900824,502887430,0,40587,150984,503038414
2019-07-15,5743440,500989170,0,40587,149766,501138936
2019-07-16,3615802,497806527,0,40587,150578,497957105
2019-07-17,3461246,496207140,100000,140587,518766,496725906
2019-07-18,5952074,496928611,0,40587,146519,497075130
2019-07-19,3944973,497210486,0,40587,146113,497356599
2019-07-22,4304755,496170414,0,40587,140431,496310845
2019-07-23,2280909,495935571,0,40587,141243,496076814
2019-07-24,1985293,493443343,0,40587,142460,493585803
2019-07-25,2530129,493883155,0,40587,142055,494025210
2019-07-26,1096684,492511823,0,40587,141649,492653472
2019-07-29,2261121,493065815,0,40587,140025,493205840
2019-07-30,4785361,491605277,0,40587,138808,491744085
2019-07-31,6136524,493019003,0,40587,137590,493156593
2019-08-01,3742012,493212143,0,40587,137184,493349327
2019-08-02,3450907,489787892,0,40587,132719,489920611
2019-08-05,2507048,487323873,0,40587,129878,487453751
2019-08-06,7126756,482993983,0,40587,125008,483118991
2019-08-07,1651473,478512637,0,40587,123790,478636427
2019-08-08,1114339,476503427,0,40587,125008,476628435
2019-08-09,2285577,472501716,0,40587,123790,472625506
2019-08-12,1973836,471023233,0,40587,125414,471148647
2019-08-13,1476437,470021411,0,40587,123790,470145201
2019-08-14,7384114,473756037,0,40587,126226,473882263
2019-08-15,3822009,472086543,0,1587,4904,472091447
2019-08-16,2277985,470910097,0,1587,4904,470915001
2019-08-19,5984373,471665859,2400,3987,12798,471678657
2019-08-20,4109169,468776190,0,1587,5094,468781284
2019-08-21,2726548,465931383,10000,11587,37310,465968693
2019-08-22,2653545,466459662,0,11587,37426,466497088
2019-08-23,2144447,464221995,0,1587,5063,464227058
2019-08-26,2080258,463405789,0,1587,5078,463410867
2019-08-27,6535613,464948754,1200,2787,9058,464957812
2019-08-28,4541623,462787847,10000,12787,41941,462829788
2019-08-29,2592538,457091683,0,2787,9113,457100796
2019-08-30,4021101,453698752,0,2787,8835,453707587
2019-09-02,2513350,451918527,0,2787,9141,451927668
2019-09-03,1350415,450424182,0,2787,9141,450433323
2019-09-04,3453688,447297020,0,2787,9281,447306301
2019-09-05,9695160,451620826,10000,11587,38701,451659527
2019-09-06,3804984,451455833,0,1587,5269,451461102
2019-09-09,4737814,449569100,0,1587,5364,449574464
2019-09-10,10086850,453467103,20000,21587,73180,453540283
2019-09-11,6491551,453430531,0,21587,73396,453503927
2019-09-12,4051345,449944145,0,21587,73828,450017973
2019-09-16,3360522,450479851,0,21587,73828,450553679
2019-09-17,8348499,445945076,1500,3087,10465,445955541
2019-09-18,10035166,450135992,0,3087,10187,450146179
2019-09-19,5267251,450872134,0,3087,10125,450882259
2019-09-20,9176741,443184117,20000,23087,79188,443263305
2019-09-23,10218357,449924407,0,23087,75956,450000363
2019-09-24,3947146,449802544,0,3087,10094,449812638
2019-09-25,2195049,446694771,0,3087,9909,446704680
2019-09-26,4048805,443811985,0,3087,9570,443821555
2019-09-27,1223092,441128083,0,3087,9631,441137714
2019-09-30,1423147,438087797,0,3087,9601,438097398
2019-10-08,4871271,440784093,0,3087,9539,440793632
2019-10-09,2100264,438777906,0,3087,9601,438787507
2019-10-10,2265881,436739993,0,3087,9631,436749624
2019-10-11,3568678,435797285,0,3087,9724,435807009
2019-10-14,6240600,436728339,4200,7287,23318,436751657
2019-10-15,1518383,432943084,12200,19487,62358,433005442
2019-10-16,2062430,433155729,200,19387,61457,433217186
2019-10-17,1684551,431977407,3100,12987,41558,432018965
2019-10-18,2529187,432853856,0,12887,40594,432894450
2019-10-21,3177040,433630507,100,12987,40130,433670637
2019-10-22,4771930,432403050,3000,15987,54356,432457406
2019-10-23,16369634,439869713,147500,150587,492419,440362132
2019-10-24,9591342,440174210,0,118087,374336,440548546
2019-10-25,9466113,442740432,0,3087,9786,442750218
2019-10-28,7069841,441597037,4000,7087,22749,441619786
2019-10-29,6334636,442214089,0,1587,5015,442219104
2019-10-30,6154868,442349396,0,1587,4967,442354363
2019-10-31,2792806,439798907,12500,14087,43388,439842295
2019-11-01,3943904,439587862,0,6387,19864,439607726
2019-11-04,4350252,439109449,0,6387,19672,439129121
2019-11-05,3476210,440019586,0,6387,19672,440039258
2019-11-06,3889046,441452492,0,6387,19544,441472036
2019-11-07,3408982,441551578,0,6387,19736,441571314
2019-11-08,6146237,443321883,47000,53387,165500,443487383
2019-11-11,9975962,446640276,0,6387,19927,446660203
2019-11-12,2113918,445808226,0,3087,9539,445817765
2019-11-13,2386555,446064472,0,3087,9477,446073949
2019-11-14,3672009,446501112,0,3087,9508,446510620
2019-11-15,3184642,443015870,0,3087,9323,443025193
2019-11-18,2519654,441721154,4700,7787,23127,441744281
2019-11-19,2099231,441333801,3300,11087,33261,441367062
2019-11-20,1981150,436344054,7600,18687,55687,436399741
2019-11-21,2415619,437346948,0,18687,56061,437403009
2019-11-22,2130838,431835551,0,10687,32168,431867719
2019-11-25,4311885,431266702,5800,16487,50120,431316822
2019-11-26,2987015,430436730,0,14987,45261,430481991
2019-11-27,1888866,430051668,0,9187,27745,430079413
2019-11-28,1196319,429552654,5800,10587,31867,429584521
2019-11-29,2341885,429195770,0,1587,4824,429200594
2019-12-02,1819130,429094662,0,1587,4793,429099455
2019-12-03,3643533,431042707,0,1587,4761,431047468
2019-12-04,2094155,431528640,3300,4887,14612,431543252
2019-12-05,7044325,434014188,0,4887,14661,434028849
2019-12-06,2353486,434179950,0,4887,14661,434194611
2019-12-09,5066829,436703008,0,4887,14710,436717718
2019-12-10,2533982,435441217,0,4887,14661,435455878
2019-12-11,2741099,434599106,0,4887,14563,434613669
2019-12-12,3250572,435070668,0,4887,14514,435085182
2019-12-13,4860595,432824200,0,4887,14563,432838763
2019-12-16,5613257,432988997,0,1587,4777,432993774
2019-12-17,13399269,430005721,3300,4887,15296,430021017
2019-12-18,12243468,435234919,0,1587,4920,435239839
2019-12-19,12938553,436887860,0,1587,5015,436892875
2019-12-20,8352034,439970183,0,1587,4999,439975182
2019-12-23,7092597,440656485,5600,7187,21920,440678405
2019-12-24,6915786,443383449,0,7187,22064,443405513
2019-12-25,4047338,442353862,11100,18287,55775,442409637
2019-12-26,6256120,443086669,0,18287,55775,443142444
2019-12-27,10985551,445913924,0,12687,38568,445952492
2019-12-30,4766001,446277643,5000,17687,53592,446331235
2019-12-31,4166615,444545744,0,17687,53945,444599689
2020-01-02,10238776,446277221,0,12687,39330,446316551
2020-01-03,10339624,445779312,24600,37287,115963,445895275
2020-01-06,8972645,444305013,0,26187,81703,444386716
2020-01-07,12470843,446230512,0,26187,82751,446313263
2020-01-08,8896560,445367511,0,26187,81180,445448691
2020-01-09,11441414,448140783,3300,29487,92589,448233372
2020-01-10,4713049,447361815,0,29487,91999,447453814
2020-01-13,4423009,443059759,0,29487,92589,443152348
2020-01-14,6641816,443082991,0,29487,93179,443176170
2020-01-15,8259585,443476834,0,26187,81442,443558276
2020-01-16,6253967,447433672,0,26187,80918,447514590
2020-01-17,5799256,446799218,0,26187,80394,446879612
2020-01-20,3374357,442085776,0,26187,79870,442165646
2020-01-21,7373316,445446044,0,1587,4777,445450821
2020-01-22,5521117,446848720,0,1587,4761,446853481
2020-01-23,4854166,441254880,0,1587,4602,441259482
2020-02-03,1680579,436200618,0,1587,4142,436204760
2020-02-04,11106905,424753008,0,1587,3888,424756896
2020-02-05,7342238,421621237,0,1587,3936,421625173
2020-02-06,7792883,421271877,0,1587,3968,421275845
2020-02-07,6721322,422211074,0,1587,3999,422215073
2020-02-10,3958686,420492960,0,1587,4094,420497054
2020-02-11,5589876,421582967,7600,9187,23519,421606486
2020-02-12,3879808,420647603,0,9187,23886,420671489
2020-02-13,5692540,419557142,0,9187,23427,419580569
2020-02-14,2752767,416768743,0,9187,23151,416791894
2020-02-17,4099209,415352102,0,9187,23794,415375896
2020-02-18,6457227,417287359,0,1587,4206,417291565
2020-02-19,7961955,414567072,0,1587,4174,414571246
2020-02-20,9520880,416883326,0,1587,4253,416887579
2020-02-21,11682985,415078085,0,1587,4301,415082386
2020-02-24,6892453,415249681,0,1587,4269,415253950
2020-02-25,9334964,414018064,0,1587,4190,414022254
2020-02-26,14123013,413279405,0,1587,4269,413283674
2020-02-27,6238292,404373988,0,1587,4285,404378273
2020-02-28,6014015,400381805,0,1587,4047,400385852
2020-03-02,8609108,403668493,0,1587,4285,403672778
2020-03-03,15214728,403015030,0,1587,4348,403019378
2020-03-04,19358313,400971179,0,1587,4523,400975702
2020-03-05,15595586,399778613,0,1587,4650,399783263
2020-03-06,12309313,397452981,11900,13487,39517,397492498
2020-03-09,7043067,397876425,700,14187,39582,397916007
2020-03-10,7615469,398080403,0,14187,40717,398121120
2020-03-11,9089372,395756201,0,14187,40149,395796350
2020-03-12,4209783,394318595,0,14187,39724,394358319
2020-03-13,13507854,385540324,0,14187,43696,385584020
2020-03-16,36170708,397070357,0,14187,42561,397112918
2020-03-17,17302567,397297260,0,14187,41284,397338544
2020-03-18,13373744,400369188,46900,61087,169822,400539010
2020-03-19,7598899,398140291,0,61087,167989,398308280
2020-03-20,6878500,397832779,0,61087,167989,398000768
2020-03-23,5081656,396627181,0,61087,158215,396785396
2020-03-24,3959286,397714197,0,61087,162491,397876688
2020-03-25,13932069,403171487,0,61087,168600,403340087
2020-03-26,5083169,401923704,0,61087,165546,402089250
2020-03-27,5851656,402195409,0,14187,38163,402233572
2020-03-30,2000127,400472106,0,14187,37454,400509560
2020-03-31,2724677,400021722,0,14187,37454,400059176
2020-04-01,3554701,397536970,0,14187,36886,397573856
2020-04-02,2542274,397729756,0,14187,37454,397767210
2020-04-03,3316428,398645757,0,14187,37170,398682927
2020-04-07,6057718,400250704,0,14187,38447,400289151
2020-04-08,15911282,408458982,0,14187,39298,408498280
2020-04-09,9702468,405815708,0,14187,39156,405854864
2020-04-10,7887718,404138215,0,14187,38163,404176378
2020-04-13,2063466,403194778,0,14187,37596,403232374
2020-04-14,3039841,403495520,0,14187,38021,403533541
2020-04-15,2988210,402487928,0,14187,37170,402525098
2020-04-16,2379828,402212636,0,14187,37312,402249948
2020-04-17,3436191,400853539,0,14187,37170,400890709
2020-04-20,3114814,400578737,0,14187,37028,400615765
2020-04-21,2416190,397062026,0,14187,36886,397098912
2020-04-22,962345,395106333,0,14187,37028,395143361
2020-04-23,3863805,396612072,0,14187,37312,396649384
2020-04-24,1420929,395396610,0,14187,36602,395433212
2020-04-27,1874603,392449276,35100,49287,124203,392573479
2020-04-28,3733805,390776152,0,14187,34900,390811052
2020-04-29,674144,388500438,0,14187,34616,388535054
2020-04-30,2600511,387153359,0,14187,35184,387188543
2020-05-06,2451048,386605128,0,14187,36177,386641305
2020-05-07,639886,384600623,100,14287,36289,384636912
2020-05-08,1349269,382786994,1500,15687,40472,382827466
2020-05-11,590994,381735037,700,14987,38217,381773254
2020-05-12,223750,380906575,0,14687,37452,380944027
2020-05-13,2701068,379940502,0,14187,36461,379976963
2020-05-14,736470,378490178,0,14187,35751,378525929
2020-05-15,2562797,379297088,1400,15587,39747,379336835
2020-05-18,1880583,379703331,1000,15187,39486,379742817
2020-05-19,1877399,379626426,0,14187,36744,379663170
2020-05-20,1735038,379713947,0,14187,36602,379750549
2020-05-21,5194103,383017633,0,14187,35468,383053101
2020-05-22,6984828,376377200,0,14187,35042,376412242
2020-05-25,1125684,375294124,12000,26187,63634,375357758
2020-05-26,459580,374933224,0,26187,64682,374997906
2020-05-27,14551408,383578108,41200,67387,183293,383761401
2020-05-28,12774742,380273648,493200,537387,1407954,381681602
2020-05-29,4699585,376963903,76400,521887,1403876,378367779
2020-06-01,18115349,382991290,447400,956087,2715287,385706577
2020-06-02,10467395,382243046,0,934187,2625065,384868111
2020-06-03,5933185,374135849,50000,984187,2785249,376921098
2020-06-04,5282052,376042013,0,784187,2227091,378269104
2020-06-05,3118740,372342515,0,784187,2180040,374522555
2020-06-08,13042895,377401791,289100,1073287,3155464,380557255
2020-06-09,10684481,379356691,5700,49887,147666,379504357
2020-06-10,7467725,383375986,11800,61687,178275,383554261
2020-06-11,7227125,383138675,0,61687,181977,383320652
2020-06-12,15040486,391955132,0,61687,183210,392138342
2020-06-15,10769164,390257901,0,61687,186295,390444196
2020-06-16,14016411,397901380,0,44187,132561,398033941
2020-06-17,6770195,398797970,0,14187,42277,398840247
2020-06-18,7546525,400545437,0,14187,42987,400588424
2020-06-19,4921119,396947039,0,14187,43128,396990167
2020-06-22,3325980,395525696,0,14100,42441,395568137
2020-06-23,7619753,395794840,8400,22500,68400,395863240
2020-06-24,6004897,399039209,0,22500,68400,399107609
2020-06-29,6228051,397752444,0,22500,67950,397820394
2020-06-30,2427202,393707198,0,22500,67500,393774698
2020-07-01,5011121,393715061,66200,88700,261665,393976726
2020-07-02,7943929,397831591,0,88700,259004,398090595
2020-07-03,10306400,396768105,34200,122900,379761,397147866
2020-07-06,9864739,390420565,0,107900,342043,390762608
2020-07-07,9467988,391772172,0,105000,330750,392102922
2020-07-08,8839551,392663526,0,105000,330750,392994276
2020-07-09,11526775,388825205,2900,92900,295422,389120627
2020-07-10,8462879,386616967,0,92900,294493,386911460
2020-07-13,12498093,387847045,0,84500,275470,388122515
2020-07-14,11277023,388532147,30000,114500,383575,388915722
2020-07-15,7572378,381432627,8400,122900,398196,381830823
2020-07-16,31825517,397197171,0,92900,301925,397499096
2020-07-17,45911795,422742985,0,26700,91848,422834833
2020-07-20,31059740,438614059,66200,92900,334440,438948499
2020-07-21,17413563,444304803,0,84500,300820,444605623
2020-07-22,29788898,465909659,8400,92900,333511,466243170
2020-07-23,43867349,490754461,0,92900,337227,491091688
2020-07-24,41645180,513851008,0,92900,335369,514186377
2020-07-27,8538725,512664454,0,26700,93450,512757904
2020-07-28,42105852,542665084,0,18300,67893,542732977
2020-07-29,34551913,559437512,0,14100,55272,559492784
2020-07-30,18309049,568665384,0,14100,54708,568720092
2020-07-31,20116028,577255265,0,14100,55836,577311101
2020-08-03,55154154,608260496,0,14100,59643,608320139
2020-08-04,9761098,609547720,53400,67500,280800,609828520
2020-08-05,10385850,567059409,0,67500,276750,567336159
2020-08-06,12942030,534901070,0,67500,267300,535168370
2020-08-07,19030204,529684400,700000,767500,2931850,532616250
2020-08-10,18813492,526544572,200000,267500,981725,527526297
2020-08-11,15545939,533507553,0,67500,240975,533748528
2020-08-12,12273488,535509391,0,67500,236925,535746316
2020-08-13,8888708,525789644,0,67500,236250,526025894
2020-08-14,4862116,524450252,0,67500,238275,524688527
2020-08-17,11041403,512973874,0,67500,240975,513214849
2020-08-18,6360722,514259788,0,67500,238950,514498738
2020-08-19,6905521,513204128,0,67500,239625,513443753
2020-08-20,6775896,507786239,0,67500,230175,508016414
2020-08-21,3683712,507246504,0,67500,230850,507477354
2020-08-24,5488055,506321945,0,67500,238950,506560895
2020-08-25,11617652,505938422,0,67500,248400,506186822
2020-08-26,7343023,506058419,0,44400,162504,506220923
2020-08-27,4499998,501842392,0,44400,166944,502009336
2020-08-28,8711856,505161549,0,14100,51888,505213437
2020-08-31,6763981,508141544,8800,22900,84043,508225587
2020-09-01,2543780,508453591,0,14100,52029,508505620
2020-09-02,2671680,498297279,0,14100,51747,498349026
2020-09-03,7308682,499214877,0,14100,50337,499265214
2020-09-04,22762312,513925388,0,14100,53439,513978827
2020-09-07,38813127,537616315,0,14100,55272,537671587
2020-09-08,26241356,550471118,0,14100,55695,550526813
2020-09-09,21858952,553289339,0,14100,54708,553344047
2020-09-10,13502570,554625808,0,14100,54708,554680516
2020-09-11,19421306,568168222,500000,514100,1989567,570157789
2020-09-14,9400677,563257783,700000,701500,2714805,565972588
2020-09-15,9676831,565138544,0,1500,5910,565144454
2020-09-16,8650141,564769949,0,1500,5850,564775799
2020-09-17,3000509,563368554,0,1500,5775,563374329
2020-09-18,6372448,565740676,0,1500,5835,565746511
2020-09-21,3579585,564508160,0,1500,5865,564514025
2020-09-22,4463654,558737851,0,1500,5715,558743566
2020-09-23,4325621,531868640,0,1500,5895,531874535
2020-09-24,12764242,540330300,777200,778700,2959060,543289360
2020-09-25,10073625,547510175,822800,824300,3107611,550617786
2020-09-28,11873765,557158443,650000,651500,2410550,559568993
2020-09-29,2298354,554651182,0,1500,5475,554656657
2020-09-30,1151363,553391716,0,1500,5490,553397206
2020-10-09,2551417,553439577,0,1500,5580,553445157
2020-10-12,2783138,547173017,0,1500,5715,547178732
2020-10-13,2599848,547506589,0,1500,5640,547512229
2020-10-14,1798116,545045218,0,1500,5550,545050768
2020-10-15,1072562,543956835,0,1500,5535,543962370
2020-10-16,1658669,545244450,0,1500,5550,545250000
2020-10-19,3651690,547610156,0,1500,5490,547615646
2020-10-20,3624975,546969239,0,1500,5520,546974759
2020-10-21,3287147,548887673,0,1500,5400,548893073
2020-10-22,1755693,544576714,0,1500,5370,544582084
2020-10-23,7956992,549484252,0,1500,5460,549489712
2020-10-26,1940865,550710631,0,1500,5505,550716136
2020-10-27,2566130,540236881,0,1500,5610,540242491
2020-10-28,3384793,537541067,0,1500,5550,537546617
2020-10-29,2235636,536963332,0,1500,5475,536968807
2020-10-30,1729793,534796201,0,1500,5400,534801601
2020-11-02,1176692,534066513,0,1500,5370,534071883
2020-11-03,4105054,534697073,0,1500,5430,534702503
2020-11-04,2834670,535433061,0,1500,5355,535438416
2020-11-05,10539049,541601196,0,1500,5490,541606686
2020-11-06,12584047,550712098,0,1500,5625,550717723
2020-11-09,4160310,551507502,0,1500,5685,551513187
2020-11-10,9601281,553073397,0,1500,5640,553079037
2020-11-11,2472652,553088576,0,1500,5655,553094231
2020-11-12,1688285,552425527,0,1500,5595,552431122
2020-11-13,2447971,551327039,0,1500,5610,551332649
2020-11-16,11748168,553965281,0,1500,5625,553970906
2020-11-17,1549721,550234345,0,1500,5550,550239895
2020-11-18,1613976,550768092,0,1500,5550,550773642
2020-11-19,727664,549232187,0,1500,5520,549237707
2020-11-20,1187152,548930245,0,1500,5550,548935795
2020-11-23,3565567,550917959,0,1500,5505,550923464
2020-11-24,2302352,552024902,0,1500,5460,552030362
2020-11-25,1703486,551500686,0,1500,5415,551506101
2020-11-26,1950670,550788196,0,1500,5385,550793581
2020-11-27,1145821,550473275,0,1500,5400,550478675
2020-11-30,1751700,550051318,0,1500,5460,550056778
2020-12-01,1960643,549645272,0,1500,5475,549650747
2020-12-02,1798861,548192513,0,1500,5430,548197943
2020-12-03,391286,547939046,0,1500,5445,547944491
2020-12-04,311224,547689788,0,1500,5415,547695203
2020-12-07,1252707,547843585,0,1500,5400,547848985
2020-12-08,135710,546668043,0,1500,5355,546673398
2020-12-09,742047,545576917,0,1500,5280,545582197
2020-12-10,1401620,545671930,0,1500,5100,545677030
2020-12-11,1224745,545261266,0,1500,4965,545266231
2020-12-14,636237,545480867,0,1500,5025,545485892
2020-12-15,310622,543747532,0,1500,4980,543752512
2020-12-16,1006983,543509838,0,1500,4815,543514653
2020-12-17,2131134,543463221,0,1500,4905,543468126
2020-12-18,1915640,544195589,0,1500,4830,544200419
2020-12-21,218511,543543810,0,1500,4890,543548700
2020-12-22,1631020,543529476,0,1500,4860,543534336
2020-12-23,795969,540662786,0,1500,4800,540667586
2020-12-24,1421349,540300094,0,1500,4740,540304834
2020-12-25,850576,537774827,0,1500,4740,537779567
2020-12-28,318495,534545038,0,1500,4755,534549793
2020-12-29,1852210,533755456,0,1500,4875,533760331
2020-12-30,1335773,533789904,0,1500,4815,533794719
2020-12-31,967490,533950649,0,1500,4800,533955449
2021-01-04,2733623,534241988,0,1500,4710,534246698
2021-01-05,1823538,532979694,0,1500,4620,532984314
2021-01-06,1626299,533062756,0,1500,4545,533067301
2021-01-07,2644018,532086177,0,1500,4335,532090512
2021-01-08,1363308,532033431,0,1500,4350,532037781
2021-01-11,1169290,530614506,0,1500,4215,530618721
2021-01-12,2182304,530713339,0,1500,4395,530717734
2021-01-13,4642776,533864922,12600,14100,41736,533906658
2021-01-14,6752220,539220370,0,1500,4485,539224855
2021-01-15,3833436,542040429,0,1500,4560,542044989
2021-01-18,782826,541418284,12600,14100,42723,541461007
2021-01-19,1915948,541652459,4200,5700,17385,541669844
2021-01-20,1596797,541916359,12600,18300,55815,541972174
2021-01-21,1368954,541231480,0,5700,17271,541248751
2021-01-22,4252490,544266003,12600,18300,54534,544320537
2021-01-25,3499031,546664269,0,5700,16587,546680856
2021-01-26,2582151,548510353,0,5700,16587,548526940
2021-01-27,5246686,547273061,0,5700,16986,547290047
2021-01-28,2351942,546331537,4000,9700,29294,546360831
2021-01-29,5782432,547467952,6000,11500,35075,547503027
2021-02-01,3651114,547696162,0,5500,16555,547712717
2021-02-02,2876758,548092889,0,5500,16555,548109444
2021-02-03,3176428,549342724,0,1500,4440,549347164
2021-02-04,4105043,551364801,12600,14100,40749,551405550
2021-02-05,2550127,552050227,0,1500,4410,552054637
2021-02-08,1215095,551899770,0,1500,4440,551904210
2021-02-09,1441660,551579003,0,1500,4485,551583488
2021-02-10,247972,548722673,0,1500,4485,548727158
2021-02-18,1096635,545834248,0,1500,4545,545838793
2021-02-19,4166753,548854729,0,1500,4620,548859349
2021-02-22,2536095,546013421,9200,10700,33277,546046698
2021-02-23,2588102,546129939,0,10700,33063,546163002
2021-02-24,2650997,546727006,0,10700,33384,546760390
2021-02-25,1822025,546182607,0,10700,33384,546215991
2021-02-26,3539669,546042542,1400,2900,9396,546051938
2021-03-01,3707771,546593417,0,2900,9396,546602813
2021-03-02,3101602,548018841,0,2900,9164,548028005
2021-03-03,2704948,548514375,0,2900,9280,548523655
2021-03-04,2381899,547631534,0,2900,9280,547640814
2021-03-05,2341776,547764410,0,2900,9251,547773661
2021-03-08,2646220,548583515,2700,5600,17640,548601155
2021-03-09,10310614,555272298,0,5600,18032,555290330
2021-03-10,2176960,550729785,8500,14100,44133,550773918
2021-03-11,1142508,550919783,0,14100,44415,550964198
2021-03-12,3969716,552683064,0,14100,44979,552728043
2021-03-15,8485535,555075842,0,14100,46248,555122090
2021-03-16,4781585,547437936,0,14100,45825,547483761
2021-03-17,2313615,546120377,0,14100,46389,546166766
2021-03-18,2712081,544138131,0,14100,45825,544183956
2021-03-19,1610134,542804959,0,14100,45543,542850502
2021-03-22,8019341,530359637,0,14100,46671,530406308
2021-03-23,18399691,533609874,0,14100,47235,533657109
2021-03-24,13433013,525615073,0,14100,47940,525663013
2021-03-25,14983974,480609363,0,14100,49491,480658854
2021-03-26,27553873,499729034,375000,389100,1377414,501106448
2021-03-29,35122243,514856893,0,289100,1006068,515862961
2021-03-30,8798488,510891623,0,289100,977158,511868781
2021-03-31,12839590,509541256,0,289100,1014741,510555997
2021-04-01,5444671,505033206,0,289100,991613,506024819
2021-04-02,4974883,502873333,0,164100,548094,503421427
2021-04-06,4575379,504684734,102300,266400,897768,505582502
2021-04-07,7882011,507956670,0,66400,222440,508179110
2021-04-08,4512287,508174373,0,66400,215800,508390173
2021-04-09,3117466,508802846,12000,78400,255584,509058430
2021-04-12,8129340,513808206,206300,284700,933816,514742022
2021-04-13,3442237,514335236,1000,285700,928525,515263761
2021-04-14,2417291,512860385,0,169400,550550,513410935
2021-04-15,1630453,511539615,0,85400,276696,511816311
2021-04-16,1538331,509924341,0,85400,281820,510206161
2021-04-19,1975404,509959302,0,81800,269940,510229242
2021-04-20,1215741,504535531,0,53500,174945,504710476
2021-04-21,2753229,505654429,0,53500,172270,505826699
2021-04-22,1357454,503941500,0,53400,171414,504112914
2021-04-23,2416906,502158919,0,40800,127296,502286215
2021-04-26,1557020,500956194,32400,73100,230265,501186459
2021-04-27,1468522,499362646,25100,98200,308348,499670994
2021-04-28,761121,498732663,0,98100,306072,499038735
2021-04-29,1673454,498752313,42800,140900,435381,499187694
2021-04-30,2201254,497189132,16300,157100,491723,497680855
2021-05-06,3788057,494116860,0,157100,490152,494607012
2021-05-07,3101605,494525169,30100,179100,558792,495083961
2021-05-10,1607837,495285499,20600,170100,527310,495812809
2021-05-11,1055865,491089276,20900,154000,478940,491568216
2021-05-12,5755082,490692619,0,146100,451449,491144068
2021-05-13,4120227,493510194,1000,132700,410043,493920237
2021-05-14,3362418,493080406,0,120100,373511,493453917
2021-05-17,4628020,490326196,2600,122700,374235,490700431
2021-05-18,3169401,488640145,0,121200,362388,489002533
2021-05-19,3539647,485823452,0,102900,301497,486124949
2021-05-20,2329256,465877483,0,78300,228636,466106119
2021-05-21,2144752,467101345,10000,50200,146584,467247929
2021-05-24,3934197,468541856,689000,715000,2116400,470658256
2021-05-25,1402466,463216744,11200,726200,2149552,465366296
2021-05-26,3124352,464178271,121900,848100,2527338,466705609
2021-05-27,2805393,464360648,28000,876100,2628300,466988948
2021-05-28,1429186,464010077,0,864900,2577402,466587479
2021-05-31,5253209,467915309,0,864800,2594400,470509709
2021-06-01,1404147,467398849,0,864800,2585752,469984601
2021-06-02,1947247,468102939,0,776300,2305611,470408550
2021-06-03,2648297,464513873,0,776300,2313374,466827247
2021-06-04,2886381,465521892,5100,781400,2312944,467834836
2021-06-07,2470608,465716081,0,781400,2297316,468013397
2021-06-08,1253653,464884598,25600,807000,2380650,467265248
2021-06-09,2235980,464624432,0,806900,2372286,466996718
2021-06-10,2755067,463006112,71400,878300,2626117,465632229
2021-06-11,1045102,461673617,0,844300,2524457,464198074
2021-06-15,1714233,461869036,0,839300,2501114,464370150
2021-06-16,1637278,462218326,21300,851600,2546284,464764610
2021-06-17,2953300,461629964,20900,810500,2415290,464045254
2021-06-18,2046023,461270472,100,810600,2407482,463677954
2021-06-21,2623526,461994601,21100,831600,2444904,464439505
2021-06-22,2689181,462848169,100,831600,2453220,465301389
2021-06-23,1440490,461433347,0,703700,2068878,463502225
2021-06-24,1639077,460503014,100,662400,1947456,462450470
2021-06-25,2627814,460739750,0,547500,1615125,462354875
2021-06-28,2846796,461993658,5000,526500,1537380,463531038
2021-06-29,2047986,461578082,4800,531300,1546083,463124165
2021-06-30,2514997,459632477,5000,536300,1560633,461193110
2021-07-01,1783822,458544890,0,12600,36540,458581430
2021-07-02,1103511,458297015,0,7600,21888,458318903
2021-07-05,1530704,452800936,5000,12600,36414,452837350
2021-07-06,1795658,453194287,520786,523386,1512586,454706873
2021-07-07,1596780,453098486,0,523386,1507352,454605838
2021-07-08,2032006,454252457,5000,528386,1511184,455763641
2021-07-09,2272832,454795397,58000,586386,1694656,456490053
2021-07-12,3713302,455739198,5000,591386,1709106,457448304
2021-07-13,2614951,455365785,0,586386,1700519,457066304
2021-07-14,2337804,454087058,0,581386,1662764,455749822
2021-07-15,2596566,453535748,0,581386,1662764,455198512
2021-07-16,859443,452065703,0,581386,1668578,453734281
2021-07-19,1951282,451188908,0,527986,1504760,452693668
2021-07-20,4236416,448661326,53400,581386,1622067,450283393
2021-07-21,1944802,445185402,7000,530386,1506296,446691698
2021-07-22,3468691,444023906,83300,609686,1725411,445749317
2021-07-23,1362369,442219293,2700,609386,1700187,443919480
2021-07-26,1591079,440486442,6600,615986,1724761,442211203
2021-07-27,8116884,437221290,7000,622986,1756821,438978111
2021-07-28,6293760,441077972,0,614986,1678912,442756884
2021-07-29,2551939,441444706,3000,615986,1681642,443126348
2021-07-30,4594878,441212636,3000,615986,1681642,442894278
2021-08-02,2071010,440183854,35700,648686,1783887,441967741
2021-08-03,1332518,436653135,0,559086,1543077,438196212
2021-08-04,1568014,436363555,0,559086,1565441,437928996
2021-08-05,1203327,435736865,0,559086,1554259,437291124
2021-08-06,710370,434892420,3000,562086,1556978,436449398
2021-08-09,2515094,435205260,0,559086,1554259,436759519
2021-08-10,2008076,433804930,17900,576986,1604021,435408951
2021-08-11,1016229,430471685,2100,579086,1598277,432069962
2021-08-12,1686469,429393154,3000,582086,1600737,430993891
2021-08-13,1312279,428288157,0,582086,1594916,429883073
2021-08-16,2439496,428325421,0,582086,1606557,429931978
2021-08-17,2798906,429718184,0,579086,1575114,431293298
2021-08-18,1214486,428999033,1000,580086,1577834,430576867
2021-08-19,1231090,424950585,0,579086,1580905,426531490
2021-08-20,1840114,424931705,0,559086,1509532,426441237
2021-08-23,755919,423600505,0,559086,1520714,425121219
2021-08-24,1390255,413026386,0,559086,1531896,414558282
2021-08-25,1564511,404547300,0,559086,1554259,406101559
2021-08-26,1331952,399319010,0,530386,1479777,400798787
2021-08-27,5756329,400306246,3000,12600,35532,400341778
2021-08-30,2629639,400134235,0,9600,27072,400161307
2021-08-31,2792656,399462817,20000,29600,84360,399547177
2021-09-01,4571478,401318605,0,29600,84952,401403557
2021-09-02,1412044,399543163,0,29600,85248,399628411
2021-09-03,3260786,399973603,3000,32600,93562,400067165
2021-09-06,1743311,398087879,0,29600,85840,398173719
2021-09-07,3329953,396097273,0,29600,87616,396184889
2021-09-08,7516925,398208881,3000,32600,98452,398307333
2021-09-09,2484327,396093578,0,32600,98778,396192356
2021-09-10,1494002,392063539,0,12600,38304,392101843
2021-09-13,2662156,392577557,0,12600,38808,392616365
2021-09-14,5141403,393382482,0,12600,37926,393420408
2021-09-15,1488689,392711296,0,12600,38682,392749978
2021-09-16,4414513,391099751,0,12600,38052,391137803
2021-09-17,2750583,391010281,0,9800,29204,391039485
2021-09-22,3532233,390630193,2800,12600,38682,390668875
2021-09-23,3190126,392285090,0,9800,30184,392315274
2021-09-24,1644596,392920302,2800,12600,38178,392958480
2021-09-27,5326766,392612092,0,9800,28224,392640316
2021-09-28,2145919,393334621,0,9600,27744,393362365
2021-09-29,3330819,394912584,0,9600,27360,394939944
2021-09-30,782032,393122144,0,9600,27552,393149696
2021-10-08,1927179,391345249,0,9600,28800,391374049
2021-10-11,1625124,391536444,0,9600,28416,391564860
2021-10-12,2030576,392725400,0,9600,27840,392753240
2021-10-13,1598536,393582174,0,9600,27744,393609918
2021-10-14,1419710,394433862,0,9600,27744,394461606
2021-10-15,873072,394754543,0,9600,27552,394782095
2021-10-18,2309368,395711323,0,9600,27744,395739067
2021-10-19,1794517,395715051,0,9600,27168,395742219
2021-10-20,2111157,396753429,3000,12600,35154,396788583
2021-10-21,440471,395535405,0,12600,35406,395570811
2021-10-22,2475652,396125245,0,12600,34776,396160021
2021-10-25,784857,396284417,0,12600,34902,396319319
2021-10-26,1514796,396575539,0,12600,34524,396610063
2021-10-27,709833,396908743,85800,98400,269616,397178359
2021-10-28,2218237,398371850,4200,102600,272916,398644766
2021-10-29,1437860,398896496,547400,650000,1748500,400644996
2021-11-01,1014999,398881462,20400,667400,1822002,400703464
2021-11-02,3126260,399019834,3000,670400,1810080,400829914
2021-11-03,791831,399297332,100,670500,1796940,401094272
2021-11-04,2171082,400342922,0,670500,1823760,402166682
2021-11-05,3054925,399189389,0,667500,1855650,401045039
2021-11-08,2871478,399351386,0,577500,1611225,400962611
2021-11-09,2732758,400621018,29700,604600,1674742,402295760
2021-11-10,4128422,401811666,0,57200,161304,401972970
2021-11-11,2877438,401940912,0,36700,104962,402045874
2021-11-12,1938410,398419078,0,36700,106797,398525875
2021-11-15,28750772,403573809,5000,41700,129270,403703079
2021-11-16,23563005,406202917,517000,551700,1699236,407902153
2021-11-17,15093592,398140553,0,549700,1731555,399872108
2021-11-18,10910871,394019401,150000,699700,2127088,396146489
2021-11-19,10989312,390280602,250000,920000,2824400,393105002
2021-11-22,35391544,410030467,611100,1531100,5175118,415205585
2021-11-23,40919512,418226424,246900,1776500,5880215,424106639
2021-11-24,32572723,423010739,164200,1690700,5562403,428573142
2021-11-25,15696194,420269945,0,1611500,5108455,425378400
2021-11-26,9092185,411407643,0,1114100,3431428,414839071
2021-11-29,10705449,410568035,800,264900,807945,411375980
2021-11-30,11449077,412491939,1200,265300,803859,413295798
2021-12-01,6799761,413139983,6600,271900,826576,413966559
2021-12-02,10784747,417423252,81300,352000,1041920,418465172
2021-12-03,2009418,415914248,497600,671600,1994652,417908900
2021-12-06,4598051,411583068,1600,579900,1687509,413270577
2021-12-07,2643187,408981742,12700,592600,1724466,410706208
2021-12-08,5857433,410241934,0,580000,1699400,411941334
2021-12-09,4643030,408636660,124100,704100,2077095,410713755
2021-12-10,12310218,413119944,7300,705400,2123254,415243198
2021-12-13,21119564,410980252,24000,722700,2218689,413198941
2021-12-14,25017760,408141649,53100,770800,2435728,410577377
2021-12-15,8757215,399143886,71700,349400,1097116,400241002
2021-12-16,17072417,398899670,200000,318700,1045336,399945006
2021-12-17,13369925,396496002,10700,229400,757020,397253022
2021-12-20,13210088,396994836,1100,230500,753735,397748571
2021-12-21,41927593,409645877,103900,227500,819000,410464877
2021-12-22,73051488,412612961,480000,592800,2009592,414622553
2021-12-23,35940643,390864237,692000,1184800,3980928,394845165
2021-12-24,23478473,396640337,100000,931800,3084258,399724595
2021-12-27,10177183,387164188,99966,854166,2793123,389957311
2021-12-28,16995406,395925759,723800,1460566,4732234,400657993
2021-12-29,12849600,399114190,0,1328766,4252051,403366241
2021-12-30,9572376,392241966,166600,1395366,4562847,396804813
2021-12-31,13345315,393848076,69100,1022866,3344772,397192848
2022-01-04,19308092,389627708,773100,1265966,4342263,393969971
2022-01-05,22740063,375057969,60500,826466,2892631,377950600
2022-01-06,13432145,372837922,50000,402700,1421531,374259453
2022-01-07,25370801,382743644,2100,404800,1408704,384152348
2022-01-10,13858286,379165648,50000,370900,1301859,380467507
2022-01-11,7193539,368385598,0,370600,1289688,369675286
2022-01-12,12095004,367087675,0,100000,345000,367432675
2022-01-13,9345949,366065431,86300,186300,637146,366702577
2022-01-14,6318855,361777364,0,186300,620379,362397743
2022-01-17,5350523,359573443,0,86300,292557,359866000
2022-01-18,6258953,358986561,13800,13800,45954,359032515
2022-01-19,9390233,357604221,242800,256600,880138,358484359
2022-01-20,11521649,358958872,0,148700,495171,359454043
2022-01-21,40082750,368961969,270800,289500,995880,369957849
2022-01-24,21494860,367486361,2500,236800,821696,368308057
2022-01-25,17174656,363951898,0,171900,558675,364510573
2022-01-26,30682474,352693209,460100,476400,1705512,354398721
2022-01-27,41890437,368061301,170000,633800,2199286,370260587
2022-01-28,34600297,366773629,920500,1259300,4130504,370904133
2022-02-07,29057595,371173919,833300,1847600,5468896,376642815
2022-02-08,19550334,370986370,0,963900,2988090,373974460
2022-02-09,15314441,365218503,75000,923600,2973992,368192495
2022-02-10,15403138,368823321,43800,847400,2737102,371560423
2022-02-11,12966989,367608376,0,647400,2019888,369628264
2022-02-14,9764284,369903701,806600,1454000,4536480,374440181
2022-02-15,17371915,366076128,785300,1889300,6140225,372216353
2022-02-16,55372716,363982993,239900,2129200,7622536,371605529
2022-02-17,108880975,356757064,596700,2565900,9519489,366276553
2022-02-18,57752222,339708035,135100,2576000,9505440,349213475
2022-02-21,62798257,368756770,0,2576000,9325120,378081890
2022-02-22,73362486,397158392,65000,2112200,7751774,404910166
2022-02-23,46536365,393210466,20000,1999200,7217112,400427578
2022-02-24,34248526,376385976,0,869200,2998740,379384716
2022-02-25,32075716,379267608,374700,543900,1811187,381078795
2022-02-28,11656339,372836387,339600,853600,2825416,375661803
2022-03-01,15296943,375091509,86900,877900,2967302,378058811
2022-03-02,11621893,376223364,214600,1017300,3438474,379661838
2022-03-03,18951994,378353260,62600,812300,2737451,381090711
2022-03-04,12803300,368053736,262900,860600,2805556,370859292
2022-03-07,7874697,366029059,790500,1412800,4619856,370648915
2022-03-08,13379207,371465673,180500,1480700,4738240,376203913
2022-03-09,16546621,371593827,196700,1603400,5291220,376885047
2022-03-10,19421883,379147460,90200,1466000,4808480,383955940
2022-03-11,11177598,376772426,145300,1408900,4578925,381351351
2022-03-14,11212138,373497904,96500,1451700,4500270,377998174
2022-03-15,10348596,371572211,64900,1443400,4286898,375859109
2022-03-16,8851147,367541518,261100,1513900,4677951,372219469
2022-03-17,12460529,363655438,82300,696400,2165804,365821242
2022-03-18,6199984,357155488,364900,867900,2777280,359932768
2022-03-21,10851588,356948778,107900,743400,2416050,359364828
2022-03-22,10707585,357560471,84000,531800,1738986,359299457
2022-03-23,4804591,354079097,99300,499700,1624025,355703122
2022-03-24,8560760,354247842,60300,130700,416933,354664775
2022-03-25,6050967,351241128,209600,276300,884160,352125288
2022-03-28,13273593,355879499,130100,239700,788613,356668112
2022-03-29,9397735,357004324,21100,249800,806854,357811178
2022-03-30,14255976,360640560,66900,115500,379995,361020555
2022-03-31,15501581,355022492,213900,296700,982077,356004569
2022-04-01,12382315,354776314,98800,177200,588304,355364618
2022-04-06,17346797,355772123,68100,185300,633726,356405849
2022-04-07,18261934,360685456,105100,218100,728454,361413910
2022-04-08,36180636,374616626,253800,363800,1273300,375889926
2022-04-11,23900287,370359940,104400,368100,1277307,371637247
2022-04-12,25688378,372157920,100700,216700,758450,372916370
2022-04-13,12348433,363739668,32000,120400,397320,364136988
2022-04-14,15865895,365590252,69000,175000,589750,366180002
2022-04-15,11711139,357997900,54400,156000,496080,358493980
2022-04-18,6689382,356727077,190200,290600,918296,357645373
2022-04-19,7686810,362007670,41100,235500,746535,362754205
2022-04-20,5838622,359671794,75200,244700,761017,360432811
2022-04-21,8610807,359934035,109200,248200,734672,360668707
