日期,融资买入额(元),融资余额(元),融券卖出量,融券余量,融券余额(元),融资融券余额(元)
2017-07-12,34807552,1028818120,90000,170000,1847900,1030666020
2017-07-13,95128337,1064959046,35000,80000,867200,1065826246
2017-07-14,25562360,1060461384,13300,80000,864000,1061325384
2017-07-17,49859323,1040847796,112500,180000,1909800,1042757596
2017-07-18,10036432,1029515151,30000,80000,856000,1030371151
2017-07-19,36639430,1040187548,0,40000,435200,1040622748
2017-07-20,28430879,1036541653,110000,150000,1626000,1038167653
2017-07-21,18976868,1031567332,0,30000,324300,1031891632
2017-07-24,50162342,1042382529,30000,30000,330300,1042712829
2017-07-25,45502603,1040531495,0,0,0,1040531495
2017-07-26,30124190,1030103000,0,0,0,1030103000
2017-07-27,19411259,1006098548,0,0,0,1006098548
2017-07-28,14112971,1006601671,0,0,0,1006601671
2017-07-31,48156024,1023652942,60000,60000,672000,1024324942
2017-08-01,52009442,1024419205,0,60000,680400,1025099605
2017-08-02,144821550,1052835121,20000,80000,982400,1053817521
2017-08-03,89252076,1079315629,0,60000,719400,1080035029
2017-08-04,54789222,1062897554,0,60000,719400,1063616954
2017-08-07,90806122,1079650590,20000,80000,992000,1080642590
2017-08-08,60383781,1088019167,0,60000,715200,1088734367
2017-08-09,38183256,1094180446,0,60000,716400,1094896846
2017-08-10,96789869,1134225375,128378,188378,2275606,1136500981
2017-08-11,43358661,1102281422,0,129978,1536340,1103817762
2017-08-14,23127171,1087866365,20000,149978,1801236,1089667601
2017-08-15,23785920,1066849860,0,149978,1802736,1068652596
2017-08-16,13035950,1057443140,0,120000,1437600,1058880740
2017-08-17,35111413,1061711724,20000,140000,1681400,1063393124
2017-08-18,16056000,1049046359,0,120000,1431600,1050477959
2017-08-21,25288890,1046597214,20000,140000,1687000,1048284214
2017-08-22,29979277,1052851584,0,90000,1093500,1053945084
2017-08-23,21090947,1047590960,0,90000,1083600,1048674560
2017-08-24,12596311,1038795577,0,90000,1080900,1039876477
2017-08-25,26059908,1022827441,30000,120000,1459200,1024286641
2017-08-28,31754171,1018169266,0,60000,737400,1018906666
2017-08-29,21826927,1007893327,0,60000,730200,1008623527
2017-08-30,43983828,1011878525,2000,62000,767560,1012646085
2017-08-31,32007892,1010201426,0,60000,739200,1010940626
2017-09-01,22105004,996693381,0,60000,739800,997433181
2017-09-04,25010174,984876626,0,20000,245400,985122026
2017-09-05,20406990,975249835,0,20000,248400,975498235
2017-09-06,24997100,976197113,0,0,0,976197113
2017-09-07,17372080,963856084,0,0,0,963856084
2017-09-08,30328345,964361121,0,0,0,964361121
2017-09-11,15446509,967103243,0,0,0,967103243
2017-09-12,64134151,977427753,0,0,0,977427753
2017-09-13,17974328,958625615,0,0,0,958625615
2017-09-14,39008644,971381056,20000,20000,258800,971639856
2017-09-15,25373528,967597329,0,20000,259400,967856729
2017-09-18,23228571,970558775,0,0,0,970558775
2017-09-19,51428832,990469231,0,0,0,990469231
2017-09-20,48503148,994312661,0,0,0,994312661
2017-09-21,17789811,994247912,0,0,0,994247912
2017-09-22,12900599,985611400,0,0,0,985611400
2017-09-25,8486179,986377673,0,0,0,986377673
2017-09-26,7595986,979744866,0,0,0,979744866
2017-09-27,11866470,977706972,0,0,0,977706972
2017-09-28,15193471,981253492,0,0,0,981253492
2017-09-29,21171002,981284882,0,0,0,981284882
2017-10-09,22699017,993005493,0,0,0,993005493
2017-10-10,30652026,988726212,0,0,0,988726212
2017-10-11,18704527,975027542,0,0,0,975027542
2017-10-12,5989495,968390838,0,0,0,968390838
2017-10-13,9060584,964552876,0,0,0,964552876
2017-10-16,21487183,956041307,0,0,0,956041307
2017-10-17,5104439,954434758,0,0,0,954434758
2017-10-18,6150842,953731441,0,0,0,953731441
2017-10-19,9358768,955005572,0,0,0,955005572
2017-10-20,6488804,951472483,0,0,0,951472483
2017-10-23,13798869,954781754,0,0,0,954781754
2017-10-24,16013297,960669695,0,0,0,960669695
2017-10-25,7206151,956060472,0,0,0,956060472
2017-10-26,11588266,950963465,0,0,0,950963465
2017-10-27,11253023,954972787,0,0,0,954972787
2017-10-30,28095596,973556976,0,0,0,973556976
2017-10-31,8057987,977464780,0,0,0,977464780
2017-11-01,14409702,984003700,0,0,0,984003700
2017-11-02,9521321,979294557,0,0,0,979294557
2017-11-03,25278458,968541073,0,0,0,968541073
2017-11-06,43710173,980734782,0,0,0,980734782
2017-11-07,31945944,997040560,0,0,0,997040560
2017-11-08,18182654,998902176,0,0,0,998902176
2017-11-09,17179361,997398243,0,0,0,997398243
2017-11-10,30453402,998071908,49940,49940,639232,998711140
2017-11-13,27293295,1002041908,0,0,0,1002041908
2017-11-14,33437873,1012979695,0,0,0,1012979695
2017-11-15,13605191,1009983966,0,0,0,1009983966
2017-11-16,12829229,1004702021,0,0,0,1004702021
2017-11-17,27015196,1009306637,0,0,0,1009306637
2017-11-20,13761144,1004033400,0,0,0,1004033400
2017-11-21,16611599,1006944122,0,0,0,1006944122
2017-11-22,22037099,1014294449,0,0,0,1014294449
2017-11-23,47327313,1034397183,0,0,0,1034397183
2017-11-24,20939428,1044380501,0,0,0,1044380501
2017-11-27,13991954,1047061431,0,0,0,1047061431
2017-11-28,8227715,1044957565,0,0,0,1044957565
2017-11-29,8353141,1045046375,0,0,0,1045046375
2017-11-30,8553807,1038546953,0,0,0,1038546953
2017-12-01,70198719,1042875006,0,0,0,1042875006
2017-12-04,62288221,1039730223,0,0,0,1039730223
2017-12-05,57666753,1038521022,0,0,0,1038521022
2017-12-06,73886578,1031604012,0,0,0,1031604012
2017-12-07,75238306,1051937723,0,0,0,1051937723
2017-12-08,69688536,1066346785,0,0,0,1066346785
2017-12-11,52457119,1076752340,2700,2700,37287,1076789627
2017-12-12,48342149,1087948302,15000,15000,207150,1088155452
2017-12-13,50025602,1074184493,0,15000,204600,1074389093
2017-12-14,100735786,1099854664,65000,65000,930800,1100785464
2017-12-15,104884402,1095005599,15000,15000,201750,1095207349
2017-12-18,35194601,1097387947,12700,12700,171323,1097559270
2017-12-19,26186066,1087460505,65000,77700,1058274,1088518779
2017-12-20,21851341,1080398126,0,30000,405900,1080804026
2017-12-21,31472950,1069468543,0,30000,403500,1069872043
2017-12-22,24313275,1072440758,0,30000,400500,1072841258
2017-12-25,36552997,1064922047,0,30000,381300,1065303347
2017-12-26,17228281,1061711111,15000,15000,194550,1061905661
2017-12-27,24590895,1069936521,0,0,0,1069936521
2017-12-28,14429099,1068177382,80000,80000,1015200,1069192582
2017-12-29,18046193,1076565271,0,0,0,1076565271
2018-01-02,29675666,1080721592,0,0,0,1080721592
2018-01-03,45219768,1107391451,0,0,0,1107391451
2018-01-04,39331297,1113985007,52000,52000,659360,1114644367
2018-01-05,21767382,1112823102,0,52000,655200,1113478302
2018-01-08,41264616,1117862199,0,0,0,1117862199
2018-01-09,25723217,1105690906,0,0,0,1105690906
2018-01-10,29176875,1113897017,0,0,0,1113897017
2018-01-11,13031302,1112441897,0,0,0,1112441897
2018-01-12,18843576,1105098368,0,0,0,1105098368
2018-01-15,35634470,1100809378,0,0,0,1100809378
2018-01-16,15755514,1093443975,0,0,0,1093443975
2018-01-17,9720233,1078039325,0,0,0,1078039325
2018-01-18,16043659,1072121258,0,0,0,1072121258
2018-01-19,15825969,1056354659,0,0,0,1056354659
2018-01-22,34094079,1062180991,0,0,0,1062180991
2018-01-23,15351879,1050462311,0,0,0,1050462311
2018-01-24,18635158,1016460787,0,0,0,1016460787
2018-01-25,30005288,1014235656,0,0,0,1014235656
2018-01-26,13315822,1006505632,0,0,0,1006505632
2018-01-29,38331707,1011730652,0,0,0,1011730652
2018-01-30,11921528,1006259599,0,0,0,1006259599
2018-01-31,14795358,992234935,0,0,0,992234935
2018-02-01,28773695,992744608,0,0,0,992744608
2018-02-02,48151879,1009691497,0,0,0,1009691497
2018-02-05,16542880,1007026622,0,0,0,1007026622
2018-02-06,23884951,1003958210,0,0,0,1003958210
2018-02-07,14194303,998765332,0,0,0,998765332
2018-02-08,7152768,982903356,0,0,0,982903356
2018-02-09,17748456,980079055,0,0,0,980079055
2018-02-12,7973655,973031465,0,0,0,973031465
2018-02-13,6790719,965954578,0,0,0,965954578
2018-02-14,7072788,951995439,0,0,0,951995439
2018-02-22,13347585,955580322,0,0,0,955580322
2018-02-23,9127615,955290636,0,0,0,955290636
2018-02-26,36549442,972965625,0,0,0,972965625
2018-02-27,28894738,966325660,0,0,0,966325660
2018-02-28,28500691,974601620,0,0,0,974601620
2018-03-01,22863687,978221670,0,0,0,978221670
2018-03-02,24424368,982412133,0,0,0,982412133
2018-03-05,9383081,981293525,0,0,0,981293525
2018-03-06,27023180,973347331,0,0,0,973347331
2018-03-07,20485899,972128680,0,0,0,972128680
2018-03-08,17208236,968558833,0,0,0,968558833
2018-03-09,19506057,970633975,8000,8000,106800,970740775
2018-03-12,30299041,967941080,0,8000,107760,968048840
2018-03-13,21539380,970102987,0,8000,106400,970209387
2018-03-14,22891559,969128866,0,0,0,969128866
2018-03-15,17483325,949125290,0,0,0,949125290
2018-03-16,10745285,936012633,0,0,0,936012633
2018-03-19,20980158,940120814,0,0,0,940120814
2018-03-20,14915412,939115400,0,0,0,939115400
2018-03-21,24875308,947211355,0,0,0,947211355
2018-03-22,15648394,946551541,0,0,0,946551541
2018-03-23,14038303,939294269,0,0,0,939294269
2018-03-26,15714435,937832738,0,0,0,937832738
2018-03-27,29852392,950327395,0,0,0,950327395
2018-03-28,15136494,954271708,0,0,0,954271708
2018-03-29,13649597,951356424,0,0,0,951356424
2018-03-30,20387471,957244780,0,0,0,957244780
2018-04-02,19676892,949742320,0,0,0,949742320
2018-04-03,47577892,923949886,0,0,0,923949886
2018-04-04,13693212,918578607,0,0,0,918578607
2018-04-09,19242274,921187947,0,0,0,921187947
2018-04-10,24563241,924633847,0,0,0,924633847
2018-04-11,27216739,928020973,0,0,0,928020973
2018-04-12,36038540,916251276,0,0,0,916251276
2018-04-13,107824354,934704704,0,0,0,934704704
2018-04-16,33116144,919112569,25000,25000,366500,919479069
2018-04-17,63154866,921508176,0,25000,373500,921881676
2018-04-18,30084376,912597586,0,25000,370000,912967586
2018-04-19,43261380,927242357,0,0,0,927242357
2018-04-20,45624505,925212452,0,0,0,925212452
2018-04-23,18312572,925423097,0,0,0,925423097
2018-04-24,23209707,890340660,0,0,0,890340660
2018-04-25,18871887,893480347,0,0,0,893480347
2018-04-26,22167977,892088668,0,0,0,892088668
2018-04-27,15626813,888280704,0,0,0,888280704
2018-05-02,13626180,856514104,0,0,0,856514104
2018-05-03,21405372,855404492,0,0,0,855404492
2018-05-04,43623513,867712180,0,0,0,867712180
2018-05-07,35275409,882313306,0,0,0,882313306
2018-05-08,34099652,900224855,0,0,0,900224855
2018-05-09,15522401,899156258,0,0,0,899156258
2018-05-10,21078543,909805385,0,0,0,909805385
2018-05-11,11227496,888782957,0,0,0,888782957
2018-05-14,24000479,865548074,0,0,0,865548074
2018-05-15,23035102,858289513,0,0,0,858289513
2018-05-16,23289606,813800543,0,0,0,813800543
2018-05-17,34766995,785644407,0,0,0,785644407
2018-05-18,20744577,774989983,0,0,0,774989983
2018-05-21,37512896,784109093,0,0,0,784109093
2018-05-22,63207537,829161818,2400,2400,34608,829196426
2018-05-23,36554242,843774582,5200,7600,107616,843882198
2018-05-24,18756819,840900485,0,7600,106476,841006961
2018-05-25,11551967,835927496,0,7600,106020,836033516
2018-05-28,12219721,841437391,0,7600,105716,841543107
2018-05-29,20703703,853019238,0,7600,105336,853124574
2018-05-30,21732095,863731802,0,7600,103284,863835086
2018-05-31,17036412,871937190,0,7600,104272,872041462
2018-06-01,29024332,889079513,0,7600,103284,889182797
2018-06-04,19679384,896587595,0,7600,103892,896691487
2018-06-05,42857290,919834630,0,7600,104880,919939510
2018-06-06,8912283,921492004,0,7600,105640,921597644
2018-06-07,6601811,919919295,0,7600,105412,920024707
2018-06-08,13599154,913520256,0,7600,104500,913624756
2018-06-11,4801740,913024459,0,7600,103132,913127591
2018-06-12,10054830,914094774,0,7600,102676,914197450
2018-06-13,8386075,905918595,0,7600,104272,906022867
2018-06-14,11861750,903713723,0,7600,104728,903818451
2018-06-15,11920239,887090883,0,7600,94240,887185123
2018-06-19,0,881058391,0,7600,94240,881152631
2018-06-20,0,876860668,0,7600,93328,876953996
2018-06-21,0,873246549,0,7600,93328,873339877
2018-06-22,0,870648825,0,7600,93328,870742153
2018-06-25,0,869121180,0,7600,93328,869214508
2018-06-26,0,868245236,0,7600,93328,868338564
2018-06-27,0,864922913,0,7600,93328,865016241
2018-06-28,0,864088408,0,7600,93328,864181736
2018-06-29,0,864018922,0,7600,93328,864112250
2018-07-02,0,862197237,0,7600,93328,862290565
2018-07-03,0,854500174,0,7600,93328,854593502
2018-07-04,0,854021891,0,7600,93328,854115219
2018-07-05,0,853094688,0,7600,93328,853188016
2018-07-06,0,852264086,0,7600,93328,852357414
2018-07-09,0,851567976,0,7600,93328,851661304
2018-07-10,0,851332538,0,7600,93328,851425866
2018-07-11,0,847220022,0,7600,93328,847313350
2018-07-12,0,846541042,0,7600,93328,846634370
2018-07-13,0,846286974,0,7600,93328,846380302
2018-07-16,0,843436667,0,7600,93328,843529995
2018-07-17,0,841536010,0,7600,93328,841629338
2018-07-18,0,841467505,0,7600,93328,841560833
2018-07-19,0,839521067,0,3600,44208,839565275
2018-07-20,0,838932157,0,3600,44208,838976365
2018-07-23,0,837204700,0,3600,44208,837248908
2018-07-24,0,836378789,0,3600,44208,836422997
2018-07-25,0,835496761,0,3600,44208,835540969
2018-07-26,0,834781240,0,3600,44208,834825448
2018-07-27,0,834635837,0,3600,44208,834680045
2018-07-30,0,834233425,0,1200,14736,834248161
2018-07-31,0,833874791,0,1200,14736,833889527
2018-08-01,0,833619744,0,1200,14736,833634480
2018-08-02,0,833511444,0,1200,14736,833526180
2018-08-03,0,832633867,0,1200,14736,832648603
2018-08-06,0,832449744,0,1200,14736,832464480
2018-08-07,0,832021456,0,1200,14736,832036192
2018-08-08,0,831669897,0,1200,14736,831684633
2018-08-09,0,831311671,0,1200,14736,831326407
2018-08-10,0,831220383,0,1200,14736,831235119
2018-08-13,0,830846617,0,1200,14736,830861353
2018-08-14,0,830666773,0,1200,14736,830681509
2018-08-15,0,830622015,0,1200,14736,830636751
2018-08-16,0,830516469,0,1200,14736,830531205
2018-08-17,0,830196196,0,1200,14736,830210932
2018-08-20,0,829495435,0,1200,14736,829510171
2018-08-21,0,828881706,0,1200,14736,828896442
2018-08-22,0,827400855,0,1200,14736,827415591
2018-08-23,0,827061085,0,1200,14736,827075821
2018-08-24,0,826931061,0,1200,14736,826945797
2018-08-27,0,826729941,0,1200,14736,826744677
2018-08-28,0,826031361,0,1200,14736,826046097
2018-08-29,0,825833363,0,1200,14736,825848099
2018-08-30,0,825601853,0,1200,14736,825616589
2018-08-31,0,825266398,0,1200,14736,825281134
2018-09-03,0,824841768,0,1200,14736,824856504
2018-09-04,0,824516768,0,1200,14736,824531504
2018-09-05,0,824228560,0,1200,14736,824243296
2018-09-06,0,823520388,0,1200,14736,823535124
2018-09-07,0,823282198,0,1200,14736,823296934
2018-09-10,0,822784602,0,1200,14736,822799338
2018-09-11,0,822471704,0,1200,14736,822486440
2018-09-12,0,822351907,0,1200,14736,822366643
2018-09-13,0,820224759,0,1200,14736,820239495
2018-09-14,0,819616046,0,1200,14736,819630782
2018-09-17,0,819422988,0,1200,14736,819437724
2018-09-18,0,819028882,0,1200,14736,819043618
2018-09-19,0,818735956,0,1200,14736,818750692
2018-09-20,0,817835315,0,1200,14736,817850051
2018-09-21,0,817579044,0,1200,14736,817593780
2018-09-25,0,817464631,0,1200,14736,817479367
2018-09-26,0,817440931,0,1200,14736,817455667
2018-09-27,0,817391969,0,1200,14736,817406705
2018-09-28,0,816604945,0,1200,14736,816619681
2018-10-08,0,814980566,0,1200,14736,814995302
2018-10-09,0,814019036,0,1200,14736,814033772
2018-10-10,0,813925847,0,1200,14736,813940583
2018-10-11,0,812082534,0,1200,14736,812097270
2018-10-12,0,811121621,0,1200,14736,811136357
2018-10-15,0,810793127,0,1200,14736,810807863
2018-10-16,0,809738608,0,1200,14736,809753344
2018-10-17,0,809505844,0,1200,14736,809520580
2018-10-18,0,809150695,0,1200,14736,809165431
2018-10-19,0,808830507,0,1200,14736,808845243
2018-10-22,0,807810482,0,1200,14736,807825218
2018-10-23,0,807439647,0,1200,14736,807454383
2018-10-24,0,807415874,0,1200,14736,807430610
2018-10-25,0,807243119,0,1200,14736,807257855
2018-10-26,0,807132257,0,1200,14736,807146993
2018-10-29,0,806060896,0,1200,14736,806075632
2018-10-30,0,805776282,0,1200,14736,805791018
2018-10-31,0,805437781,0,1200,14736,805452517
2018-11-01,0,804594599,0,1200,14736,804609335
2018-11-02,0,804477336,0,1200,14736,804492072
2018-11-05,0,804286321,0,1200,14736,804301057
2018-11-06,0,804107766,0,1200,14736,804122502
2018-11-07,0,803993434,0,1200,14736,804008170
2018-11-08,0,803795896,0,1200,14736,803810632
2018-11-09,0,803565963,0,1200,14736,803580699
2018-11-12,0,803462557,0,1200,14736,803477293
2018-11-13,0,802830414,0,1200,14736,802845150
2018-11-14,106080,798413379,0,1200,13260,798426639
2018-11-15,3119325,760444495,0,1200,11940,760456435
2018-11-16,157350310,703074756,0,1200,10860,703085616
2018-11-19,123409732,750184576,0,1200,10764,750195340
2018-11-20,92236712,781432545,0,1200,10740,781443285
2018-11-21,57047139,778323154,0,1200,10548,778333702
2018-11-22,46245542,779043055,0,0,0,779043055
2018-11-23,57454175,767019404,1200,1200,9948,767029352
2018-11-26,54338465,769034105,0,1200,9900,769044005
2018-11-27,36498800,769223611,0,1200,9744,769233355
2018-11-28,30224478,770391764,0,1200,9708,770401472
2018-11-29,33441180,776529269,40000,41200,323008,776852277
2018-11-30,28343839,767181965,0,41200,329188,767511153
2018-12-03,87971891,814203319,0,41200,335368,814538687
2018-12-04,34494184,815720434,0,41200,335368,816055802
2018-12-05,31696791,814065718,0,41200,331660,814397378
2018-12-06,50409441,815097874,0,41200,333720,815431594
2018-12-07,27655086,821022315,0,41200,331248,821353563
2018-12-10,17266369,825031868,100,41300,330400,825362268
2018-12-11,22098817,807483468,0,41300,329987,807813455
2018-12-12,15977116,792736824,0,41300,330400,793067224
2018-12-13,30124261,802557196,0,41300,330400,802887596
2018-12-14,21182633,801326211,0,41300,327096,801653307
2018-12-17,29445890,800818672,0,40100,310374,801129046
2018-12-18,22319144,795158424,19000,59100,445614,795604038
2018-12-19,24506789,782270826,0,59000,433650,782704476
2018-12-20,27932649,793481167,0,59000,431290,793912457
2018-12-21,23172919,783812734,0,59000,417130,784229864
2018-12-24,18099869,783762001,0,59000,411820,784173821
2018-12-25,41329261,760377446,0,39000,260130,760637576
2018-12-26,14726296,755485834,0,39000,253890,755739724
2018-12-27,19195973,748956446,0,39000,246480,749202926
2018-12-28,43181346,742628752,600,39600,270864,742899616
2019-01-02,36318396,744987233,400,39600,277596,745264829
2019-01-03,28712623,735105778,400,39600,274032,735379810
2019-01-04,30874209,741319224,0,39600,274824,741594048
2019-01-07,25141563,737476574,200,20700,143451,737620025
2019-01-08,31570794,738018533,20100,40600,288260,738306793
2019-01-09,20677488,714353459,0,40600,286230,714639689
2019-01-10,16992197,713468999,0,40600,282982,713751981
2019-01-11,16322593,717909145,200,40700,282865,718192010
2019-01-14,11316877,715841807,0,40700,277574,716119381
2019-01-15,14382621,718717550,0,40600,278516,718996066
2019-01-16,11336869,714624882,0,20600,140904,714765786
2019-01-17,19041350,714655340,600,20600,136784,714792124
2019-01-18,16348856,713808716,600,20600,137814,713946530
2019-01-21,11784147,708390736,0,20600,139050,708529786
2019-01-22,9865026,706614500,200,20600,137608,706752108
2019-01-23,24325582,707737480,20600,40600,271614,708009094
2019-01-24,11540919,708006405,600,20800,137072,708143477
2019-01-25,18372646,711757319,0,20800,136656,711893975
2019-01-28,33135073,721585242,20400,40600,271208,721856450
2019-01-29,15604532,716413111,600,40600,261058,716674169
2019-01-30,8631435,714099394,0,40000,257200,714356594
2019-01-31,13772092,701362444,0,40000,248400,701610844
2019-02-01,10728691,692740103,0,40000,256400,692996503
2019-02-11,29661472,701577259,0,20000,136000,701713259
2019-02-12,25463090,693664176,0,20000,138000,693802176
2019-02-13,32854324,693049426,0,20000,139400,693188826
2019-02-14,45062677,701934684,20600,40600,287854,702222538
2019-02-15,32277165,702617612,600,20600,144406,702762018
2019-02-18,49239072,722163512,600,600,4320,722167832
2019-02-19,56799750,741151059,40600,40600,298816,741449875
2019-02-20,33981687,740127448,600,20600,149350,740276798
2019-02-21,37529849,733537098,600,20600,148526,733685624
2019-02-22,44284362,731879454,600,600,4404,731883858
2019-02-25,74297801,737346606,20600,20600,158414,737505020
2019-02-26,74453528,726663674,600,600,4620,726668294
2019-02-27,55039614,730468607,40600,40600,315868,730784475
2019-02-28,62327541,739638896,600,600,4740,739643636
2019-03-01,41327005,728901049,600,600,4650,728905699
2019-03-04,83746572,756596470,600,600,4704,756601174
2019-03-05,55272379,754993546,20600,20600,163976,755157522
2019-03-06,166729702,796808160,20600,20600,176542,796984702
2019-03-07,117028034,805710969,600,20600,180662,805891631
2019-03-08,93101683,801250927,600,20600,171598,801422525
2019-03-11,83021525,798915143,600,20600,177778,799092921
2019-03-12,114288961,820144064,600,20600,180868,820324932
2019-03-13,80315107,803570749,600,20600,172834,803743583
2019-03-14,54457717,797512423,2600,22600,181704,797694127
2019-03-15,46275918,799433693,600,22600,182608,799616301
2019-03-18,93581791,824444052,18600,20600,176336,824620388
2019-03-19,54139965,820770337,600,600,5118,820775455
2019-03-20,66701834,823294039,34200,34200,293094,823587133
2019-03-21,70869500,820950564,20600,20600,177366,821127930
2019-03-22,68110758,830218063,600,20600,179632,830397695
2019-03-25,98180622,845194824,600,20600,181074,845375898
2019-03-26,70149698,825046442,600,600,4932,825051374
2019-03-27,29473344,809793700,600,600,4914,809798614
2019-03-28,35544452,818852593,65527,65527,531424,819384017
2019-03-29,46431733,810894249,65500,65527,545840,811440089
2019-04-01,79120341,830838139,54200,54200,465036,831303175
2019-04-02,128491003,844315239,600,600,5448,844320687
2019-04-03,178295515,848584072,54200,54200,502434,849086506
2019-04-04,188511900,880406271,600,20600,198584,880604855
2019-04-08,239879736,925318243,36400,36400,348712,925666955
2019-04-09,93569378,907003523,20600,20600,196936,907200459
2019-04-10,87805728,917469479,3600,3600,33552,917503031
2019-04-11,59656847,916012812,34200,37200,339636,916352448
2019-04-12,29632066,904666541,600,3600,33048,904699589
2019-04-15,82500346,908734949,52100,55100,522348,909257297
2019-04-16,140417723,912695079,600,35100,352053,913047132
2019-04-17,122425753,944500368,20600,54300,537027,945037395
2019-04-18,72523151,963582813,14600,48300,470442,964053255
2019-04-19,72857360,982697222,600,48300,471891,983169113
2019-04-22,101639280,988833537,33400,81100,819921,989653458
2019-04-23,69293558,972611063,600,68300,669340,973280403
2019-04-24,50972492,961964190,25600,93300,904077,962868267
2019-04-25,70083210,924478117,18300,66000,586740,925064857
2019-04-26,23667279,893561621,10600,58300,518870,894080491
2019-04-29,42837093,899677325,45600,72600,612744,900290069
2019-04-30,40626393,886304917,10600,37600,335768,886640685
2019-05-06,41764407,893148496,21700,48700,403723,893552219
2019-05-07,24985205,891575945,10600,37600,307192,891883137
2019-05-08,28811054,896609457,10600,37600,298544,896908001
2019-05-09,21409428,899326326,10600,37600,292152,899618478
2019-05-10,30326910,892526990,10600,37600,302680,892829670
2019-05-13,28470532,891195596,51600,65600,544480,891740076
2019-05-14,14576722,886747887,21600,52600,435002,887182889
2019-05-15,17069411,884903876,17500,21000,176400,885080276
2019-05-16,13899582,880006856,6200,9700,82353,880089209
2019-05-17,15583266,871567847,10200,10200,82620,871650467
2019-05-20,8566442,865616391,19600,19600,160132,865776523
2019-05-21,11015584,866477743,36300,38100,318135,866795878
2019-05-22,4355082,858832173,11200,34100,280643,859112816
2019-05-23,16730576,867097739,20900,42400,339624,867437363
2019-05-24,9202611,862128838,17400,40200,322404,862451242
2019-05-27,9874328,860622789,19000,19300,158839,860781628
2019-05-28,12078457,856419077,6200,7200,59328,856478405
2019-05-29,19769349,866935854,19000,19600,160916,867096770
2019-05-30,12803487,865473067,41516,42416,346115,865819182
2019-05-31,12383453,869617001,14200,40016,328531,869945532
2019-06-03,11043584,872154195,23100,43716,353662,872507857
2019-06-04,8713874,871302232,18500,46116,369850,871672082
2019-06-05,13438588,877347010,0,35316,282175,877629185
2019-06-06,11832462,876833775,9600,36216,278139,877111914
2019-06-10,7524919,873153169,500,27116,217470,873370639
2019-06-11,17337051,865599877,10200,10816,88475,865688352
2019-06-12,15748761,861090276,0,7916,65544,861155820
2019-06-13,11399427,864507424,300,916,7548,864514972
2019-06-14,5499882,861435733,27300,27916,226399,861662132
2019-06-17,3404411,858496720,6200,32116,260461,858757181
2019-06-18,3621009,857709535,300,27116,216657,857926192
2019-06-19,10978342,850899167,1200,28116,223803,851122970
2019-06-20,13551640,847048588,14200,15516,124438,847173026
2019-06-21,15320699,847827692,7000,22016,179210,848006902
2019-06-24,14361516,836530818,2800,20416,163328,836694146
2019-06-25,12464042,826858236,1000,20816,162989,827021225
2019-06-26,3528410,823641502,4000,21916,170945,823812447
2019-06-27,10271689,809927134,2900,20816,161740,810088874
2019-06-28,6952679,803553571,100,20916,162099,803715670
2019-07-01,16295360,806297633,3200,21116,167450,806465083
2019-07-02,14615126,804341488,3000,22116,176265,804517753
2019-07-03,7953568,803320777,0,22116,176928,803497705
2019-07-04,14584758,802808494,10000,32116,256607,803065101
2019-07-05,11194080,803462295,0,32116,259497,803721792
2019-07-08,13606080,805720226,10000,31816,250074,805970300
2019-07-09,5172047,806224098,1800,25916,202922,806427020
2019-07-10,4230237,807382508,1000,26916,209406,807591914
2019-07-11,4774225,803643691,5800,32416,249927,803893618
2019-07-12,8254992,805923360,2000,25416,196720,806120080
2019-07-15,9672356,808056582,9700,31616,245656,808302238
2019-07-16,3261667,805002492,3000,10216,79583,805082075
2019-07-17,5149397,803511877,9400,19616,152024,803663901
2019-07-18,5937081,797152605,400,7916,61349,797213954
2019-07-19,7119250,795098062,6500,13416,103303,795201365
2019-07-22,9664948,772692683,56100,62516,483249,773175932
2019-07-23,4642640,773144469,100,44416,340227,773484696
2019-07-24,9342435,773802237,0,44416,343780,774146017
2019-07-25,7494750,775638901,4300,17816,137183,775776084
2019-07-26,10527221,775704574,500,18316,139751,775844325
2019-07-29,7021615,768189901,10300,28416,214825,768404726
2019-07-30,5786482,765123591,300,28516,215581,765339172
2019-07-31,3489110,761120797,44600,73116,553488,761674285
2019-08-01,5795479,763626434,200,73116,555682,764182116
2019-08-02,11440238,763560686,13800,78816,602942,764163628
2019-08-05,3420675,754062677,2300,80916,616580,754679257
2019-08-06,9282062,743694708,6600,80016,604921,744299629
2019-08-07,5516252,739787739,22600,102616,776803,740564542
2019-08-08,13666964,727102065,0,93016,697620,727799685
2019-08-09,5600765,724794212,3500,96516,702636,725496848
2019-08-12,3589049,720631552,6100,42816,311272,720942824
2019-08-13,10414966,720146828,16800,58316,418126,720564954
2019-08-14,8709863,705467758,9500,67316,482656,705950414
2019-08-15,13375441,708883499,11400,47616,334740,709218239
2019-08-16,8192355,702564091,7400,54816,380971,702945062
2019-08-19,18548868,706925141,0,49216,346481,707271622
2019-08-20,15059121,711446628,11900,56116,394495,711841123
2019-08-21,9168727,711434844,3000,52216,363423,711798267
2019-08-22,13255239,718235880,25100,73316,505147,718741027
2019-08-23,11839607,709097253,12800,79016,536519,709633772
2019-08-26,6736520,708226087,1600,80416,533158,708759245
2019-08-27,9225496,705665693,0,57116,386104,706051797
2019-08-28,2449080,703946498,22600,59916,402636,704349134
2019-08-29,3876696,701839333,2100,46316,311244,702150577
2019-08-30,10471541,702129973,2000,47216,311626,702441599
2019-09-02,20165117,709563754,0,9200,63204,709626958
2019-09-03,27712398,704113109,8100,17100,121068,704234177
2019-09-04,12286549,689114193,16600,29200,209656,689323849
2019-09-05,19165024,690994712,9200,19900,143678,691138390
2019-09-06,4609891,686355502,600,16300,117523,686473025
2019-09-09,8880092,684295513,1200,12500,90750,684386263
2019-09-10,20221028,685822652,9000,21500,159530,685982182
2019-09-11,12775136,684319955,1600,15900,116229,684436184
2019-09-12,7520542,680769046,0,13300,98819,680867865
2019-09-16,29135607,672402391,4200,17300,129404,672531795
2019-09-17,41978890,684470412,11500,28800,221760,684692172
2019-09-18,33960760,684290506,0,23300,176847,684467353
2019-09-19,15931853,676112357,41000,57736,437639,676549996
2019-09-20,9075694,673654719,0,55036,415522,674070241
2019-09-23,16444110,671270174,0,53036,388754,671658928
2019-09-24,6600543,663031085,37800,86436,631847,663662932
2019-09-25,11361200,664781749,28000,101836,730164,665511913
2019-09-26,11810929,659315687,6600,103236,722652,660038339
2019-09-27,4887912,658034307,0,98236,684705,658719012
2019-09-30,6334685,656048268,5300,34536,237953,656286221
2019-10-08,9814353,650153179,1000,30536,214363,650367542
2019-10-09,5168350,649451143,100,30436,213965,649665108
2019-10-10,6282508,643720755,0,30436,216704,643937459
2019-10-11,15576159,643760081,1200,31636,229677,643989758
2019-10-14,21158032,655606617,3000,33436,240739,655847356
2019-10-15,8229963,653729987,6300,32736,231444,653961431
2019-10-16,3933363,649959715,500,33236,235643,650195358
2019-10-17,10401939,641173719,6500,39036,286915,641460634
2019-10-18,15148043,636591986,5700,39736,293252,636885238
2019-10-21,6269318,637348856,1300,9536,69899,637418755
2019-10-22,9044773,632945170,29000,38436,286348,633231518
2019-10-23,10897470,625444905,100,32536,242393,625687298
2019-10-24,4972287,620474031,300,32436,239702,620713733
2019-10-25,6575780,620052975,100,32436,239378,620292353
2019-10-28,18940162,629043551,1000,33436,246089,629289640
2019-10-29,14987849,635331871,6000,39436,285122,635616993
2019-10-30,6638051,632113984,400,39836,289209,632403193
2019-10-31,8227332,623519857,700,40536,283752,623803609
2019-11-01,4126829,617761551,0,39536,281101,618042652
2019-11-04,3733138,616096696,1000,35536,252661,616349357
2019-11-05,9655125,620906196,5300,39636,283001,621189197
2019-11-06,10586251,614597353,1200,40636,282420,614879773
2019-11-07,4471697,605700504,0,34636,245569,605946073
2019-11-08,7201642,599179201,6200,37436,265421,599444622
2019-11-11,65367537,650208784,4400,35836,258736,650467520
2019-11-12,59845138,669314725,500,35736,268377,669583102
2019-11-13,23872668,683284694,199600,235136,1725898,685010592
2019-11-14,15448623,687789417,2000,232436,1692134,689481551
2019-11-15,67801504,707317681,255862,487698,3589457,710907138
2019-11-18,12057087,713979362,200,155336,1123079,715102441
2019-11-19,11259696,715573229,200,155336,1123079,716696308
2019-11-20,7353976,718330991,0,155336,1096672,719427663
2019-11-21,23746171,726423416,0,155336,1133953,727557369
2019-11-22,12858353,713384330,0,155336,1109099,714493429
2019-11-25,6726090,710710462,4500,59336,421286,711131748
2019-11-26,6361688,709001842,0,46336,332692,709334534
2019-11-27,3435606,708121026,200,41936,300681,708421707
2019-11-28,4352497,704797348,5600,47536,342735,705140083
2019-11-29,2773142,701327637,0,47536,344636,701672273
2019-12-02,3009965,699344855,0,47536,347013,699691868
2019-12-03,3461082,698364269,0,47536,347488,698711757
2019-12-04,7159107,698336202,0,47536,343685,698679887
2019-12-05,4554452,698695831,0,47536,344636,699040467
2019-12-06,6033541,695443207,0,45436,326685,695769892
2019-12-09,5862157,688657399,4300,43736,311838,688969237
2019-12-10,4355477,689143137,70400,114136,814931,689958068
2019-12-11,5270124,688241980,0,103836,736197,688978177
2019-12-12,6201880,688172630,0,103836,732044,688904674
2019-12-13,7779967,689881478,0,93936,668824,690550302
2019-12-16,10086236,687874623,0,93936,675400,688550023
2019-12-17,17861801,685095956,0,93936,682915,685778871
2019-12-18,16195233,685274562,0,93936,680097,685954659
2019-12-19,9085811,688000970,13700,107636,782514,688783484
2019-12-20,7737154,684832325,0,107636,771750,685604075
2019-12-23,12853615,688515855,0,107636,753452,689269307
2019-12-24,4010796,688171181,0,107636,759910,688931091
2019-12-25,4853900,688200213,500,108136,760196,688960409
2019-12-26,6870364,688300464,18700,126836,892925,689193389
2019-12-27,9650433,684030765,0,126836,896731,684927496
2019-12-30,8335078,681424966,57700,184536,1321278,682746244
2019-12-31,7544063,680897447,62400,233236,1667637,682565084
2020-01-02,18250447,685241740,400,233636,1693861,686935601
2020-01-03,11520167,681371118,13900,243436,1764911,683136029
2020-01-06,21614839,683282076,0,243436,1784386,685066462
2020-01-07,18499680,685188477,414000,657436,4865026,690053503
2020-01-08,8659931,682802967,0,602836,4394674,687197641
2020-01-09,11485516,684374460,0,554936,4095428,688469888
2020-01-10,4071629,678679330,0,554536,4075840,682755170
2020-01-13,9945710,676469617,0,537936,3975347,680444964
2020-01-14,13158154,675925151,0,524036,3883107,679808258
2020-01-15,9366535,676182979,0,524036,3830703,680013682
2020-01-16,8664830,676576760,6500,253536,1853348,678430108
2020-01-17,8057266,674142940,1900,255436,1849357,675992297
2020-01-20,16980344,675279814,2100,257536,1905766,677185580
2020-01-21,13081932,672354837,0,257536,1872287,674227124
2020-01-22,11517868,665636376,0,257536,1854259,667490635
2020-01-23,11463682,659119834,0,257536,1792451,660912285
2020-02-03,2204146,649033545,0,257536,1612175,650645720
2020-02-04,19597813,648328010,0,234636,1424241,649752251
2020-02-05,8273227,649820211,0,234636,1454743,651274954
2020-02-06,6691609,644080448,0,234636,1471168,645551616
2020-02-07,4900511,642313474,0,234636,1473514,643786988
2020-02-10,8240350,640916844,0,234636,1501670,642418514
2020-02-11,7612818,639736086,0,233600,1492704,641228790
2020-02-12,4825494,634019880,0,233600,1525408,635545288
2020-02-13,4577541,633352398,0,233600,1511392,634863790
2020-02-14,5291826,629615355,0,233600,1513728,631129083
2020-02-17,8453254,628864665,100,233700,1558779,630423444
2020-02-18,4575559,620020952,20100,46800,315900,620336852
2020-02-19,5288935,617364924,0,46800,312156,617677080
2020-02-20,12882136,621136480,0,46800,315432,621451912
2020-02-21,11256348,617649632,0,46800,314496,617964128
2020-02-24,12795098,621231734,200,47000,310670,621542404
2020-02-25,11928106,620790884,200,43200,277344,621068228
2020-02-26,13287998,621553425,0,43200,277776,621831201
2020-02-27,6103400,622670804,0,43200,276480,622947284
2020-02-28,8771506,618913228,0,43200,265680,619178908
2020-03-02,9836381,614128495,0,40300,257114,614385609
2020-03-03,18216496,623232324,0,40300,260741,623493065
2020-03-04,29336490,632194282,0,40300,273637,632467919
2020-03-05,19050141,625919893,24403,64703,439980,626359873
2020-03-06,12283841,625772927,7400,69103,467136,626240063
2020-03-09,9183699,620189586,1800,68803,451348,620640934
2020-03-10,19921913,624317543,1900,70703,470175,624787718
2020-03-11,8265097,622438480,37600,106403,692684,623131164
2020-03-12,6330931,623185935,76400,157403,997935,624183870
2020-03-13,8747232,625666535,25400,132003,814459,626480994
2020-03-16,6248418,623647261,50800,157403,950714,624597975
2020-03-17,5264226,618471297,800,107403,642270,619113567
2020-03-18,4286943,617316277,85800,193203,1132170,618448447
2020-03-19,4177177,613154048,22200,139203,811553,613965601
2020-03-20,3927705,610685335,6800,138203,816780,611502115
2020-03-23,3039309,608232748,24500,162703,922526,609155274
2020-03-24,3981417,606811940,16100,156503,907717,607719657
2020-03-25,4956836,607271407,9400,165903,972192,608243599
2020-03-26,4349755,609353785,131000,296903,1704223,611058008
2020-03-27,13197611,614645936,19900,214803,1288818,615934754
2020-03-30,6531298,608424985,28500,234003,1382958,609807943
2020-03-31,6496875,608908138,102500,336503,1998828,610906966
2020-04-01,4437785,608306993,11800,307503,1817343,610124336
2020-04-02,4652350,609123589,0,272103,1635339,610758928
2020-04-03,5284524,608700357,34300,306403,1801650,610502007
2020-04-07,6515253,606783676,11000,304503,1823973,608607649
2020-04-08,3779348,606437075,58300,362303,2162949,608600024
2020-04-09,2951025,605811865,38400,394803,2360922,608172787
2020-04-10,3608634,604974681,11600,406403,2385586,607360267
2020-04-13,10137039,606920329,29900,436203,2665200,609585529
2020-04-14,18253548,613498942,21300,457103,2829468,616328410
2020-04-15,14188016,618294849,57200,514203,3095502,621390351
2020-04-16,7540441,622401465,96600,549603,3275634,625677099
2020-04-17,8356234,616396837,85300,610003,3714918,620111755
2020-04-20,4681875,617633489,27400,636903,3846894,621480383
2020-04-21,5881879,609491909,43800,666703,3993551,613485460
2020-04-22,5136122,610854668,65400,715503,4264398,615119066
2020-04-23,4874499,609214071,15200,718703,4269096,613483167
2020-04-24,5877535,609259139,26500,703703,4123700,613382839
2020-04-27,4354343,609808210,7700,651103,3789419,613597629
2020-04-28,6272765,599088966,77700,632103,3558740,602647706
2020-04-29,1677930,595146519,39300,633103,3577032,598723551
2020-04-30,2770642,588944101,20700,629503,3707773,592651874
2020-05-06,3510371,588445134,62200,678303,4029120,592474254
2020-05-07,2675664,586961824,53000,674003,3969878,590931702
2020-05-08,4343709,588615367,200,674203,3971056,592586423
2020-05-11,14550785,596448178,108100,727703,4220677,600668855
2020-05-12,4855576,595913733,24800,744903,4312988,600226721
2020-05-13,1601728,592621639,72023,816826,4713086,597334725
2020-05-14,3420494,591218641,66900,873126,4985549,596204190
2020-05-15,1695961,588792703,83500,952026,5464629,594257332
2020-05-18,5131214,587962362,17000,965426,5618779,593581141
2020-05-19,6242647,589095408,153200,1102826,6451533,595546941
2020-05-20,2380225,588865779,34400,1137126,6595330,595461109
2020-05-21,1145117,585943878,9400,1026826,5935054,591878932
2020-05-22,2709250,585010847,47100,999426,5676740,590687587
2020-05-25,1954009,583241232,9700,943426,5424699,588665931
2020-05-26,2011010,581959342,400,859238,4974988,586934330
2020-05-27,4043371,581700114,114300,963938,5590840,587290954
2020-05-28,5075327,583928128,18800,935038,5441921,589370049
2020-05-29,2902745,583426383,0,919238,5377543,588803926
2020-06-01,10467515,581618531,8000,871638,5203679,586822210
2020-06-02,9869619,578217548,4100,875238,5356457,583574005
2020-06-03,7358383,579431283,80400,954838,5805415,585236698
2020-06-04,12339031,583574807,87300,1021738,6232602,589807409
2020-06-05,13841315,582243757,71900,1092438,6838662,589082419
2020-06-08,12991216,584897447,28000,1107438,6888264,591785711
2020-06-09,5845870,579610062,43600,1150838,7146704,586756766
2020-06-10,6391497,581323193,11600,1158838,7184796,588507989
2020-06-11,6281440,575056432,13900,1149538,7069658,582126090
2020-06-12,12739069,574982408,13200,1150538,7328928,582311336
2020-06-15,16157106,580052319,7200,1089938,6975603,587027922
2020-06-16,5975180,578662063,32300,1120138,7124077,585786140
2020-06-17,9268621,581059334,30000,1131038,7114229,588173563
2020-06-18,5082916,579723663,52600,998738,6312024,586035687
2020-06-19,7485696,578444988,43300,934338,5848956,584293944
2020-06-22,11018228,578068069,600,814338,5032609,583100678
2020-06-23,6712947,578733239,125200,867138,5341570,584074809
2020-06-24,4473233,576378350,58300,821038,5041173,581419523
2020-06-29,5506190,575682527,19000,804726,4941017,580623544
2020-06-30,6254773,575777226,74600,856126,5316543,581093769
2020-07-01,9485433,577031190,121300,969726,5992907,583024097
2020-07-02,12177186,572091012,186752,1143078,7281407,579372419
2020-07-03,7891693,569753004,27100,1054078,6735558,576488562
2020-07-06,28676833,575989562,25000,911378,6133574,582123136
2020-07-07,25562340,579237863,59700,848075,5614256,584852119
2020-07-08,14970614,570365937,25700,820575,5481441,575847378
2020-07-09,22244236,573745266,48800,789252,5414269,579159535
2020-07-10,20319503,576802067,23900,798552,5390226,582192293
2020-07-13,9249490,570747967,142400,903237,6259432,577007399
2020-07-14,20810303,573728066,256410,1092262,7634911,581362977
2020-07-15,21440141,580768331,79000,1113262,7625845,588394176
2020-07-16,16850365,581719858,117100,1197462,7795478,589515336
2020-07-17,8664137,577833202,75000,998559,6600475,584433677
2020-07-20,20048846,574291966,44200,952262,6732493,581024459
2020-07-21,30104384,584962627,343800,1288662,9136614,594099241
2020-07-22,32611118,584527166,69400,1316462,9518020,594045186
2020-07-23,43434002,609222349,81400,1382862,10260836,619483185
2020-07-24,34448045,624434155,151000,1509062,10699250,635133405
2020-07-27,13806379,621199757,77000,1550862,11197223,632396980
2020-07-28,28120316,626516617,71500,1433710,10724151,637240768
2020-07-29,18180741,628768341,106001,1472882,11046616,639814957
2020-07-30,55104784,622119897,132600,1588582,12406826,634526723
2020-07-31,54912202,646977765,52600,1588655,12248531,659226296
2020-08-03,46177039,644866690,47400,1498855,12230657,657097347
2020-08-04,55141939,644520302,127200,1602355,13331594,657851896
2020-08-05,27832888,640474599,49200,1630355,13597161,654071760
2020-08-06,40885172,651968154,45000,1618255,13059318,665027472
2020-08-07,29359034,655989547,68500,1670055,13544146,669533693
2020-08-10,19959253,656536307,25400,1657755,13129420,669665727
2020-08-11,22588120,649818326,24000,1507504,11592706,661411032
2020-08-12,15781103,654633191,16600,1391904,10898608,665531799
2020-08-13,7191305,651834739,141100,1531104,11988544,663823283
2020-08-14,34157749,659114578,43200,1475704,12100773,671215351
2020-08-17,30498001,672591932,20200,1398404,11494881,684086813
2020-08-18,30926762,675285247,278123,1624527,13499819,688785066
2020-08-19,42002155,673198257,101400,1677127,14004010,687202267
2020-08-20,47852793,688927374,63100,1647327,12766784,701694158
2020-08-21,12895667,691553598,44700,1352127,10451942,702005540
2020-08-24,25795051,692760629,94000,1285627,10477859,703238488
2020-08-25,18198826,691372459,2800,1212827,9920925,701293384
2020-08-26,22008027,694555228,1000,1197027,9516365,704071593
2020-08-27,13282306,691347549,46500,1193727,9478193,700825742
2020-08-28,19183569,681099784,37000,1160827,9309832,690409616
2020-08-31,66135076,674323842,100600,1246127,10990840,685314682
2020-09-01,45887935,675258015,220400,1340727,11959285,687217300
2020-09-02,34038764,681455810,108300,1389827,12147088,693602898
2020-09-03,20938899,686400076,128800,1488227,13007104,699407180
2020-09-04,34423841,688158501,90200,1553327,13746945,701905446
2020-09-07,23351837,682915731,61700,1557627,13582508,696498239
2020-09-08,20887190,684455377,32600,1516527,13315107,697770484
2020-09-09,34111131,678354298,92497,1594224,14332074,692686372
2020-09-10,62463178,682540006,47000,1573124,14708709,697248715
2020-09-11,43753769,689076211,113100,1672124,15885179,704961390
2020-09-14,48337037,693785810,75500,1718624,16812041,710597851
2020-09-15,92402002,678207213,56000,1746824,15406987,693614200
2020-09-16,84974628,706112654,84500,1812124,14714447,720827101
2020-09-17,36743190,711258917,22800,1705901,13510736,724769653
2020-09-18,25228849,706063910,96300,1771601,14084228,720148138
2020-09-21,12932288,696226833,87100,1855901,14791531,711018364
2020-09-22,66341302,671352246,43300,1844501,13280407,684632653
2020-09-23,20802232,667954062,96100,1904701,13561471,681515533
2020-09-24,22537510,660266341,20500,1890001,13419007,673685348
2020-09-25,8185148,655276745,87800,1929401,13872393,669149138
2020-09-28,8968000,655991955,6200,1874401,13177039,669168994
2020-09-29,6667847,651156080,24300,1819901,12884899,664040979
2020-09-30,9510818,649708188,98700,1789501,12490717,662198905
2020-10-09,15807638,651739256,10200,1714701,12397289,664136545
2020-10-12,24850445,648888716,28100,1688401,13220180,662108896
2020-10-13,26512548,655299417,31900,1694401,13267160,668566577
2020-10-14,28453414,665593907,64500,1753501,13887728,679481635
2020-10-15,24518419,679226604,107100,1859601,14821020,694047624
2020-10-16,9793988,673873180,19300,1842101,14405229,688278409
2020-10-19,19467326,676911428,110700,1903630,15095786,692007214
2020-10-20,9036053,675725025,300,1902730,15107676,690832701
2020-10-21,8946978,671011233,15100,1724730,13711604,684722837
2020-10-22,10453878,668148077,22700,1726930,13729094,681877171
2020-10-23,10935567,667101049,53300,1641730,13183091,680284140
2020-10-26,13637069,670366698,191900,1762030,13920037,684286735
2020-10-27,16011812,674265652,139500,1858930,14778494,689044146
2020-10-28,21729239,672147933,32400,1867930,15317026,687464959
2020-10-29,24387684,681571901,42400,1887630,15214298,696786199
2020-10-30,26968707,668699674,17500,1845730,15190358,683890032
2020-11-02,25934270,679630404,58600,1893230,15619147,695249551
2020-11-03,19308298,686989647,4500,1893930,15530226,702519873
2020-11-04,23037147,690888166,2100,1756930,14301410,705189576
2020-11-05,19798863,689185261,1500,1618230,13398945,702584206
2020-11-06,20311290,695743946,4800,1601330,13146919,708890865
2020-11-09,26982483,692564905,43600,1557330,12972559,705537464
2020-11-10,21435904,699075839,60200,1572630,13052829,712128668
2020-11-11,36843373,696182394,45000,1566130,13233798,709416192
2020-11-12,37429446,689563280,10900,1527930,13674974,703238254
2020-11-13,35526765,704949863,358900,1873630,16450471,721400334
2020-11-16,37550465,697585363,19300,1843730,16704194,714289557
2020-11-17,20609885,674189977,54900,1756330,16052856,690242833
2020-11-18,24181664,669275181,64400,1678030,15404316,684679497
2020-11-19,18899168,665871097,24900,1632830,14891410,680762507
2020-11-20,19742214,665378073,243200,1797330,16607329,681985402
2020-11-23,27809319,659713144,107000,1711730,16278552,675991696
2020-11-24,98450715,682761799,108600,1605130,16420480,699182279
2020-11-25,53359972,665789184,107300,1499030,15170184,680959368
2020-11-26,42648244,672833280,110200,1375930,13167650,686000930
2020-11-27,20560059,656245581,10900,1123430,10616413,666861994
2020-11-30,30265168,653500522,217300,1235430,11687168,665187690
2020-12-01,36295128,646127873,22700,921030,8574789,654702662
2020-12-02,15164085,651504118,40900,828230,7677692,659181810
2020-12-03,23975198,651506990,33573,476622,4342027,655849017
2020-12-04,16302018,658018703,22900,379253,3451202,661469905
2020-12-07,14744864,662912320,8800,294700,2652300,665564620
2020-12-08,20067161,667080282,21900,231000,2092860,669173142
2020-12-09,26010026,664980887,4900,227500,1974700,666955587
2020-12-10,10748704,669415887,0,214700,1874331,671290218
2020-12-11,21292746,675640122,1400,199600,1712568,677352690
2020-12-14,5986003,670187043,10100,208900,1806985,671994028
2020-12-15,9040736,672554788,58600,249700,2154911,674709699
2020-12-16,14576310,678691257,23100,230800,1984880,680676137
2020-12-17,13135462,681735121,38400,269200,2347424,684082545
2020-12-18,12268175,678519406,129300,386400,3392592,681911998
2020-12-21,14177729,680415909,50900,434500,3914845,684330754
2020-12-22,18846892,668399310,149300,575200,4969728,673369038
2020-12-23,9879222,667281901,74700,579600,5001948,672283849
2020-12-24,18322147,658424071,91000,663000,5483010,663907081
2020-12-25,10902497,659748919,107300,750400,6348384,666097303
2020-12-28,13260344,666190948,160379,907979,7699662,673890610
2020-12-29,8179831,670007961,37400,860779,7213328,677221289
2020-12-30,8364186,671610058,98700,956679,7959569,679569627
2020-12-31,9175308,671207671,82800,1034479,8648244,679855915
2021-01-04,15123880,676361259,100400,1127479,9448274,685809533
2021-01-05,12621969,667952715,71500,1116679,9514105,677466820
2021-01-06,14332624,671942469,14200,1130879,9567236,681509705
2021-01-07,30232099,665636338,68400,1177179,10382719,676019057
2021-01-08,40693990,683229492,81400,1216579,10255761,693485253
2021-01-11,25017193,689599694,71200,1169779,9837841,699437535
2021-01-12,18112905,679473565,109600,1110179,9802881,689276446
2021-01-13,29822093,682997764,108800,1202079,10878815,693876579
2021-01-14,31904828,693703166,64200,1222379,10671369,704374535
2021-01-15,73197855,739505069,63900,1238579,10243048,749748117
2021-01-18,38710706,716379901,43400,1213779,10741944,727121845
2021-01-19,51801004,714204211,110600,1246879,11695725,725899936
2021-01-20,53627891,710455721,94800,1278979,12533994,722989715
2021-01-21,34872583,710686944,15600,1222079,11805283,722492227
2021-01-22,53492776,737838064,143300,1364879,13689736,751527800
2021-01-25,54861159,753179773,86000,1345679,13456790,766636563
2021-01-26,19746131,740654835,173200,1492879,14943719,755598554
2021-01-27,46535424,758170761,74400,1449979,13644302,771815063
2021-01-28,25839838,746624982,86601,1342180,12831241,759456223
2021-01-29,36077172,757343644,41500,1326480,12535236,769878880
2021-02-01,51518706,764624631,30800,1249380,11219432,775844063
2021-02-02,93386670,780658869,189700,1349980,10948338,791607207
2021-02-03,93460282,763510954,77400,1254880,9951198,773462152
2021-02-04,29948932,737997770,92300,1317680,10080252,748078022
2021-02-05,21869436,727371229,33000,1300580,9598280,736969509
2021-02-08,30242653,715646969,20600,1312480,10276719,725923688
2021-02-09,24307044,700833332,19700,1255780,10184376,711017708
2021-02-10,16439196,679737705,42200,1264780,10472378,690210083
2021-02-18,18600069,675793676,73600,1247779,10780811,686574487
2021-02-19,32093993,683174890,65700,1247379,11164042,694338932
2021-02-22,62234683,684645205,35800,1266079,12331609,696976814
2021-02-23,35042379,665238597,24200,1149779,11302328,676540925
2021-02-24,31188989,656750183,58900,1185579,11428982,668179165
2021-02-25,51264483,656173865,110040,1201919,10889386,667063251
2021-02-26,41159214,666108409,84151,1205430,10619838,676728247
2021-03-01,59570016,674310165,54000,1241930,12034302,686344467
2021-03-02,131937015,735510191,202779,1391751,13388645,748898836
2021-03-03,163710322,796268766,84400,1416651,14407340,810676106
2021-03-04,113124241,829351789,43600,1365551,13423367,842775156
2021-03-05,96567322,838933983,174025,1456017,14501929,853435912
2021-03-08,95281830,836876479,71500,1427517,13761265,850637744
2021-03-09,87707051,855076276,31000,1357417,12488236,867564512
2021-03-10,70779954,856893524,120923,1462040,13670075,870563599
2021-03-11,151709492,858313386,30000,1400819,14414428,872727814
2021-03-12,99735135,870690882,206700,1541519,15708078,886398960
2021-03-15,163729736,935978659,131800,1487019,15405516,951384175
2021-03-16,108572334,965236644,210400,1651519,16630798,981867442
2021-03-17,73807860,977196401,7100,1584019,15776829,992973230
2021-03-18,129423363,991197697,92800,1600719,16359348,1007557045
2021-03-19,99638035,992356786,88400,1591419,15213966,1007570752
2021-03-22,64431136,1007344178,56700,1633419,15746160,1023090338
2021-03-23,109021393,1008435522,37400,1635719,14459755,1022895277
2021-03-24,52256613,1015720681,63861,1623380,13685094,1029405775
2021-03-25,22600476,1002682574,33700,1601680,13534197,1016216771
2021-03-26,34564322,995952746,110000,1704480,14743751,1010696497
2021-03-29,32320409,993172397,68100,1738780,15544694,1008717091
2021-03-30,50371065,1003405543,57900,1780480,16059930,1019465473
2021-03-31,30419832,1001536230,26600,1661280,14851844,1016388074
2021-04-01,59938395,1007018401,109511,1753091,16303748,1023322149
2021-04-02,41306664,1016358347,15400,1572991,14392868,1030751215
2021-04-06,129617819,998131617,121400,1646591,16070727,1014202344
2021-04-07,51621519,971726267,54100,1480897,14423937,986150204
2021-04-08,42480792,958559582,84200,1523197,14637923,973197505
2021-04-09,39011597,956143598,19800,1494197,14284523,970428121
2021-04-12,42869619,954311932,109800,1546597,14275090,968587022
2021-04-13,24998016,941980192,1900,1451297,13235828,955216020
2021-04-14,26143136,942737951,39500,1484937,13587174,956325125
2021-04-15,25576635,930526174,39600,1490337,13845231,944371405
2021-04-16,26730063,932410027,113000,1582837,14720385,947130412
2021-04-19,28212082,924430584,7900,1577037,14650674,939081258
2021-04-20,26469351,929551155,111947,1676884,15393795,944944950
2021-04-21,55451838,950656166,22800,1692384,15823791,966479957
2021-04-22,51278121,953639511,114228,1789812,17039010,970678521
2021-04-23,36167424,940424662,15800,1783012,16742483,957167145
2021-04-26,51649820,936338212,22700,1721184,16179130,952517342
2021-04-27,44034890,929548305,84600,1768884,16733643,946281948
2021-04-28,50008020,922306238,39000,1643884,15912798,938219036
2021-04-29,51589686,925686689,34400,1647884,15918559,941605248
2021-04-30,52687036,913672666,152400,1789684,17234657,930907323
2021-05-06,72218213,907052130,29600,1706684,17066840,924118970
2021-05-07,74856355,894904001,134900,1815784,18557312,913461313
2021-05-10,155980990,906090193,79800,1847980,20697376,926787569
2021-05-11,128430687,959068874,41149,1638650,17910443,976979317
2021-05-12,86289347,980986070,107036,1679086,18453155,999439225
2021-05-13,77883537,990934458,41900,1578286,16808745,1007743203
2021-05-14,38473516,981829078,125500,1559243,16621531,998450609
2021-05-17,70209701,978354568,126100,1604043,17195341,995549909
2021-05-18,67128512,991546417,123300,1662843,18091732,1009638149
2021-05-19,41634799,984219651,221364,1797507,19287250,1003506901
2021-05-20,69138265,970174627,16900,1664333,17525426,987700053
2021-05-21,62458832,991718944,29500,1609633,17367941,1009086885
2021-05-24,91070498,1027235997,206400,1728433,18805351,1046041348
2021-05-25,54429591,1022571651,43700,1669933,18319164,1040890815
2021-05-26,65342593,1009913717,53400,1518569,17311687,1027225404
2021-05-27,72612089,1027827969,39100,1487392,16777782,1044605751
2021-05-28,58854355,1038367052,43700,1447392,16312108,1054679160
2021-05-31,68217868,1050160411,16400,1395492,16048160,1066208571
2021-06-01,73642138,1072195541,68100,1393892,15862491,1088058032
2021-06-02,50033674,1050559474,29700,1225207,13661058,1064220532
2021-06-03,58169895,1036600424,22400,1139207,12314828,1048915252
2021-06-04,44616101,1026408781,13200,962407,10692342,1037101123
2021-06-07,32771538,1018949810,37600,904607,10185875,1029135685
2021-06-08,36115455,1026443302,4500,765882,8562561,1035005863
2021-06-09,73274477,1043382462,10700,587100,6651843,1050034305
2021-06-10,51524134,1042645585,3300,590100,6650427,1049296012
2021-06-11,54377202,1020986553,4500,566600,6289260,1027275813
2021-06-15,105751891,1013049651,18600,584400,6872544,1019922195
2021-06-16,101467840,1027429154,174700,746700,8273436,1035702590
2021-06-17,64492581,1041069883,61500,796400,8736508,1049806391
2021-06-18,58867020,1051764909,155600,950900,10193648,1061958557
2021-06-21,56708897,1070134207,90900,1021200,11151504,1081285711
2021-06-22,49387414,1084325065,122200,1118400,12212928,1096537993
2021-06-23,92258405,1092935507,129200,1167000,13455510,1106391017
2021-06-24,35457160,1074999058,193700,1360300,15589038,1090588096
2021-06-25,78055026,1078906143,100700,1461000,16874550,1095780693
2021-06-28,92576619,1066228435,50200,1498300,18354175,1084582610
2021-06-29,58073642,1055394742,127500,1550800,18857728,1074252470
2021-06-30,94821854,1088923638,31600,1580800,19633536,1108557174
2021-07-01,75192834,1089687942,6500,1561300,18548244,1108236186
2021-07-02,51903471,1080879819,18300,1576500,18618465,1099498284
2021-07-05,56922053,1081489629,300,1553600,18441232,1099930861
2021-07-06,71573976,1106749746,48800,1597200,19022652,1125772398
2021-07-07,79883446,1134303989,125600,1665500,20102585,1154406574
2021-07-08,58574029,1132459963,70900,1736400,20593704,1153053667
2021-07-09,124419483,1173860012,93900,1824100,22582358,1196442370
2021-07-12,136173381,1168590623,440100,2228300,28299410,1196890033
2021-07-13,187254516,1226750556,53400,2248900,29393123,1256143679
2021-07-14,161230096,1222281756,159000,2385200,31317676,1253599432
2021-07-15,136119616,1264634117,19700,2373000,31988040,1296622157
2021-07-16,161714665,1270449342,218912,2580712,35226719,1305676061
2021-07-19,118949070,1299927875,32900,2523700,33615684,1333543559
2021-07-20,79299505,1295731258,21800,2290500,30028455,1325759713
2021-07-21,97019293,1314218336,79600,2258200,29943732,1344162068
2021-07-22,78999635,1308685214,29500,2257700,30456373,1339141587
2021-07-23,83600862,1292888222,33100,2233200,30081204,1322969426
2021-07-26,60255747,1272202747,27200,2164300,28482188,1300684935
2021-07-27,100283671,1254731389,74400,2204800,26744224,1281475613
2021-07-28,51299722,1247278903,128300,2138700,25386369,1272665272
2021-07-29,70550945,1261398834,56800,2167500,25966650,1287365484
2021-07-30,51089644,1244581395,176800,2331200,27764592,1272345987
2021-08-02,47032362,1224295403,56300,2321100,29013750,1253309153
2021-08-03,37026809,1203939090,61400,2363500,28952875,1232891965
2021-08-04,53348981,1221304900,75600,2433600,30030624,1251335524
2021-08-05,47779834,1221717454,42200,2429700,29107806,1250825260
2021-08-06,36605020,1218694548,24400,2441900,29791180,1248485728
2021-08-09,55900123,1240149530,26700,2452900,30489547,1270639077
2021-08-10,33791040,1228060468,227400,2649500,32641840,1260702308
2021-08-11,87676398,1244612731,88200,2666800,34455056,1279067787
2021-08-12,75848688,1278295927,50628,2698228,34618265,1312914192
2021-08-13,97492118,1317976696,16600,2709728,35524534,1353501230
2021-08-16,86344657,1339192940,26300,2694628,34167883,1373360823
2021-08-17,71448620,1337288162,51400,2740728,33436882,1370725044
2021-08-18,41888756,1327528406,8800,2722096,33345676,1360874082
2021-08-19,51341135,1322249914,15400,2680396,31950321,1354200235
2021-08-20,30350084,1306325272,37100,2605896,31270752,1337596024
2021-08-23,41404974,1317518524,77300,2656996,32043372,1349561896
2021-08-24,52112328,1318381791,6100,2575496,32013415,1350395206
2021-08-25,49488014,1325541555,97208,2660804,33233442,1358774997
2021-08-26,71543196,1327083479,60700,2706004,34420371,1361503850
2021-08-27,106069641,1356409353,108900,2776704,36930162,1393339515
2021-08-30,249220003,1375041251,67000,2803704,41018190,1416059441
2021-08-31,193764585,1363945386,44517,2568613,36011954,1399957340
2021-09-01,197912478,1416630515,55400,2342713,30970666,1447601181
2021-09-02,74855500,1384579056,212700,2541113,35575582,1420154638
2021-09-03,79100503,1368686561,263200,2751313,38408329,1407094890
2021-09-06,112584073,1387271196,81200,2782113,40257175,1427528371
2021-09-07,123151032,1382054250,76100,2837913,43193036,1425247286
2021-09-08,99604455,1370454886,21500,2775113,42486980,1412941866
2021-09-09,140798169,1389319643,22800,2792913,44128025,1433447668
2021-09-10,88191715,1357769941,45800,2759313,42769352,1400539293
2021-09-13,192134753,1330526502,141900,2634013,44593840,1375120342
2021-09-14,165363672,1353715390,232500,2785113,48015348,1401730738
2021-09-15,170979450,1376378589,117400,2666913,49684590,1426063179
2021-09-16,184027140,1411804976,90800,2627313,46188162,1457993138
2021-09-17,133656406,1405235268,90100,2660413,47621392,1452856660
2021-09-22,213191614,1429852024,81000,2668813,52548928,1482400952
2021-09-23,195849813,1454565733,267700,2767613,54854090,1509419823
2021-09-24,163728609,1482648597,167400,2826813,52861404,1535510001
2021-09-27,180138057,1468103717,153200,2924813,51418212,1519521929
2021-09-28,102797816,1488100810,58600,2884113,51048801,1539149611
2021-09-29,116141712,1503717645,48280,3490679,42341935,1546059580
2021-09-30,81303210,1507275491,311860,3176099,38557841,1545833332
2021-10-08,85870762,1428619703,134740,3026664,34443435,1463063138
2021-10-11,83204152,1437140784,115580,2975664,33803543,1470944327
2021-10-12,67327971,1425956215,97745,2995769,32683840,1458640055
2021-10-13,65088083,1429441930,40800,2849369,30459755,1459901685
2021-10-14,45246526,1434711658,89300,2879649,30956227,1465667885
2021-10-15,51140325,1449801769,240880,3097129,33325108,1483126877
2021-10-18,51277302,1463474168,63340,3018269,32838765,1496312933
2021-10-19,87389553,1482686302,232840,3176824,35834573,1518520875
2021-10-20,82231483,1514521118,406400,3506644,39414679,1553935797
2021-10-21,87980278,1468921816,154820,3355664,40871986,1509793802
2021-10-22,98564057,1483587566,336740,3598064,43716478,1527304044
2021-10-25,79198541,1514553279,117900,3472124,41630765,1556184044
2021-10-26,94322731,1517274930,116480,3012604,37567174,1554842104
2021-10-27,78805494,1518535347,347800,3304584,41142071,1559677418
2021-10-28,121844752,1502361953,137489,2984713,34413739,1536775692
2021-10-29,62716197,1505752676,94400,3012913,33774756,1539527432
2021-11-01,60968908,1516199778,63796,3004209,33827394,1550027172
2021-11-02,87936607,1501717541,226280,3151409,33436451,1535153992
2021-11-03,30217037,1493768058,141020,3178949,33347174,1527115232
2021-11-04,61748940,1485738358,43200,3038949,30632604,1516370962
2021-11-05,80402918,1477338607,327880,3279409,30859240,1508197847
2021-11-08,39840593,1455587489,200660,3416509,33208470,1488795959
2021-11-09,48107674,1462264636,72400,3377649,32864524,1495129160
2021-11-10,52883973,1480516338,165980,3399229,33414419,1513930757
2021-11-11,45120579,1463683975,314340,3656069,36268207,1499952182
2021-11-12,70830113,1494859382,91000,3660369,36018029,1530877411
2021-11-15,57379838,1497413005,21600,3623189,36014498,1533427503
2021-11-16,52320362,1497929484,56600,3629809,34700975,1532630459
2021-11-17,35855441,1504844002,49600,3348809,32349497,1537193499
2021-11-18,37491576,1513617055,24300,3264209,31336406,1544953461
2021-11-19,19909152,1474322742,0,3252229,28099258,1502422000
2021-11-22,89722198,1448189096,3706920,6926669,65041422,1513230518
2021-11-23,71628085,1453884536,342720,6215249,57926121,1511810657
2021-11-24,43224620,1456189595,51700,5683689,53313002,1509502597
2021-11-25,62343996,1466048976,110400,3529169,33774148,1499823124
2021-11-26,93021404,1446620227,603965,3784245,38220875,1484841102
2021-11-29,56209267,1464890439,485200,3980885,39370951,1504261390
2021-11-30,49394121,1455093961,215800,4018865,39947517,1495041478
2021-12-01,44568611,1456396501,117400,3503505,34929946,1491326447
2021-12-02,43024238,1450744472,25300,2469165,24963257,1475707729
2021-12-03,47918465,1435471385,80000,2296905,22785299,1458256684
2021-12-06,39470182,1417147513,92520,2170601,21098240,1438245753
2021-12-07,41574384,1422696950,348560,2289561,22002680,1444699630
2021-12-08,30514208,1418954465,215900,2337681,22956027,1441910492
2021-12-09,38751969,1418121103,192260,2436701,24025871,1442146974
2021-12-10,73827037,1412789395,201860,2294561,23611033,1436400428
2021-12-13,99700020,1405342297,333240,2452761,26538875,1431881172
2021-12-14,61773468,1419590836,164800,2342261,24734275,1444325111
2021-12-15,78202995,1453792009,646680,2879758,31130183,1484922192
2021-12-16,61693820,1470107094,347600,3184058,34228624,1504335718
2021-12-17,42855513,1456027670,196920,2962341,31163827,1487191497
2021-12-20,34801004,1449287964,171800,3044961,31363099,1480651063
2021-12-21,31946742,1451401441,346860,3236921,33275547,1484676988
2021-12-22,56566938,1455580994,366800,3549121,37904611,1493485605
2021-12-23,49971445,1460420871,297420,3716841,39064000,1499484871
2021-12-24,46482875,1463921015,239205,3654546,37349460,1501270475
2021-12-27,19853239,1461571650,125800,3749546,38207874,1499779524
2021-12-28,39554239,1451056754,123600,3689246,38146804,1489203558
2021-12-29,34003582,1455891313,63500,3659106,37615610,1493506923
2021-12-30,37555576,1469292445,133800,3484226,35399736,1504692181
2021-12-31,51994944,1469984363,48200,3265406,34286764,1504271127
2022-01-04,57914551,1491400540,30000,2711506,28497928,1519898468
2022-01-05,65863739,1497700492,105700,2535866,27412711,1525113203
2022-01-06,53391405,1481950002,131900,2612966,28063255,1510013257
2022-01-07,50771990,1484162129,75500,2674966,28836135,1512998264
2022-01-10,69892196,1498120416,67100,2637308,29326865,1527447281
2022-01-11,60676584,1510512946,60100,2663208,29242025,1539754971
2022-01-12,54579786,1525461074,30700,2491786,26911289,1552372363
2022-01-13,36289924,1529423581,23200,2496386,26561548,1555985129
2022-01-14,26419440,1520001708,101980,2564566,26748423,1546750131
2022-01-17,46286020,1521882020,39200,2475366,26115112,1547997132
2022-01-18,29748068,1512294709,19900,2417526,25238972,1537533681
2022-01-19,44673074,1508183670,25700,2416226,24210586,1532394256
2022-01-20,26208020,1497440425,41300,2378526,23214414,1520654839
2022-01-21,20025395,1492684574,133700,2432226,23130470,1515815044
2022-01-24,20901215,1459626379,152700,2460226,24331635,1483958014
2022-01-25,33925087,1459323099,230600,2460226,23790387,1483113486
2022-01-26,13331493,1458238086,110200,2490366,24106742,1482344828
2022-01-27,19359477,1460067576,193300,2560966,24021860,1484089436
2022-01-28,15363863,1434404740,13100,2298666,21193701,1455598441
2022-02-07,17398581,1427360367,87700,2372766,22398912,1449759279
2022-02-08,26655149,1429567143,180400,2493666,23964130,1453531273
2022-02-09,73842212,1446233806,53900,2382826,23732947,1469966753
2022-02-10,20357632,1438655615,27440,2390966,23670564,1462326179
2022-02-11,48628147,1440816512,97700,2407186,22603477,1463419989
2022-02-14,51014009,1425560480,466671,2729839,24786938,1450347418
2022-02-15,22043371,1409412092,95500,2723239,25271658,1434683750
2022-02-16,13810731,1410590551,69500,2712099,24869948,1435460499
2022-02-17,41236021,1391064278,201560,2847359,25626231,1416690509
2022-02-18,18417212,1376837004,64400,2745497,25423303,1402260307
2022-02-21,40773102,1387123783,83600,2612557,24793165,1411916948
2022-02-22,22304221,1387893147,175600,2773157,26344992,1414238139
2022-02-23,35438345,1388608819,24100,2551497,24826065,1413434884
2022-02-24,57397189,1401569813,382500,2812897,26441231,1428011044
2022-02-25,39824856,1416329923,34400,2674017,25429902,1441759825
2022-02-28,14175817,1403233801,49600,2621937,25170596,1428404397
2022-03-01,18487688,1402623260,216500,2837037,26838370,1429461630
2022-03-02,40179116,1402009338,84940,2898077,27676636,1429685974
2022-03-03,22953683,1400762030,31700,2846877,26959926,1427721956
2022-03-04,29010579,1394899744,61200,2730406,25447385,1420347129
2022-03-07,0,1390346679,0,2730406,25447385,1415794064
2022-03-08,0,1384687011,0,2707266,25231720,1409918731
2022-03-09,0,1376875689,0,2707206,25231161,1402106850
2022-03-10,0,1369910063,0,2707206,25231161,1395141224
2022-03-11,0,1366610142,0,2707206,25231161,1391841303
2022-03-14,53488187,1384036905,305700,2842666,25953540,1409990445
