日期,融资买入额(元),融资余额(元),融券卖出量,融券余量,融券余额(元),融资融券余额(元)
2019-08-19,36923083,33098185,0,0,0,33098185
2019-08-20,44135035,62526972,0,0,0,62526972
2019-08-21,44199434,93150739,0,0,0,93150739
2019-08-22,26155955,108788718,20000,20000,446800,109235518
2019-08-23,55945734,133927095,0,0,0,133927095
2019-08-26,29621031,150189855,16000,16000,351200,150541055
2019-08-27,28447048,150644468,7900,23900,534165,151178633
2019-08-28,32333080,148669753,0,23900,538706,149208459
2019-08-29,19953612,149171979,4000,27000,599130,149771109
2019-08-30,25742180,153377678,0,17000,379270,153756948
2019-09-02,30004220,157382236,10700,27700,615494,157997730
2019-09-03,34748951,176731098,2300,29300,644307,177375405
2019-09-04,29126965,180569586,700,27700,610785,181180371
2019-09-05,51600555,189280205,57,7057,155960,189436165
2019-09-06,33002485,155128463,2900,9957,221842,155350305
2019-09-09,39838845,154921302,0,9957,223037,155144339
2019-09-10,95829181,189652360,0,7057,166969,189819329
2019-09-11,72269600,227736157,2900,9957,235184,227971341
2019-09-12,48721407,234801854,500,7557,178572,234980426
2019-09-16,38582693,237741730,2400,9957,231102,237972832
2019-09-17,32844560,245202885,900,8357,190707,245393592
2019-09-18,25855319,243980042,1000,8457,193919,244173961
2019-09-19,23522519,245201830,3900,12357,284087,245485917
2019-09-20,31628651,237220000,0,12357,284335,237504335
2019-09-23,29837615,234855346,0,9457,214390,235069736
2019-09-24,19938436,218029909,0,7057,159912,218189821
2019-09-25,28963114,227994329,4800,11857,262751,228257080
2019-09-26,34490131,240182789,0,11857,261803,240444592
2019-09-27,23765991,245336829,0,10857,241243,245578072
2019-09-30,10666664,234325340,1000,8957,200010,234525350
2019-10-08,28495169,241877144,2900,10857,244825,242121969
2019-10-09,20233255,247746535,1000,11857,268917,248015452
2019-10-10,31549558,254759365,400,12257,276028,255035393
2019-10-11,19065794,247081234,0,8357,188033,247269267
2019-10-14,38821963,246094614,5200,13557,305981,246400595
2019-10-15,41214059,261450771,1000,11657,263565,261714336
2019-10-16,24550771,269433259,3100,13757,307331,269740590
2019-10-17,8593749,262979092,2200,13057,291693,263270785
2019-10-18,42028543,269852157,2900,15057,341192,270193349
2019-10-21,26076835,273676548,0,11157,254603,273931151
2019-10-22,22863642,276287835,1900,13057,297700,276585535
2019-10-23,50044830,274935433,0,7957,186433,275121866
2019-10-24,38305827,267653725,2200,9257,219298,267873023
2019-10-25,70269186,283158974,0,8257,189416,283348390
2019-10-28,60748149,294916634,0,7057,162523,295079157
2019-10-29,38871976,282526686,200,7257,169741,282696427
2019-10-30,36834970,283636259,200,7257,169669,283805928
2019-10-31,21804893,281289939,1100,8357,194300,281484239
2019-11-01,28382465,272369439,0,8357,194217,272563656
2019-11-04,52102500,281688271,43400,51757,1250449,282938720
2019-11-05,39728536,281734730,0,51157,1242092,282976822
2019-11-06,44995866,300004809,3600,54357,1327398,301332207
2019-11-07,45436635,281316344,400,51857,1301092,282617436
2019-11-08,93820941,286193901,1800,52657,1321691,287515592
2019-11-11,52531510,288749589,1900,52757,1306791,290056380
2019-11-12,45266919,278904265,2000,53757,1331023,280235288
2019-11-13,21659344,273222890,12700,66457,1649463,274872353
2019-11-14,37032706,261551442,44700,110157,2832136,264383578
2019-11-15,28590146,238937309,7600,111157,2837838,241775147
2019-11-18,24077918,248612697,2900,113057,2904434,251517131
2019-11-19,27306160,238919762,3000,104357,2702846,241622608
2019-11-20,39271850,245955486,4600,108957,2794747,248750233
2019-11-21,36655173,255972217,0,108057,2738164,258710381
2019-11-22,20126135,239452827,1000,109057,2729697,242182524
2019-11-25,32792804,241930895,0,109057,2727516,244658411
2019-11-26,20417581,234289030,0,87357,2158591,236447621
2019-11-27,15735841,232347029,0,87357,2177810,234524839
2019-11-28,23528573,241377179,0,47257,1167248,242544427
2019-11-29,20280108,239567730,0,44357,1083198,240650928
2019-12-02,11078975,235305550,2900,46257,1138385,236443935
2019-12-03,21916445,226779488,0,46257,1177703,227957191
2019-12-04,29532709,240787991,400,44957,1153147,241941138
2019-12-05,22783064,250334317,0,43357,1107338,251441655
2019-12-06,28173035,221820835,0,43357,1159800,222980635
2019-12-09,15955204,206281729,6300,29657,800146,207081875
2019-12-10,6426926,194818166,20000,46757,1278804,196096970
2019-12-11,22801438,195048544,22100,39857,1063385,196111929
2019-12-12,18473086,192278049,3200,39957,1086431,193364480
2019-12-13,12548790,190108946,4500,41557,1130766,191239712
2019-12-16,12487574,188167421,20700,62257,1692145,189859566
2019-12-17,66820268,219263900,800,41257,1098674,220362574
2019-12-18,47490815,243096528,3000,43457,1151611,244248139
2019-12-19,19640922,249083281,400,43557,1162972,250246253
2019-12-20,20995276,247511625,8400,49857,1320712,248832337
2019-12-23,39628658,263588728,2100,44357,1159048,264747776
2019-12-24,22445393,261968929,18000,58157,1551047,263519976
2019-12-25,28838494,272265461,800,39957,1058061,273323522
2019-12-26,16971218,273282877,7500,47157,1247303,274530180
2019-12-27,36509805,288192879,0,47157,1233627,289426506
2019-12-30,25804884,241720736,9700,53857,1427749,243148485
2019-12-31,18139800,233010691,18900,72757,1944795,234955486
2020-01-02,65006847,270016729,1000,70857,1877711,271894440
2020-01-03,47951809,286273745,4300,72557,1898817,288172562
2020-01-06,110849356,353844294,21600,73757,1860152,355704446
2020-01-07,28572422,340461085,0,72357,1823396,342284481
2020-01-08,18579025,325283326,13100,69957,1774809,327058135
2020-01-09,31506696,324078306,6800,63857,1621968,325700274
2020-01-10,39281069,328224602,3900,67757,1706121,329930723
2020-01-13,28222994,321014444,0,55057,1401201,322415645
2020-01-14,41190193,335059976,0,52157,1307576,336367552
2020-01-15,17142935,331640857,2900,54057,1348722,332989579
2020-01-16,21638193,333840620,0,32457,813048,334653668
2020-01-17,38359578,337686849,2500,31557,799970,338486819
2020-01-20,28440556,340664675,0,31557,793027,341457702
2020-01-21,20407780,335190362,0,30857,760316,335950678
2020-01-22,18733391,327810192,1200,13057,321986,328132178
2020-01-23,26553076,312288678,0,10957,258037,312546715
2020-02-03,26217710,276422126,0,3857,85433,276507559
2020-02-04,23610856,253806701,0,3857,92568,253899269
2020-02-05,21779169,244382706,0,3857,93147,244475853
2020-02-06,21427581,223453396,0,3857,98701,223552097
2020-02-07,30148703,220183672,0,3857,100513,220284185
2020-02-10,24535909,212342487,1100,4457,118021,212460508
2020-02-11,11182481,198153183,10900,15357,402353,198555536
2020-02-12,12680985,192420688,2000,15457,407292,192827980
2020-02-13,20151828,198111153,11100,26557,683046,198794199
2020-02-14,18002289,195838787,32600,59157,1515602,197354389
2020-02-17,30299146,207367966,500,59157,1519743,208887709
2020-02-18,36277379,218426951,12400,68657,1797440,220224391
2020-02-19,24001303,218301376,100,68757,1782869,220084245
2020-02-20,41580076,219106843,0,68157,1864094,220970937
2020-02-21,29094595,224690700,100,68257,1846352,226537052
2020-02-24,70792133,255244024,71300,139557,3928530,259172554
2020-02-25,45212167,259923675,4400,102716,2896591,262820266
2020-02-26,27723080,253919635,12100,106616,2867970,256787605
2020-02-27,51675614,268387051,43200,118057,3315041,271702092
2020-02-28,45932374,244389029,26200,99857,2745069,247134098
2020-03-02,48139189,217566475,50800,123057,3562500,221128975
2020-03-03,55764242,231248821,18200,111257,3206427,234455248
2020-03-04,63422432,251971008,46300,112757,3361286,255332294
2020-03-05,55043442,232366437,76500,144457,4427607,236794044
2020-03-06,36839134,228985165,31000,145457,4458257,233443422
2020-03-09,32627439,187457577,78736,189493,5610888,193068465
2020-03-10,52606269,183662802,15500,159193,4726440,188389242
2020-03-11,28051726,182197714,49500,154593,4475467,186673181
2020-03-12,20576694,178884451,54600,162993,4759395,183643846
2020-03-13,14679038,162290979,48700,163693,4789657,167080636
2020-03-16,19423441,164391287,50400,170793,5014483,169405770
2020-03-17,33073725,171298404,61400,198793,5566204,176864608
2020-03-18,15129024,161364619,14900,161093,4497716,165862335
2020-03-19,22212682,168559318,13300,154693,4271074,172830392
2020-03-20,15792126,172930311,17700,161093,4620147,177550458
2020-03-23,12579569,172914134,13500,162193,4439222,177353356
2020-03-24,26918014,147934300,27200,181493,5464754,153399054
2020-03-25,99962169,217827908,5300,164193,4909370,222737278
2020-03-26,47027515,232963766,37820,197513,5923415,238887181
2020-03-27,57240462,233372544,15100,189193,5713628,239086172
2020-03-30,31527916,185612503,7800,182193,5442105,191054608
2020-03-31,60143100,197057763,27900,183057,5773618,202831381
2020-04-01,36984676,200723309,31800,197957,5998097,206721406
2020-04-02,26004923,202332902,16900,198557,6061945,208394847
2020-04-03,27798836,190072938,18100,210557,6415672,196488610
2020-04-07,50042755,195196623,21300,222657,6991430,202188053
2020-04-08,29096593,190527259,59100,253857,7834027,198361286
2020-04-09,50951985,181660914,67000,306757,10150589,191811503
2020-04-10,67643970,204736471,9000,300557,9626841,214363312
2020-04-13,25883269,185588923,37300,336457,11069435,196658358
2020-04-14,24323404,172219121,18700,350457,11922547,184141668
2020-04-15,15517432,169834813,42100,384457,13017714,182852527
2020-04-16,22771487,167056875,17900,360057,12162725,179219600
2020-04-17,18777078,163725499,20400,357657,11877789,175603288
2020-04-20,13993202,165096588,19600,361157,12055421,177152009
2020-04-21,28110850,172978841,64500,420857,14014538,186993379
2020-04-22,24420226,147901368,77100,478857,17023366,164924734
2020-04-23,11664499,140441430,71500,497757,17660418,158101848
2020-04-24,19237698,144834278,46100,510757,17876495,162710773
2020-04-27,16935928,151506040,44000,514857,18112669,169618709
2020-04-28,27296105,161091320,85600,554857,19658584,180749904
2020-04-29,44411318,178803822,61300,596857,20490101,199293923
2020-04-30,48142398,185170377,38300,505557,16819881,201990258
2020-05-06,41310554,191718190,47400,509257,16958258,208676448
2020-05-07,46635884,205825807,39600,540657,18149855,223975662
2020-05-08,43415072,186702097,29800,536857,18494724,205196821
2020-05-11,34131155,180965603,79176,575533,19320642,200286245
2020-05-12,25766245,163709430,51000,579633,20507416,184216846
2020-05-13,17815423,157691343,34134,590367,21011162,178702505
2020-05-14,19189377,153798299,56000,638167,22750653,176548952
2020-05-15,12311790,149672668,69000,682867,24200806,173873474
2020-05-18,29438124,151950016,53695,695462,25036632,176986648
2020-05-19,26252305,159422961,76600,677862,24281017,183703978
2020-05-20,20977183,163809991,17700,645162,22490347,186300338
2020-05-21,14920295,156771692,12300,626562,21791826,178563518
2020-05-22,12310330,152555742,40200,615462,21048800,173604542
2020-05-25,31020741,154326860,32500,610162,21691259,176018119
2020-05-26,22823757,154559958,6600,551267,19906251,174466209
2020-05-27,22694122,159446077,74100,594442,20686582,180132659
2020-05-28,17089239,152916174,30500,576867,20115353,173031527
2020-05-29,19948505,143052358,63100,620867,22462968,165515326
2020-06-01,30874724,156041045,60900,673167,24476352,180517397
2020-06-02,57444180,189383253,3300,671167,23390170,212773423
2020-06-03,31509652,196957556,4100,651767,22544621,219502177
2020-06-04,46153057,221476089,8700,618967,21292465,242768554
2020-06-05,44044748,244503411,11800,598467,20371816,264875227
2020-06-08,93268527,296962868,47000,636167,20929894,317892762
2020-06-09,22439378,252298607,33407,637174,21440905,273739512
2020-06-10,12309593,214766254,4300,637974,21805951,236572205
2020-06-11,59905090,255069742,51500,677374,22603971,277673713
2020-06-12,24303898,242225720,7500,637974,21404028,263629748
2020-06-15,20946968,215125332,26800,616274,20700644,235825976
2020-06-16,29132276,207133318,19895,617024,20966475,228099793
2020-06-17,17170936,206536893,50100,635024,21717821,228254714
2020-06-18,16491277,191583363,36500,614835,21131879,212715242
2020-06-19,14237835,169144336,56995,560830,19629050,188773386
2020-06-22,45183587,194079416,36498,557428,18896810,212976226
2020-06-23,33810987,188089413,97100,563126,19765723,207855136
2020-06-24,13559376,174150199,82400,582687,20673735,194823934
2020-06-29,14998592,175091249,24700,583487,20357862,195449111
2020-06-30,17706961,173538468,61700,620287,22336536,195875004
2020-07-01,61421963,194620553,95600,674926,25917159,220537712
2020-07-02,45569860,220399485,108957,756183,27940962,248340447
2020-07-03,24106026,218283898,40200,700883,25848565,244132463
2020-07-06,53040816,227697385,98935,707787,26329676,254027061
2020-07-07,37726541,212837972,58700,701122,26214952,239052924
2020-07-08,29406667,208262823,95627,743449,28920165,237182988
2020-07-09,28565692,199038924,103700,782219,31061916,230100840
2020-07-10,28442843,193772084,29700,755266,30550511,224322595
2020-07-13,32296905,201200130,56927,755236,30934466,232134596
2020-07-14,31044095,202441771,68800,734615,29729869,232171640
2020-07-15,24094232,198717032,90069,776584,31482715,230199747
2020-07-16,21569738,196678292,52806,727493,27644734,224323026
2020-07-17,30499140,190689209,75200,725846,27291810,217981019
2020-07-20,30896443,198041927,102800,780946,29152714,227194641
2020-07-21,19366806,199024906,62400,809246,31123601,230148507
2020-07-22,18039091,201611747,93500,858446,33565240,235176987
2020-07-23,35144924,216328110,36300,872485,33869868,250197978
2020-07-24,52014648,247282602,98251,938936,34440173,281722775
2020-07-27,19777614,254015978,66983,992389,36906947,290922925
2020-07-28,21612642,246435363,49205,977694,38511366,284946729
2020-07-29,53136223,269569883,73200,978294,38877403,308447286
2020-07-30,21214090,262295709,41000,964994,38069013,300364722
2020-07-31,14969563,260701922,43700,980494,38631463,299333385
2020-08-03,24872779,256911337,72000,1010737,40207119,297118456
2020-08-04,24641115,264019635,53800,1029837,40472595,304492230
2020-08-05,27531624,263918712,48800,1059137,42365480,306284192
2020-08-06,39598656,278120559,63825,1102162,43215770,321336329
2020-08-07,17989609,270787291,47400,1130873,43764785,314552076
2020-08-10,7578720,247337200,12125,1046017,40857422,288194622
2020-08-11,37222555,240467950,78100,1112317,44303586,284771536
2020-08-12,26182257,249866313,38300,1127817,44661554,294527867
2020-08-13,38448776,274114041,143928,1265645,48018573,322132614
2020-08-14,20362436,255919975,12800,1142195,43803178,299723153
2020-08-17,37503996,249460199,4000,1076195,42240656,291700855
2020-08-18,52386784,251920322,43900,1052778,43679760,295600082
2020-08-19,66365453,260429620,86300,1132778,48618832,309048452
2020-08-20,54659850,285908896,65300,1098438,45497303,331406199
2020-08-21,67048561,281785705,46300,1144738,52154264,333939969
2020-08-24,86060180,284660719,119600,1187438,54705268,339365987
2020-08-25,48193366,274187032,45600,1170138,54469925,328656957
2020-08-26,68627796,275888834,118500,1246738,59968097,335856931
2020-08-27,34103816,279020314,29500,1151538,56747792,335768106
2020-08-28,39262033,270280275,12100,1077338,54276289,324556564
2020-08-31,31318045,268052157,90316,1139154,58267727,326319884
2020-09-01,20761255,257013955,32900,1146554,58623305,315637260
2020-09-02,19675948,255344559,71402,1163856,60136439,315480998
2020-09-03,58666955,261839087,77000,1172556,59800356,321639443
2020-09-04,35338856,260151861,26900,1102106,54113404,314265265
2020-09-07,36302018,267047305,27700,1017856,47177625,314224930
2020-09-08,31538406,261912921,15900,959778,43477943,305390864
2020-09-09,39211904,276197348,70600,980478,43346932,319544280
2020-09-10,41509463,290051396,48800,974478,43832022,333883418
2020-09-11,30261905,291854595,23400,979678,44369616,336224211
2020-09-14,19118124,287349312,60190,1000368,45287572,332636884
2020-09-15,17817662,284387025,114000,1098868,50558917,334945942
2020-09-16,15992976,286422600,24600,1091068,49774522,336197122
2020-09-17,14338063,275878880,32234,1001481,44866348,320745228
2020-09-18,19476699,272438736,21100,967081,43450949,315889685
2020-09-21,23716870,270196044,78900,1035081,45046724,315242768
2020-09-22,8710226,256725397,57600,1025281,44691999,301417396
2020-09-23,6993051,253015736,14800,1029481,45667776,298683512
2020-09-24,16196439,256172108,59200,1066681,46741961,302914069
2020-09-25,10828892,250000243,27900,1049081,46841466,296841709
2020-09-28,22808476,255341363,51400,1077481,50393786,305735149
2020-09-29,31286008,270032002,157700,1169881,55042902,325074904
2020-09-30,22887689,269418545,89400,1238981,58306446,327724991
2020-10-09,67268177,317205427,3300,1078781,51371551,368576978
2020-10-12,52700822,342146474,43441,1062822,51026084,393172558
2020-10-13,33328064,333687008,25000,1081215,52655171,386342179
2020-10-14,23800901,331707112,41600,1115715,55183264,386890376
2020-10-15,19456722,308420464,67900,1148815,55441812,363862276
2020-10-16,11751263,303593861,55163,1157733,56150053,359743914
2020-10-19,20668153,303449468,10966,1131499,53870668,357320136
2020-10-20,15964963,300045435,12000,1082599,53079829,353125264
2020-10-21,11668393,295893243,30300,1085099,52659854,348553097
2020-10-22,29393898,294082804,38039,1111495,54730013,348812817
2020-10-23,57625898,326113844,8698,1102993,48884651,374998495
2020-10-26,53847173,336483649,160297,1254288,53846584,390330233
2020-10-27,58710283,361366852,145712,1338172,55748245,417115097
2020-10-28,26822586,335777779,110597,1405569,60804916,396582695
2020-10-29,29156004,316932017,45900,1409669,60939993,377872010
2020-10-30,19384840,311262225,15400,1386569,57930853,369193078
2020-11-02,37715360,323270894,6500,1243689,50493773,373764667
2020-11-03,21593175,324267930,14500,1214075,50068452,374336382
2020-11-04,23790686,332262245,57000,1257075,52633731,384895976
2020-11-05,28628251,335108059,6400,1193775,50138550,385246609
2020-11-06,37318167,339817756,37800,1212375,51707794,391525550
2020-11-09,85933132,401202522,46300,1236775,52711352,453913874
2020-11-10,53666074,414833651,29300,1183475,48664492,463498143
2020-11-11,20577111,411449360,98300,1238975,50636909,462086269
2020-11-12,114111166,478921691,52900,1219975,45871060,524792751
2020-11-13,38888979,479275680,29700,1077163,40813706,520089386
2020-11-16,25706791,471150643,49016,1096879,41802059,512952702
2020-11-17,22201262,463727812,7800,1072979,40107953,503835765
2020-11-18,12174070,457648789,14600,967984,36444597,494093386
2020-11-19,20854436,463232862,20200,898884,33977816,497210678
2020-11-20,32994227,469720010,69000,927684,36114738,505834748
2020-11-23,31607591,473863666,132600,1043168,40913049,514776715
2020-11-24,23772570,474153651,34800,991284,38947548,513101199
2020-11-25,32447584,463111269,29392,976776,37068649,500179918
2020-11-26,13002303,461781114,11600,954576,36340709,498121823
2020-11-27,15675092,453607504,3000,921576,35370086,488977590
2020-11-30,17583818,447941930,8800,861476,32736088,480678018
2020-12-01,66481417,438144465,7500,649676,26766650,464911115
2020-12-02,32945003,440737669,139499,686472,28021787,468759456
2020-12-03,22927063,437633762,18600,363085,14879223,452512985
2020-12-04,28636103,425329225,23000,291073,12222155,437551380
2020-12-07,21248527,420114715,13900,214895,9197506,429312221
2020-12-08,35022570,416678508,9300,145230,6398834,423077342
2020-12-09,38085445,407972800,4100,139430,6206029,414178829
2020-12-10,48258574,418400439,1000,138330,6201334,424601773
2020-12-11,29947678,403799571,2000,124930,5428209,409227780
2020-12-14,31298439,414561743,3400,127730,5473231,420034974
2020-12-15,20680274,417189570,23100,132930,5660159,422849729
2020-12-16,34968302,421662250,38600,165757,7288335,428950585
2020-12-17,23047397,410992757,28400,175957,7724512,418717269
2020-12-18,28502795,412979659,101933,250890,10810850,423790509
2020-12-21,29300741,419429627,33500,257493,10969201,430398828
2020-12-22,41970874,430325065,116339,339201,13924202,444249267
2020-12-23,36904410,436384485,66000,364841,15330619,451715104
2020-12-24,30489316,446753183,65700,396541,16131289,462884472
2020-12-25,12597446,440288854,100412,476453,19391637,459680491
2020-12-28,53171753,429170556,127373,583329,23233995,452404551
2020-12-29,11453826,421564383,42700,571029,23297984,444862367
2020-12-30,30473317,424581450,67100,600846,25223515,449804965
2020-12-31,43152645,442526729,117300,677988,28678893,471205622
2021-01-04,89776279,479154288,79000,729788,33957035,513111323
2021-01-05,60784970,439194365,178826,870535,41872735,481067100
2021-01-06,32973138,437519889,49637,860247,41119808,478639697
2021-01-07,44374552,446105979,89000,895019,44151289,490257268
2021-01-08,28153036,445808886,126420,926674,45379225,491188111
2021-01-11,36750935,440749422,128140,955426,46787211,487536633
2021-01-12,45348768,457708364,59100,830831,41416924,499125288
2021-01-13,45198125,443021720,129012,901438,43999190,487020910
2021-01-14,29928307,440760666,7000,762438,36703765,477464431
2021-01-15,28723875,438218821,18000,752038,35360826,473579647
2021-01-18,23716997,430560435,52200,782138,37315804,467876239
2021-01-19,9959443,415814621,46500,798338,37521886,453336507
2021-01-20,27340079,427817329,50631,842369,39591343,467408672
2021-01-21,36666178,410725117,41200,874569,41349623,452074740
2021-01-22,40001384,420304907,40800,877849,42900481,463205388
2021-01-25,50789551,428250047,143523,991223,48728523,476978570
2021-01-26,48072407,442595088,114000,1089423,50908736,493503824
2021-01-27,14359040,432655338,42600,1105123,51940781,484596119
2021-01-28,11659085,424894298,26500,1110823,50653528,475547826
2021-01-29,18562383,412811584,11400,1099823,49349058,462160642
2021-02-01,10491119,408592314,14300,1082323,50024969,458617283
2021-02-02,76234836,419355781,69700,1089923,55411685,474767466
2021-02-03,84984267,466683317,80100,1075123,52562764,519246081
2021-02-04,62335624,487528392,60300,1087428,51489716,539018108
2021-02-05,57747300,494715205,67500,960123,45749861,540465066
2021-02-08,63661530,507478953,55600,993523,48434247,555913200
2021-02-09,56438746,519818388,18000,991523,48277255,568095643
2021-02-10,103849472,535710655,45300,997423,50559372,586270027
2021-02-18,74624194,569236716,83400,1053323,52034157,621270873
2021-02-19,75314940,554693983,49000,1034978,54915932,609609915
2021-02-22,85966046,569743727,38607,1045985,52979140,622722867
2021-02-23,45211955,561141190,13000,1001585,49418204,610559394
2021-02-24,40405018,547881983,29000,1016285,47358880,595240863
2021-02-25,10165123,533211085,15800,1025085,48004730,581215815
2021-02-26,43154693,550730411,24100,1031185,46093970,596824381
2021-03-01,28023827,556810771,46100,1059985,49003106,605813877
2021-03-02,25835770,555406649,26400,1075685,48255230,603661879
2021-03-03,13256882,554300937,53200,1099185,49716137,604017074
2021-03-04,17583417,554035385,27400,1040545,45159654,599195039
2021-03-05,19063051,542699009,56400,1070345,45725138,588424147
2021-03-08,13917961,526434627,8400,1011945,41570701,568005328
2021-03-09,19345317,522965323,65749,1046494,41817900,564783223
2021-03-10,9948276,519464944,38000,1031094,42120189,561585133
2021-03-11,16279993,517745616,80100,1095394,45447896,563193512
2021-03-12,14216359,499840950,27800,1104094,45588042,545428992
2021-03-15,19908921,493151905,21000,1093094,43822139,536974044
2021-03-16,6966762,486360401,31500,1050394,42677510,529037911
2021-03-17,14553547,485162568,14400,1040194,42658356,527820924
2021-03-18,15345199,483508279,18700,1056894,44125325,527633604
2021-03-19,6908447,479255437,24200,1002594,41116380,520371817
2021-03-22,6148850,471373966,62600,1021987,42729277,514103243
2021-03-23,7179899,472230842,49600,1035387,42947853,515178695
2021-03-24,6299862,470882237,55200,1012387,41862202,512744439
2021-03-25,5654265,457572310,38400,1003487,41995930,499568240
2021-03-26,14598947,459760456,89858,1044545,44518509,504278965
2021-03-29,17488250,460896099,136825,1168670,49165947,510062046
2021-03-30,15563673,466172961,71900,1162970,48984297,515157258
2021-03-31,9165256,463014308,57200,1135170,47688492,510702800
2021-04-01,23817851,469377765,80482,1187056,49405271,518783036
2021-04-02,33790861,479112159,28300,1157182,48833080,527945239
2021-04-06,25626404,484073717,52800,1199374,51537101,535610818
2021-04-07,25002789,482803493,57900,1249174,51990622,534794115
2021-04-08,12274487,475965106,13492,1215966,51216489,527181595
2021-04-09,36807401,484998338,57800,1246066,50876874,535875212
2021-04-12,11534933,457921006,74200,1238766,49885107,507806113
2021-04-13,16407827,456789124,48900,1251384,49429670,506218794
2021-04-14,13207749,456507365,17700,1110436,43851117,500358482
2021-04-15,14735242,451957938,41500,1035198,40144977,492102915
2021-04-16,18567348,455367318,63318,1042435,39821016,495188334
2021-04-19,24451379,462670262,30200,1037435,40408092,503078354
2021-04-20,19477796,461931581,82400,1102235,43009210,504940791
2021-04-21,19128021,465240394,57694,1107529,43415136,508655530
2021-04-22,22321316,470766865,135100,1208929,47329572,518096437
2021-04-23,24170731,468740006,20700,1200829,48285334,517025340
2021-04-26,28811341,468440025,87300,1256929,50025775,518465800
2021-04-27,13614977,467081543,53300,1298729,52195917,519277460
2021-04-28,26754892,459029484,35456,1196222,48052239,507081723
2021-04-29,43170719,451542762,92104,1264370,52344918,503887680
2021-04-30,56649962,475522327,43400,1258974,50296011,525818338
2021-05-06,29592503,489203837,36100,1285774,49682308,538886145
2021-05-07,13895180,484639938,47900,1315274,50638051,535277989
2021-05-10,64544321,521479378,42000,1273974,46143339,567622717
2021-05-11,18740825,517818552,70600,1304558,48177327,565995879
2021-05-12,10671873,501313865,30500,1298511,48888939,550202804
2021-05-13,13090445,490310249,27300,1287411,49706939,540017188
2021-05-14,12698089,479978114,29400,1316711,51615071,531593185
2021-05-17,122433143,540490137,30600,1220662,50340100,590830237
2021-05-18,66970130,533687707,94800,1283362,51257480,584945187
2021-05-19,36335399,542244431,43300,1313492,52605355,594849786
2021-05-20,58502131,573474316,15300,1275316,51484506,624958822
2021-05-21,34171080,578765962,35600,1247966,49856240,628622202
2021-05-24,50814348,601666281,38865,1228014,49673166,651339447
2021-05-25,55107110,609754889,59000,1236914,51331934,661086823
2021-05-26,30474253,615128922,5100,1205198,49943405,665072327
2021-05-27,32401875,612533567,7700,1185873,50138710,662672277
2021-05-28,35643123,619330677,8500,1167673,48493459,667824136
2021-05-31,66235481,646226669,3500,1119373,45435348,691662017
2021-06-01,43723822,653873744,17700,1106034,45070886,698944630
2021-06-02,53266244,663542343,13500,923043,37032485,700574828
2021-06-03,21063941,642499949,16300,848943,34560471,677060420
2021-06-04,51187527,656995343,14200,743843,29679336,686674679
2021-06-07,31826240,650650670,14300,646492,25581689,676232359
2021-06-08,22342203,648310990,12400,538236,21039645,669350635
2021-06-09,23832767,648662786,800,418424,16239035,664901821
2021-06-10,32575324,650045580,1100,416724,16227233,666272813
2021-06-11,19965704,641063687,18400,421024,16137850,657201537
2021-06-15,20692427,637571339,0,421024,16175741,653747080
2021-06-16,18655322,643754810,122200,532224,20112745,663867555
2021-06-17,12217080,642215947,73800,605024,22930410,665146357
2021-06-18,27262592,636594764,69800,646724,24077535,660672299
2021-06-21,19276222,638593584,53999,691123,25495527,664089111
2021-06-22,20031950,624471233,95500,775623,28775614,653246847
2021-06-23,21555639,628540988,89900,849123,31179797,659720785
2021-06-24,28717267,631677821,139700,972623,35150595,666828416
2021-06-25,22233021,621459940,62100,1014923,36851853,658311793
2021-06-28,43638197,622054479,97500,1106823,41915388,663969867
2021-06-29,56301554,657952550,111917,1198740,44533192,702485742
2021-06-30,35050705,664862543,71500,1229440,46300711,711163254
2021-07-01,49711078,680352694,68600,1285140,49593552,729946246
2021-07-02,38790597,671792326,12500,1274040,47801982,719594308
2021-07-05,22674801,668495293,11338,1226578,45211666,713706959
2021-07-06,35108346,674823448,49500,1261340,45383014,720206462
2021-07-07,28971106,678118737,96635,1284119,47114326,725233063
2021-07-08,25969792,670525073,78700,1351919,48290547,718815620
2021-07-09,28724292,675238773,66900,1405819,49034967,724273740
2021-07-12,43471679,689864174,38500,1402919,47881625,737745799
2021-07-13,43450079,710547162,19400,1373719,47805421,758352583
2021-07-14,18820058,700417314,29200,1378819,47982901,748400215
2021-07-15,30542473,712017251,15900,1353719,46689769,758707020
2021-07-16,74306514,766903561,56300,1396119,47007328,813910889
2021-07-19,47774500,784559347,21611,1357730,45497532,830056879
2021-07-20,52813245,827472779,38500,1371019,44887163,872359942
2021-07-21,70192421,877267844,16100,1313219,42955393,920223237
2021-07-22,20910858,876828889,30300,1331119,43753882,920582771
2021-07-23,36497739,884765242,59900,1330319,42304144,927069386
2021-07-26,19592515,859206862,11500,1316519,40390802,899597664
2021-07-27,31140635,867226764,3100,1286219,38329326,905556090
2021-07-28,16660562,858509670,91700,1361719,41001360,899511030
2021-07-29,42495774,873706895,4400,1311984,38716647,912423542
2021-07-30,43648830,872302427,38500,1067405,32427765,904730192
2021-08-02,71497808,902787955,38600,1080005,31600946,934388901
2021-08-03,61511102,870271312,35736,1089941,33025213,903296525
2021-08-04,126482957,960671438,40800,1112441,32283038,992954476
2021-08-05,41100007,969885348,37900,1120341,32041753,1001927101
2021-08-06,37754925,974372485,49000,1135241,31548347,1005920832
2021-08-09,63066947,918716154,15700,1094241,32170685,950886839
2021-08-10,79928856,941834157,26900,1110641,32908293,974742450
2021-08-11,83158374,978644200,21700,1104641,32642142,1011286342
2021-08-12,66452722,979160639,49200,1150241,33023419,1012184058
2021-08-13,17605308,974267449,1400,1143741,32676680,1006944129
2021-08-16,63714165,933645242,30600,1141141,35033030,968678272
2021-08-17,81268435,967377815,86300,1213441,35481015,1002858830
2021-08-18,27367402,964508381,154272,1338513,39432594,1003940975
2021-08-19,47959414,959753405,49000,1261313,38091652,997845057
2021-08-20,39119804,959052208,204501,1437614,42337731,1001389939
2021-08-23,31907507,956217742,97300,1533914,44345455,1000563197
2021-08-24,32420582,955383555,9700,1519614,44418317,999801872
2021-08-25,17527920,951509309,20300,1505041,43510736,995020045
2021-08-26,24911142,944406182,11200,1301413,36517649,980923831
2021-08-27,25429990,944396117,43700,1337013,36874819,981270936
2021-08-30,32230593,928961794,130400,1404113,37391529,966353323
2021-08-31,31749245,930206237,42100,1375313,35331791,965538028
2021-09-01,27101536,919240552,132100,1453913,39284729,958525281
2021-09-02,35283305,928713573,111800,1469213,39154526,967868099
2021-09-03,20624132,933271621,63100,1437213,38675403,971947024
2021-09-06,21141866,925286970,81100,1409813,38657073,963944043
2021-09-07,22868688,926433217,62300,1419913,39473582,965906799
2021-09-08,20648133,927326679,45300,1427113,39844995,967171674
2021-09-09,8012472,914775117,11300,1415413,39277711,954052828
2021-09-10,15815741,911940433,20000,1373013,37812778,949753211
2021-09-13,10117665,902320636,36000,1371513,37373729,939694365
2021-09-14,15937436,906258965,45693,1362406,36635097,942894062
2021-09-15,6526577,906306442,22100,1344206,35648343,941954785
2021-09-16,12499997,907162943,53900,1364606,36243935,943406878
2021-09-17,24051848,906974645,64600,1375706,37804401,944779046
2021-09-22,21014755,907268358,96000,1421906,38490997,945759355
2021-09-23,16852472,909692957,85896,1455102,40131714,949824671
2021-09-24,50055868,894320819,112300,1463802,43211435,937532254
2021-09-27,63434804,890383686,304795,1700397,52372228,942755914
2021-09-28,30390000,855870270,120026,1752423,54132346,910002616
2021-09-29,28082510,849682074,87600,1767823,54572698,904254772
2021-09-30,47216311,843080439,90900,1758623,54112830,897193269
2021-10-08,21043801,817993529,25628,1544551,48112764,866106293
2021-10-11,28090013,797527108,123371,1599622,50372097,847899205
2021-10-12,19786618,793044843,41200,1564422,48778679,841823522
2021-10-13,44615755,744140587,129200,1651657,53992668,798133255
2021-10-14,35288576,754561514,237300,1818857,59021910,813583424
2021-10-15,51834962,771365053,107200,1826457,56254876,827619929
2021-10-18,22422969,777016157,63200,1692157,51052376,828068533
2021-10-19,17026833,768763615,57563,1622655,49458524,818222139
2021-10-20,37920300,788824815,81200,1605842,48255554,837080369
2021-10-21,15897591,787118313,63500,1616042,48545903,835664216
2021-10-22,29991512,738498148,222800,1746642,54320566,792818714
2021-10-25,23761484,650783858,71600,1729508,56433845,707217703
2021-10-26,43280475,602337914,105800,1710273,57482275,659820189
2021-10-27,55944906,602122585,54100,1678873,55839316,657961901
2021-10-28,36798335,602116744,75200,1719773,57732779,659849523
2021-10-29,21061522,528486170,105700,1728073,60275186,588761356
2021-11-01,55385018,500639526,161725,1816698,61222723,561862249
2021-11-02,42980801,478218964,70794,1798892,64148488,542367452
2021-11-03,44743392,466525843,146000,1833198,65903467,532429310
2021-11-04,56388806,485872902,44800,1814398,63848666,549721568
2021-11-05,41165175,492098991,26500,1703962,58105105,550204096
2021-11-08,16465301,487862313,50400,1644062,56489971,544352284
2021-11-09,33074144,501061314,51000,1623161,55122547,556183861
2021-11-10,19146691,502510534,47800,1633095,55035302,557545836
2021-11-11,36425408,512717735,58200,1628595,54655648,567373383
2021-11-12,46384750,527776991,99800,1648396,53111320,580888311
2021-11-15,105571220,575075835,39700,1686996,59787138,634862973
2021-11-16,67221049,558079618,108800,1696396,57558716,615638334
2021-11-17,36571057,520963306,114300,1696196,56652945,577616251
2021-11-18,32878925,522508806,100100,1660696,54205117,576713923
2021-11-19,42626385,515308473,79000,1636196,52832771,568141244
2021-11-22,35980002,497540204,90400,1601196,54344592,551884796
2021-11-23,19158047,497495682,78200,1599905,53708809,551204491
2021-11-24,20985630,496443844,58900,1579405,52846893,549290737
2021-11-25,19947769,502311376,31500,1561505,51560895,553872271
2021-11-26,8193344,494937744,32000,1445305,47810690,542748434
2021-11-29,16474636,483933142,29300,1330105,44172785,528105927
2021-11-30,14542666,484712540,19000,1220105,39653415,524365955
2021-12-01,17860402,486504222,45800,1050425,33613600,520117822
2021-12-02,23307372,495483233,60700,862753,27124955,522608188
2021-12-03,20884493,490866436,34775,737094,23786024,514652460
2021-12-06,20928562,478867489,54600,634748,20838777,499706266
2021-12-07,27610332,450498211,36600,524558,18569352,469067563
2021-12-08,18826390,417939436,93200,582358,21558893,439498329
2021-12-09,20796883,401451158,54255,499413,18363416,419814574
2021-12-10,15179924,402564565,30000,451264,16376370,418940935
2021-12-13,18401068,392954085,101000,505464,18666786,411620871
2021-12-14,13514583,388913064,86400,532164,19615565,408528629
2021-12-15,10977332,384063368,145224,613588,22168935,406232303
2021-12-16,27478429,395600367,105800,646691,23461950,419062317
2021-12-17,12906601,399444436,102700,689664,24276173,423720609
2021-12-20,9088686,401612056,80320,719817,25193595,426805651
2021-12-21,15005906,395408725,82400,740997,26838912,422247637
2021-12-22,12681672,395341767,128182,851779,30962166,426303933
2021-12-23,10965803,388038665,81308,900095,32718453,420757118
2021-12-24,19375757,379006043,132200,986641,36703046,415709089
2021-12-27,28901552,371150933,149865,1091204,42426010,413576943
2021-12-28,25338599,375090694,71048,1090552,42095308,417186002
2021-12-29,21852438,368777828,108959,1106452,41160013,409937841
2021-12-30,20707410,378440314,108718,1135270,42152574,420592888
2021-12-31,10547974,372785356,52600,1150953,43506025,416291381
