日期,融资买入额(元),融资余额(元),融券卖出量,融券余量,融券余额(元),融资融券余额(元)
2017-07-12,33998636,962722159,29800,86797,1121417,963843576
2017-07-13,20404760,949531172,0,56997,723862,950255034
2017-07-14,27320101,948025087,31900,88797,1141041,949166128
2017-07-17,37666623,939470421,0,58997,700294,940170715
2017-07-18,24022371,937427025,29800,80497,973209,938400234
2017-07-19,22581721,936626082,1000,51297,621720,937247802
2017-07-20,31404397,934338290,37100,88397,1063416,935401706
2017-07-21,15073705,927112875,0,64097,770446,927883321
2017-07-24,36101128,939499268,24400,82997,1022523,940521791
2017-07-25,25907906,937632524,5900,56497,711862,938344386
2017-07-26,20529322,928241153,24300,75297,934436,929175589
2017-07-27,57400706,949767977,8100,59000,761690,950529667
2017-07-28,25546824,927588747,30000,36200,458654,928047401
2017-07-31,21195568,920596961,2800,11800,150450,920747411
2017-08-01,31240291,922352306,27200,36200,459740,922812046
2017-08-02,24460216,914948232,2800,11800,144786,915093018
2017-08-03,37893677,916134040,27200,36200,452862,916586902
2017-08-04,33960715,911249833,2800,11898,150629,911400462
2017-08-07,23054720,914850027,27100,36198,458991,915309018
2017-08-08,33198973,914052442,2800,11898,150391,914202833
2017-08-09,19777823,906717674,27049,36147,457260,907174934
2017-08-10,41894801,901889266,2800,11947,153399,902042665
2017-08-11,27817341,897029089,27000,34447,434377,897463466
2017-08-14,46671100,905243483,3900,11347,147057,905390540
2017-08-15,36039473,913158127,27000,35547,458912,913617039
2017-08-16,99847910,944397385,2900,11447,152016,944549401
2017-08-17,114213731,971434015,27200,35847,479991,971914006
2017-08-18,53705576,946705209,2800,11647,154090,946859299
2017-08-21,51213443,951453761,27000,35847,482501,951936262
2017-08-22,42511148,953942764,2800,11647,152692,954095456
2017-08-23,28961339,952476039,27000,35847,467445,952943484
2017-08-24,31217676,945972454,2800,11647,148965,946121419
2017-08-25,25403922,943188540,27000,34747,452406,943640946
2017-08-28,53106279,949866637,3800,11547,154037,950020674
2017-08-29,42858348,950761473,27000,34947,457806,951219279
2017-08-30,51129810,945336487,2800,10747,143687,945480174
2017-08-31,32769379,941022569,15800,23747,317735,941340304
2017-09-01,67351289,932034079,14800,22747,313454,932347533
2017-09-04,98907408,910210595,4900,18747,284205,910494800
2017-09-05,443070067,1057499658,20200,29347,475715,1057975373
2017-09-06,473605818,1138561484,59600,67947,1211495,1139772979
2017-09-07,510336969,1175986503,50200,108547,1836615,1177823118
2017-09-08,364029957,1264408587,19600,92547,1554790,1265963377
2017-09-11,263297276,1317744161,30200,94647,1581551,1319325712
2017-09-12,331484887,1259350463,48100,123247,2075479,1261425942
2017-09-13,285782575,1287753361,25700,109647,1776281,1289529642
2017-09-14,206676034,1223422451,33200,118347,1929056,1225351507
2017-09-15,200339605,1250286164,25600,110747,1811821,1252097985
2017-09-18,197359142,1227549074,23200,113347,1889494,1229438568
2017-09-19,205734524,1203047937,25600,124947,2005399,1205053336
2017-09-20,346551750,1282635588,24000,119147,2033839,1284669427
2017-09-21,247242603,1244227043,29800,114947,1931110,1246158153
2017-09-22,180661017,1225483578,14000,99147,1586352,1227069930
2017-09-25,128221703,1220433465,29800,115947,1851674,1222285139
2017-09-26,133396167,1234965555,1700,86647,1371622,1236337177
2017-09-27,97722931,1207525576,20100,106747,1697277,1209222853
2017-09-28,138764347,1233220546,23800,120547,1888971,1235109517
2017-09-29,99009222,1211262627,7400,85847,1380420,1212643047
2017-10-09,167144838,1255075888,38400,122847,1991350,1257067238
2017-10-10,137818083,1236400443,6100,99847,1675433,1238075876
2017-10-11,145085018,1226195289,29099,114046,1798505,1227993794
2017-10-12,76446150,1223138080,1400,81346,1285267,1224423347
2017-10-13,49220808,1214413629,13000,92946,1472265,1215885894
2017-10-16,90760584,1210643782,40200,121346,1907559,1212551341
2017-10-17,92067514,1183415436,23400,91546,1360374,1184775810
2017-10-18,65347423,1185664422,47326,125472,1826872,1187491294
2017-10-19,47178918,1185199336,3500,101649,1497290,1186696626
2017-10-20,40710582,1173948280,19900,103149,1547235,1175495515
2017-10-23,44131919,1179277267,7600,95751,1439138,1180716405
2017-10-24,40662223,1174648407,20300,108451,1603990,1176252397
2017-10-25,58899362,1192759394,12600,100751,1509250,1194268644
2017-10-26,58560391,1199044537,15000,93151,1412169,1200456706
2017-10-27,35452211,1195641578,32900,126051,1876899,1197518477
2017-10-30,46992369,1178944176,0,58151,836211,1179780387
2017-10-31,36096854,1165603507,43700,101851,1491099,1167094606
2017-11-01,88139215,1173952817,45000,103751,1571828,1175524645
2017-11-02,56272179,1162928984,42900,130651,1972830,1164901814
2017-11-03,99063177,1143218268,16300,94051,1451207,1144669475
2017-11-06,98455867,1149845061,42300,126300,1952598,1151797659
2017-11-07,114487338,1169206546,13700,137700,2192184,1171398730
2017-11-08,94513957,1157963914,2300,125500,1956545,1159920459
2017-11-09,97091462,1170768023,20700,118900,1902400,1172670423
2017-11-10,111235317,1157586360,27300,105500,1675340,1159261700
2017-11-13,153776099,1181642362,37000,120200,1978492,1183620854
2017-11-14,117836437,1186599963,10000,93200,1493064,1188093027
2017-11-15,79863956,1172042366,52200,135400,2112240,1174154606
2017-11-16,75483583,1175184990,0,135400,2125780,1177310770
2017-11-17,106408485,1144520377,10000,114400,1616472,1146136849
2017-11-20,75337169,1151018033,31000,115400,1637526,1152655559
2017-11-21,63160578,1147733856,28926,103326,1421766,1149155622
2017-11-22,90657206,1148696690,52600,135500,1952555,1150649245
2017-11-23,63883374,1141254584,20500,104400,1477260,1142731844
2017-11-24,53231460,1133094242,24000,107900,1503047,1134597289
2017-11-27,46873877,1127607175,37000,130900,1751442,1129358617
2017-11-28,75560852,1136058027,24000,107900,1525706,1137583733
2017-11-29,82832107,1117906988,48100,123000,1719540,1119626528
2017-11-30,73251899,1139577124,15428,91428,1297363,1140874487
2017-12-01,103048256,1152780115,61700,142928,2071027,1154851142
2017-12-04,51782515,1122441036,3700,89628,1245829,1123686865
2017-12-05,57915585,1110800866,56300,124900,1659921,1112460787
2017-12-06,65812150,1125918997,30000,94900,1343784,1127262781
2017-12-07,95813425,1148195346,59954,134854,1908184,1150103530
2017-12-08,91488679,1142992270,20000,95400,1373760,1144366030
2017-12-11,72381910,1134199899,0,75400,1107626,1135307525
2017-12-12,74488258,1130486223,59900,130300,1910198,1132396421
2017-12-13,83207533,1142571550,25700,106500,1600695,1144172245
2017-12-14,61372543,1131512383,36974,110274,1632055,1133144438
2017-12-15,82816276,1119520477,22800,86100,1292361,1120812838
2017-12-18,74636071,1132153357,49700,113300,1597530,1133750887
2017-12-19,39433532,1125681456,10000,60800,877344,1126558800
2017-12-20,69078469,1124207554,94600,145400,2135926,1126343480
2017-12-21,78718413,1126700333,10600,96400,1430576,1128130909
2017-12-22,43768523,1123924846,0,95900,1427951,1125352797
2017-12-25,55387933,1114690639,22800,108600,1543206,1116233845
2017-12-26,43001201,1116132748,10000,73600,1060576,1117193324
2017-12-27,46922962,1104684985,65020,116120,1614068,1106299053
2017-12-28,27959177,1096754255,10000,78800,1096896,1097851151
2017-12-29,29787299,1084629520,66500,125300,1786778,1086416298
2018-01-02,40550940,1095066024,0,48300,698901,1095764925
2018-01-03,61451054,1099854274,55000,103300,1515411,1101369685
2018-01-04,59946970,1085523839,27000,85300,1260734,1086784573
2018-01-05,43159307,1073692102,5800,81100,1183249,1074875351
2018-01-08,70242543,1092757877,25000,80300,1195667,1093953544
2018-01-09,95774442,1104198357,43200,66500,1010135,1105208492
2018-01-10,62742429,1092055826,45900,69200,1055992,1093111818
2018-01-11,72868526,1099718302,48500,71800,1084898,1100803200
2018-01-12,38118516,1095125627,4100,72400,1080208,1096205835
2018-01-15,42037870,1078577927,10700,34000,486200,1079064127
2018-01-16,37563164,1072974365,15000,43500,619005,1073593370
2018-01-17,48631856,1072040814,87000,115500,1703625,1073744439
2018-01-18,45718755,1080637552,10000,38500,563255,1081200807
2018-01-19,44887740,1073642132,92000,120500,1780990,1075423122
2018-01-22,151778078,1079513729,30000,93300,1464810,1080978539
2018-01-23,76257698,1064640980,42000,100300,1581731,1066222711
2018-01-24,177071808,1098230871,40000,68300,1111924,1099342795
2018-01-25,116797732,1106266435,20000,78300,1249668,1107516103
2018-01-26,75168924,1082054339,42400,115700,1810705,1083865044
2018-01-29,61935299,1074952247,5000,80700,1268604,1076220851
2018-01-30,141918368,1087351451,75300,113800,1834456,1089185907
2018-01-31,113848527,1062980387,47100,105900,1536609,1064516996
2018-02-01,55704090,1064269519,5000,53500,761305,1065030824
2018-02-02,36114289,1060667944,47400,90900,1314414,1061982358
2018-02-05,50023160,1048826735,60100,109100,1461940,1050288675
2018-02-06,52697449,1005466389,41900,94800,1143288,1006609677
2018-02-07,42243834,995390818,61200,102000,1251540,996642358
2018-02-08,28519346,993051625,41977,82577,1034690,994086315
2018-02-09,26928619,985093332,7947,48547,587904,985681236
2018-02-12,29453410,983647490,90300,133800,1685880,985333370
2018-02-13,25794354,972016635,11700,104600,1299132,973315767
2018-02-14,12162776,959457859,5000,98100,1214478,960672337
2018-02-22,31726486,964430327,40200,133300,1700908,966131235
2018-02-23,29484614,969398639,5000,98300,1250376,970649015
2018-02-26,61890174,980081910,6000,89300,1189476,981271386
2018-02-27,40601382,980552716,6700,54000,717120,981269836
2018-02-28,51817214,976534321,92000,141000,1903500,978437821
2018-03-01,55496191,977876103,10000,54000,743580,978619683
2018-03-02,63095153,967836330,57800,96400,1341888,969178218
2018-03-05,58825185,979836393,36200,110600,1547294,981383687
2018-03-06,73394127,979918406,22000,102600,1431270,981349676
2018-03-07,51782283,978964358,45000,121000,1657700,980622058
2018-03-08,30884868,975150224,30000,120000,1658400,976808624
2018-03-09,73095702,982868508,5000,43000,618340,983486848
2018-03-12,73857179,978831798,117000,155000,2294000,981125798
2018-03-13,50617234,978514410,5000,109000,1587040,980101450
2018-03-14,53930785,991605462,25000,63000,899640,992505102
2018-03-15,71043662,1004073441,72800,120800,1744352,1005817793
2018-03-16,0,991108883,0,70800,1022352,992131235
2018-03-19,0,981812127,0,70800,1022352,982834479
2018-03-20,0,976468841,0,60800,877952,977346793
2018-03-21,0,969066973,0,23800,343672,969410645
2018-03-22,0,965335649,0,23800,343672,965679321
2018-03-23,52158819,937236758,111932,134932,1754116,938990874
2018-03-26,49882144,945794361,0,43000,592540,946386901
2018-03-27,73984451,956522266,83000,126000,1830780,958353046
2018-03-28,85571968,976745709,0,54000,787320,977533029
2018-03-29,75575545,998761889,0,54000,787320,999549209
2018-03-30,94353540,1009504612,71600,112200,1680756,1011185368
2018-04-02,185593021,1060280416,18800,91000,1429610,1061710026
2018-04-03,107478544,1050332579,11800,67800,1043442,1051376021
2018-04-04,83748391,1020951263,30000,84400,1243212,1022194475
2018-04-09,188492611,1081948720,74900,117300,1836918,1083785638
2018-04-10,117226462,1083365161,5000,23900,363041,1083728202
2018-04-11,87673572,1092766882,59900,78800,1182788,1093949670
2018-04-12,59068403,1084863174,35400,83200,1234688,1086097862
2018-04-13,51962512,1080192468,22600,70400,1055296,1081247764
2018-04-16,95929296,1092878569,57700,113600,1747168,1094625737
2018-04-17,90716947,1084414630,58100,160400,2364296,1086778926
2018-04-18,198137490,1084777867,13900,110100,1748388,1086526255
2018-04-19,220683359,1136372559,59700,157000,2483740,1138856299
2018-04-20,212805169,1153188222,24600,121900,1913830,1155102052
2018-04-23,130566796,1144297431,57500,153400,2348554,1146645985
2018-04-24,188536337,1160572087,26800,122700,1987740,1162559827
2018-04-25,163585631,1155130687,35300,115500,1869945,1157000632
2018-04-26,139505091,1163816261,65100,145300,2278304,1166094565
2018-04-27,89836955,1139235058,91600,189400,2911078,1142146136
2018-05-02,95268949,1150688777,73800,213000,3180090,1153868867
2018-05-03,84169097,1139813065,75900,247900,3750727,1143563792
2018-05-04,65087620,1122759643,55000,272600,4031754,1126791397
2018-05-07,79143506,1142716817,29000,243000,3669300,1146386117
2018-05-08,53255681,1137670067,12500,207500,3143625,1140813692
2018-05-09,59435805,1132428221,96400,246700,3735038,1136163259
2018-05-10,60939732,1124868391,44400,195300,2906064,1127774455
2018-05-11,56992625,1113424300,59500,197500,2871650,1116295950
2018-05-14,45414253,1117125204,29818,214818,3097676,1120222880
2018-05-15,38366982,1108186774,12500,202518,2981065,1111167839
2018-05-16,38977638,1098673556,12300,189800,2729324,1101402880
2018-05-17,59258962,1083139365,43700,218700,3050865,1086190230
2018-05-18,40132202,1085454146,5800,194400,2737152,1088191298
2018-05-21,44480468,1082339042,74100,249100,3579567,1085918609
2018-05-22,37179722,1084537164,4000,208700,2984410,1087521574
2018-05-23,43377109,1091579792,12300,158600,2267980,1093847772
2018-05-24,34954582,1093159051,1200,118200,1687896,1094846947
2018-05-25,43541493,1072881695,101650,174250,2350633,1075232328
2018-05-28,30219002,1064917162,11688,86688,1180691,1066097853
2018-05-29,24622612,1062140022,51800,133588,1800766,1063940788
2018-05-30,30061474,1055485709,18600,73588,975041,1056460750
2018-05-31,32306458,1056638206,17800,67788,899547,1057537753
2018-06-01,16748656,1047378476,50400,101888,1328620,1048707096
2018-06-04,18813117,1050415208,25900,83288,1097736,1051512944
2018-06-05,30050460,1044357993,12200,67188,900319,1045258312
2018-06-06,21362485,1035613040,4600,61488,815331,1036428371
2018-06-07,19775230,1032343257,9200,61488,799344,1033142601
2018-06-08,14099986,1024502267,26500,73788,945962,1025448229
2018-06-11,11693489,1022427340,16800,64088,808791,1023236131
2018-06-12,20031019,1022653959,47000,94288,1207829,1023861788
2018-06-13,18117465,1019182369,48800,130088,1643011,1020825380
2018-06-14,20965685,1021367971,16300,100588,1281491,1022649462
2018-06-15,29144495,1012358120,99740,177928,2293492,1014651612
2018-06-19,57826383,998615780,20500,157688,1903294,1000519074
2018-06-20,31589664,995565463,45600,89088,1086874,996652337
2018-06-21,50643004,960200773,115300,154888,1700670,961901443
2018-06-22,25944003,947854464,38241,123629,1356210,949210674
2018-06-25,13228895,940349049,19900,107788,1163033,941512082
2018-06-26,23344654,941643306,36500,121888,1351738,942995044
2018-06-27,17380074,934559633,19900,109288,1215283,935774916
2018-06-28,24633312,931888524,35900,130288,1447500,933336024
2018-06-29,28577080,934485927,17900,69688,808381,935294308
2018-07-02,27507195,928232833,95700,147475,1673841,929906674
2018-07-03,40161273,936569797,24200,106275,1245543,937815340
2018-07-04,21604182,923570157,41600,125575,1416486,924986643
2018-07-05,18733789,923315591,22200,122175,1356143,924671734
2018-07-06,37589338,930227668,40800,105775,1196315,931423983
2018-07-09,40052499,943908923,28200,81059,937853,944846776
2018-07-10,23989760,947400733,20300,81659,944795,948345528
2018-07-11,24005957,930010910,83000,133059,1475624,931486534
2018-07-12,51789870,947842535,49300,99359,1144616,948987151
2018-07-13,19621573,936383055,25100,87459,1004029,937387084
2018-07-16,29922500,937942366,73200,135559,1579262,939521628
2018-07-17,21585681,934778265,40990,132849,1537063,936315328
2018-07-18,27099746,939102492,24261,119810,1356249,940458741
2018-07-19,18986706,928167986,37500,121520,1364670,929532656
2018-07-20,24133412,933831615,20900,104920,1193990,935025605
2018-07-23,45245910,927216939,63200,137155,1639002,928855941
2018-07-24,52328254,934913763,33500,119755,1445443,936359206
2018-07-25,39417708,933002679,43000,89955,1077661,934080340
2018-07-26,27863447,939426523,39300,91755,1083627,940510150
2018-07-27,21680626,940373128,35832,89287,1048229,941421357
2018-07-30,24551822,942099363,34900,85987,989710,943089073
2018-07-31,17009180,939740470,31300,81387,943275,940683745
2018-08-01,23768889,937966581,38200,84087,953547,938920128
2018-08-02,33648660,921627729,37400,84287,912828,922540557
2018-08-03,19930251,914151410,45300,92187,965198,915116608
2018-08-06,14243191,911145374,37400,92187,956901,912102275
2018-08-07,22908163,915019371,37400,85687,916851,915936222
2018-08-08,13986369,906398806,41500,89787,935581,907334387
2018-08-09,27708821,908646149,77400,124387,1342136,909988285
2018-08-10,17722545,907177451,38900,122887,1334553,908512004
2018-08-13,23000891,908259943,50100,97087,1074753,909334696
2018-08-14,24555035,908101131,67796,114783,1261465,909362596
2018-08-15,20352160,905221918,50175,123358,1313762,906535680
2018-08-16,20328273,904733142,47500,120758,1280035,906013177
2018-08-17,18664476,899085322,43700,122058,1268182,900353504
2018-08-20,20055090,902552826,70200,141358,1504049,904056875
2018-08-21,16744336,900041123,43200,134358,1436287,901477410
2018-08-22,10860508,896856288,48200,132262,1388751,898245039
2018-08-23,24459502,907924058,44800,99662,1070370,908994428
2018-08-24,8248067,898562551,29387,80749,862399,899424950
2018-08-27,22963161,897643285,87900,135049,1477436,899120721
2018-08-28,14546440,893934705,26700,122549,1333333,895268038
2018-08-29,10223992,892806216,22900,122749,1334282,894140498
2018-08-30,18937382,890596113,45000,144949,1517616,892113729
2018-08-31,11291051,888605369,44300,144349,1505560,890110929
2018-09-03,16412613,887604271,59700,112843,1196136,888800407
2018-09-04,20526654,888127354,75400,130243,1397507,889524861
2018-09-05,15177566,884796312,44900,136743,1434434,886230746
2018-09-06,19960974,883029644,38200,130043,1391460,884421104
2018-09-07,20738429,880583355,44900,129035,1361319,881944674
2018-09-10,15481147,875808021,68000,152135,1547213,877355234
2018-09-11,12053449,877823371,37900,129474,1337466,879160837
2018-09-12,10240808,874777278,42500,126674,1313609,876090887
2018-09-13,14032014,873601554,42500,89674,945164,874546718
2018-09-14,16079697,874080918,34100,48474,505099,874586017
2018-09-17,11705123,873401011,39700,54074,552636,873953647
2018-09-18,15998550,874990111,89700,104074,1080288,876070399
2018-09-19,26089334,875570653,38700,60674,646785,876217438
2018-09-20,16715666,876039484,31000,53074,557808,876597292
2018-09-21,19121462,874126736,42100,64174,678961,874805697
2018-09-25,13595023,871991442,33800,55843,588585,872580027
2018-09-26,19680654,871976801,82000,101343,1076263,873053064
2018-09-27,22732917,864131333,35500,91812,943827,865075160
2018-09-28,13826601,852218996,39700,98712,1018708,853237704
2018-10-08,30885071,842406618,34100,77972,728258,843134876
2018-10-09,13233529,831906796,13300,82272,761839,832668635
2018-10-10,8829212,827944631,14200,68072,637154,828581785
2018-10-11,22677048,806858769,27450,75822,638421,807497190
2018-10-12,18012865,789873544,17400,75722,627735,790501279
2018-10-15,10969319,782247815,30600,88922,714933,782962748
2018-10-16,11326527,766400504,18600,92322,723804,767124308
2018-10-17,13533580,764085750,17500,89622,722353,764808103
2018-10-18,11952568,757440488,20100,81022,640884,758081372
2018-10-19,14512671,755253982,17500,39422,320501,755574483
2018-10-22,27761464,755023349,27700,41788,359377,755382726
2018-10-23,23518191,749138814,62300,96588,844179,749982993
2018-10-24,20092856,752244913,38800,113588,992759,753237672
2018-10-25,14269468,751406294,24300,95088,815855,752222149
2018-10-26,8629427,748097629,7900,95488,818332,748915961
2018-10-29,11495187,750178739,17900,105488,899813,751078552
2018-10-30,13250788,746789335,18400,114388,982593,747771928
2018-10-31,15246780,749262414,7500,114388,990600,750253014
2018-11-01,23248433,744948589,9420,116308,1021184,745969773
2018-11-02,30485946,750938029,2800,109208,991609,751929638
2018-11-05,28613148,757455982,7500,76908,702939,758158921
2018-11-06,0,752538383,0,76908,702939,753241322
2018-11-07,0,749877300,0,76908,702939,750580239
2018-11-08,0,745513066,0,76908,702939,746216005
2018-11-09,0,743290197,0,76908,702939,743993136
2018-11-12,0,740641437,0,76908,702939,741344376
2018-11-13,0,736872510,0,76908,702939,737575449
2018-11-14,0,731518329,0,76908,702939,732221268
2018-11-15,0,727929904,0,76908,702939,728632843
2018-11-16,0,723345113,0,76908,702939,724048052
2018-11-19,0,721235439,0,76908,702939,721938378
2018-11-20,746715,715544098,0,76908,772925,716317023
2018-11-21,46878701,724410806,11200,88108,894296,725305102
2018-11-22,32721578,731872197,600,88108,866983,732739180
2018-11-23,25242909,728874393,1200,67608,624022,729498415
2018-11-26,21107061,734144394,0,67208,630411,734774805
2018-11-27,15010035,729462588,10100,77308,724376,730186964
2018-11-28,15811941,723994847,1200,77608,730291,724725138
2018-11-29,20022532,723186101,200,77208,697960,723884061
2018-11-30,13298768,721480229,700,77608,710889,722191118
2018-12-03,23552404,722106303,0,74608,705046,722811349
2018-12-04,16310434,721650725,0,70200,669708,722320433
2018-12-05,18745609,727694677,4000,73800,693720,728388397
2018-12-06,12420921,723163388,3600,73400,667940,723831328
2018-12-07,10002985,723257142,100,69900,637488,723894630
2018-12-10,7402146,722576298,5000,73800,670104,723246402
2018-12-11,9944382,725318594,0,70100,642116,725960710
2018-12-12,11755743,727396562,1800,70600,638930,728035492
2018-12-13,13561532,729366939,4400,74400,680016,730046955
2018-12-14,15400087,730565664,0,72900,650268,731215932
2018-12-17,13812128,725910247,3100,72900,666306,726576553
2018-12-18,10593351,724599143,4800,74800,674696,725273839
2018-12-19,8632323,723704890,700,70900,625338,724330228
2018-12-20,9825457,725711757,4200,72400,640740,726352497
2018-12-21,7342516,723768665,3000,71400,624750,724393415
2018-12-24,8454766,723569328,0,68900,610454,724179782
2018-12-25,16711675,726987913,6000,73200,620004,727607917
2018-12-26,10574625,727156995,3200,70200,575640,727732635
2018-12-27,15223972,727001615,5000,73200,577548,727579163
2018-12-28,7315142,717210939,300,70000,571200,717782139
2019-01-02,12192987,719484880,3900,72100,594825,720079705
2019-01-03,18907986,720560561,1100,69000,565800,721126361
2019-01-04,22660668,724495076,4900,72800,622440,725117516
2019-01-07,27458748,732031733,100,68000,595680,732627413
2019-01-08,17253456,730690759,3400,71300,621736,731312495
2019-01-09,23037317,730118098,2700,60600,526614,730644712
2019-01-10,10450224,723734793,1900,59800,515476,724250269
2019-01-11,22621072,726568182,2300,59600,534016,727102198
2019-01-14,12802997,723408470,2500,60700,531732,723940202
2019-01-15,17914711,724813086,3000,61200,547740,725360826
2019-01-16,18060990,725445880,400,58600,518024,725963904
2019-01-17,8371477,717430764,3300,60900,528003,717958767
2019-01-18,12062583,707490206,1200,59200,523920,708014126
2019-01-21,12400514,705738285,500,58700,521256,706259541
2019-01-22,6299228,695924637,3500,61700,544811,696469448
2019-01-23,0,692316410,0,61700,544811,692861221
2019-01-24,28899158,697439909,6200,63200,536568,697976477
2019-01-25,23330647,695843260,1200,58400,506912,696350172
2019-01-28,12240351,689314936,11100,69300,586278,689901214
2019-01-29,16233167,688635453,16500,73500,601965,689237418
2019-01-30,9544741,680629689,0,58500,466245,681095934
2019-01-31,10682471,675774106,2500,59500,478380,676252486
2019-02-01,9390277,668409659,0,57000,475380,668885039
2019-02-11,15096666,671657162,2000,58000,497640,672154802
2019-02-12,15304552,673073029,800,56800,494160,673567189
2019-02-13,35153745,683442006,3700,59700,534315,683976321
2019-02-14,32207038,687816627,1300,1500,13515,687830142
2019-02-15,27258476,691962122,3700,3900,35022,691997144
2019-02-18,40534578,692582393,5700,6300,62244,692644637
2019-02-19,120627768,716172125,4300,4900,50470,716222595
2019-02-20,79312016,731980650,6200,6400,65472,732046122
2019-02-21,81453393,734708916,5200,5400,54324,734763240
2019-02-22,59243626,746295069,3700,3900,40053,746335122
2019-02-25,129038884,768696029,6200,6400,68864,768764893
2019-02-26,109889388,786426341,6200,6400,66496,786492837
2019-02-27,72252040,793053758,6200,6400,66944,793120702
2019-02-28,48217406,777237141,3700,3900,41652,777278793
2019-03-01,41824842,774329231,6200,6400,67904,774397135
2019-03-04,86596821,769060873,6200,6400,68352,769129225
2019-03-05,96271893,780505888,6200,6400,71360,780577248
2019-03-06,113386381,803217517,6200,6200,70370,803287887
2019-03-07,117312869,822924146,6200,6200,70866,822995012
2019-03-08,238378758,871874223,6200,6200,74338,871948561
2019-03-11,166119208,876691014,11200,11200,138880,876829894
2019-03-12,191588213,893240016,6000,6000,76560,893316576
2019-03-13,111636204,868219660,11200,11200,133280,868352940
2019-03-14,56874892,839260578,6200,6200,70556,839331134
2019-03-15,49830101,839563351,1900,1900,21451,839584802
2019-03-18,48771281,844949234,4900,5500,63415,845012649
2019-03-19,57850330,857339908,2800,2800,32480,857372388
2019-03-20,52678718,852104834,13000,13000,148200,852253034
2019-03-21,76114061,861925655,1200,2200,25674,861951329
2019-03-22,56007981,858122730,8500,8500,97750,858220480
2019-03-25,69136500,859379809,2800,4000,46480,859426289
2019-03-26,52460688,855969820,27300,27300,301392,856271212
2019-03-27,27826461,848638410,4600,4600,52026,848690436
2019-03-28,51714934,852297146,25000,25000,285250,852582396
2019-03-29,52786172,849011260,5000,5000,59000,849070260
2019-04-01,105292644,880625541,23800,23800,290598,880916139
2019-04-02,96378336,898930530,6200,6200,74896,899005426
2019-04-03,45089730,896588551,22336,22336,269149,896857700
2019-04-04,71107507,893643022,10500,10500,126105,893769127
2019-04-08,73776754,892286976,28900,28900,337841,892624817
2019-04-09,41906482,880685709,1200,4200,50106,880735815
2019-04-10,53990023,866352390,27300,29000,338720,866691110
2019-04-11,27514893,857537362,3800,5500,62755,857600117
2019-04-12,22411531,851505524,25700,25700,300176,851805700
2019-04-15,48684003,862990110,1200,1200,14028,863004138
2019-04-16,50149038,862374555,25400,25400,305054,862679609
2019-04-17,52710109,865495208,3300,3300,39204,865534412
2019-04-18,33237896,867854872,24700,24700,293189,868148061
2019-04-19,42342504,845778501,12200,13900,164437,845942938
2019-04-22,27323397,843884826,22300,25000,291500,844176326
2019-04-23,27284214,833972228,12400,22300,251990,834224218
2019-04-24,26701596,814149437,20100,23000,261280,814410717
2019-04-25,42612183,796014709,19400,23300,245582,796260291
2019-04-26,26982817,798686465,19100,21800,224976,798911441
2019-04-29,31914924,800333617,19350,29950,291114,800624731
2019-04-30,12861958,786768346,11200,12900,126678,786895024
2019-05-06,31186315,773884697,27300,29000,256360,774141057
2019-05-07,13955338,756536735,11200,12900,118422,756655157
2019-05-08,24697568,759504795,27300,29000,269120,759773915
2019-05-09,15505934,756628474,11200,12900,120873,756749347
2019-05-10,33387915,762710292,29500,31200,312624,763022916
2019-05-13,27415057,762084220,2300,4000,39720,762123940
2019-05-14,36055184,762083142,28500,30200,309248,762392390
2019-05-15,26001781,762834653,10707,12407,127792,762962445
2019-05-16,31830693,768362693,29000,33500,346390,768709083
2019-05-17,27010114,757916120,11200,13400,135340,758051460
2019-05-20,31473665,765330100,31900,34100,358050,765688150
2019-05-21,43721572,777032467,9050,27350,289637,777322104
2019-05-22,27163918,775757450,15800,18600,193440,775950890
2019-05-23,43531702,766244665,26700,29500,312995,766557660
2019-05-24,28061369,765771409,15800,34100,338954,766110363
2019-05-27,55296751,777806871,4300,7600,83068,777889939
2019-05-28,73766499,783335056,30721,34021,375252,783710308
2019-05-29,99335710,794965974,12300,14521,167863,795133837
2019-05-30,57205070,795953117,31200,33921,393823,796346940
2019-05-31,61902708,800344665,11300,15121,170867,800515532
2019-06-03,37592647,786593963,26800,31921,363261,786957224
2019-06-04,44060115,787616081,11200,14621,164340,787780421
2019-06-05,33741815,784706269,30100,34521,391468,785097737
2019-06-06,25203226,771909540,11300,14721,160459,772069999
2019-06-10,42929444,781265761,29600,33121,370624,781636385
2019-06-11,62413464,793452872,11200,12921,149625,793602497
2019-06-12,85027750,829853083,31200,32521,364886,830217969
2019-06-13,52334540,821447505,1300,4821,52163,821499668
2019-06-14,80762740,812525771,52000,52121,515998,813041769
2019-06-17,20090414,812243540,6400,26521,260436,812503976
2019-06-18,15826898,813834318,27995,48116,470093,814304411
2019-06-19,41634347,822498072,4400,4521,44667,822542739
2019-06-20,34058214,818106966,30147,30268,305707,818412673
2019-06-21,49220170,824322718,9000,19221,196439,824519157
2019-06-24,25280655,827542981,10700,11721,118968,827661949
2019-06-25,23674333,813900064,21300,21921,217237,814117301
2019-06-26,17744004,815120214,12961,13082,129250,815249464
2019-06-27,40636345,823792566,22000,22121,225413,824017979
2019-06-28,25767999,822164037,11100,11721,116976,822281013
2019-07-01,65777286,839592906,21700,22021,228578,839821484
2019-07-02,30513937,843982860,11100,17800,182984,844165844
2019-07-03,17938688,844273071,17800,23421,240065,844513136
2019-07-04,20521963,846641563,7100,12021,123816,846765379
2019-07-05,26377912,835537935,15100,16521,172479,835710414
2019-07-08,28117162,839936825,17500,18921,186750,840123575
2019-07-09,12219682,833801062,12500,14021,138948,833940010
2019-07-10,12561318,832660745,13000,14521,145355,832806100
2019-07-11,29441112,838779446,17100,18521,188173,838967619
2019-07-12,20376931,828721512,11200,12621,129996,828851508
2019-07-15,41916922,846959081,23900,25321,268909,847227990
2019-07-16,21906868,833253706,34600,36721,388875,833642581
2019-07-17,27444115,813429642,21000,23221,247304,813676946
2019-07-18,30732975,815491047,28500,30821,332559,815823606
2019-07-19,38412871,817320615,21300,23521,258731,817579346
2019-07-22,34866906,811410916,38000,40221,435996,811846912
2019-07-23,37363832,819104507,15900,18121,199331,819303838
2019-07-24,60228780,836362237,33943,36164,407207,836769444
2019-07-25,22217580,818830984,18400,22464,251148,819082132
2019-07-26,17593474,807556744,33900,38921,428909,807985653
2019-07-29,28069290,812025409,15000,18421,204842,812230251
2019-07-30,25665490,803551050,36700,40021,454639,804005689
2019-07-31,30910729,800858636,11600,15421,175337,801033973
2019-08-01,29480113,797168295,38300,40521,448567,797616862
2019-08-02,66158958,801960866,21500,24521,277087,802237953
2019-08-05,47273340,812123688,29000,31221,341246,812464934
2019-08-06,36367231,788512077,18700,26421,282176,788794253
2019-08-07,17909375,787011683,22600,25321,266377,787278060
2019-08-08,61109946,804954351,29300,31521,346731,805301082
2019-08-09,28528432,806064360,22800,31721,339732,806404092
2019-08-12,32671132,816120282,15400,21221,234916,816355198
2019-08-13,19137408,808949397,27460,29681,325007,809274404
2019-08-14,33165896,812599166,17400,17742,193565,812792731
2019-08-15,36605437,812905782,31300,31581,349917,813255699
2019-08-16,51214488,816673064,19500,22081,246866,816919930
2019-08-19,58102659,802057935,29000,31281,361296,802419231
2019-08-20,48451286,792884708,17400,19681,224167,793108875
2019-08-21,50052167,806388730,16100,20381,234178,806622908
2019-08-22,36043959,807486435,31900,34181,390005,807876440
2019-08-23,30935756,797444749,14600,18281,204747,797649496
2019-08-26,19463585,792002404,28200,29281,321213,792323617
2019-08-27,31323671,782243336,19700,21781,243512,782486848
2019-08-28,20878272,777559400,19600,22981,252791,777812191
2019-08-29,18826039,784477291,24300,25481,280546,784757837
2019-08-30,23117379,779306819,22600,23681,255992,779562811
2019-09-02,44571046,784633790,27000,28081,322370,784956160
2019-09-03,49210518,785128844,20600,23881,278691,785407535
2019-09-04,59584865,789257973,31800,34081,405905,789663878
2019-09-05,53327284,785183096,20600,28381,333761,785516857
2019-09-06,56733732,785295622,18100,31681,380806,785676428
2019-09-09,60936097,768204957,11500,13781,168955,768373912
2019-09-10,39889499,766638363,21400,23981,290170,766928533
2019-09-11,37202147,769104237,5400,7681,92479,769196716
2019-09-12,36068651,770768117,34800,38081,460399,771228516
2019-09-16,58393552,787566497,6200,8481,105588,787672085
2019-09-17,42760380,786756130,27100,29381,352572,787108702
2019-09-18,21179082,783415960,6477,8758,105534,783521494
2019-09-19,70652544,798887841,14228,16586,207491,799095332
2019-09-20,67234185,795737755,10700,16386,197615,795935370
2019-09-23,29931769,789982304,16500,19886,237638,790219942
2019-09-24,26536835,780200505,5499,21185,251678,780452183
2019-09-25,29642634,780402339,11200,13485,154673,780557012
2019-09-26,17813643,773024233,37100,39385,441112,773465345
2019-09-27,20309565,764873355,4800,36185,410338,765283693
2019-09-30,11540653,756698213,8100,11085,123598,756821811
2019-10-08,13445471,760836520,26600,30785,342637,761179157
2019-10-09,12863047,761158150,17400,20085,228567,761386717
2019-10-10,16654507,759631342,9400,15085,172120,759803462
2019-10-11,15588818,752931493,18750,21635,242961,753174454
2019-10-14,26508709,760368261,5600,25735,292350,760660611
2019-10-15,39396227,744187434,11100,16135,167481,744354915
2019-10-16,17093593,746043531,19800,22135,230204,746273735
2019-10-17,15495451,747186722,5600,20935,214165,747400887
2019-10-18,11813592,742451272,3300,5235,52507,742503779
2019-10-21,10345793,743242119,35500,37831,380580,743622699
2019-10-22,11579233,730520919,2400,4731,48209,730569128
2019-10-23,7728080,720355047,19600,24031,243674,720598721
2019-10-24,7204442,719578093,18200,20331,205750,719783843
2019-10-25,7868918,717137765,23000,24031,245116,717382881
2019-10-28,37474039,716076232,19600,20631,213118,716289350
2019-10-29,22026598,706760989,28900,34531,343929,707104918
2019-10-30,18191294,701172483,19300,31131,317225,701489708
2019-10-31,7407749,700255328,12100,34431,349475,700604803
2019-11-01,7549339,698347277,3400,15631,158811,698506088
2019-11-04,12753808,700311978,22100,33631,344718,700656696
2019-11-05,14622905,701693603,7300,31831,323721,702017324
2019-11-06,18896598,707057460,8700,26931,276851,707334311
2019-11-07,21498451,711362338,3700,19731,206584,711568922
2019-11-08,35263566,715152445,7400,19631,208089,715360534
2019-11-11,20224953,704497465,5200,22131,226400,704723865
2019-11-12,18604473,714291974,27400,42831,429595,714721569
2019-11-13,10171183,715349339,10500,26431,265367,715614706
2019-11-14,43724418,714362547,5100,30331,329091,714691638
2019-11-15,24958062,709312446,7300,27331,294901,709607347
2019-11-18,20132065,719570650,4000,21031,229238,719799888
2019-11-19,19102495,726673485,1900,18531,202729,726876214
2019-11-20,23999802,719005351,1100,8731,97700,719103051
2019-11-21,0,716312626,0,8731,97700,716410326
2019-11-22,0,711522731,0,8731,97700,711620431
2019-11-25,66998036,687470962,22100,30431,358173,687829135
2019-11-26,81116939,716726472,9700,27031,302747,717029219
2019-11-27,45348351,722761133,15200,24831,275127,723036260
2019-11-28,42335929,729774311,5000,19931,211069,729985380
2019-11-29,23178933,726937827,6000,23031,245971,727183798
2019-12-02,23935898,723840252,19400,28931,311008,724151260
2019-12-03,19340811,719947731,8800,18331,197425,720145156
2019-12-04,46678875,713990705,9500,23031,259790,714250495
2019-12-05,35290034,720279852,4700,22531,255276,720535128
2019-12-06,40091883,724315749,0,6131,69219,724384968
2019-12-09,43841862,733736365,1200,7331,83647,733820012
2019-12-10,42243550,729178783,0,7231,83663,729262446
2019-12-11,40478678,725150535,19700,26931,309168,725459703
2019-12-12,43279891,723305780,5200,12331,142300,723448080
2019-12-13,37354996,721027674,20500,27631,321072,721348746
2019-12-16,69629115,731024172,19400,26531,320760,731344932
2019-12-17,48406045,724849952,2400,26931,322903,725172855
2019-12-18,71929401,732924517,4500,12631,166603,733091120
2019-12-19,190747689,783656155,22700,30831,413135,784069290
2019-12-20,91065186,782456466,2500,14531,185997,782642463
2019-12-23,71721967,786369646,32400,42031,529591,786899237
2019-12-24,64696473,803014128,7500,14631,190642,803204770
2019-12-25,75901403,791877177,5100,13831,185197,792062374
2019-12-26,67723947,806476499,9200,17831,236082,806712581
2019-12-27,67455236,793832150,7100,19031,243597,794075747
2019-12-30,39130925,794367741,1600,8731,108614,794476355
2019-12-31,31391820,801559366,26300,33431,415213,801974579
2020-01-02,50308349,813125233,0,7131,90849,813216082
2020-01-03,77766206,831688162,14100,21231,273880,831962042
2020-01-06,85774184,847652179,0,9031,117493,847769672
2020-01-07,60979244,844588530,19200,26331,345463,844933993
2020-01-08,84686555,829226690,7600,22431,289584,829516274
2020-01-09,92987364,843757154,9500,21431,286104,844043258
2020-01-10,50786343,829524724,1400,20631,269028,829793752
2020-01-13,51726915,820356248,3600,10731,140147,820496395
2020-01-14,69202989,780924195,16300,24531,308600,781232795
2020-01-15,41489221,768367552,1600,5031,63944,768431496
2020-01-16,57753929,757124607,1900,5331,69570,757194177
2020-01-17,58130585,763883281,25000,28431,359084,764242365
2020-01-20,130777553,783671438,500,15031,202167,783873605
2020-01-21,88945603,784710500,4800,8231,106509,784817009
2020-01-22,124678933,802339532,18100,21531,285501,802625033
2020-01-23,124618641,747117772,21800,25231,332040,747449812
2020-02-03,5552960,733230682,0,25231,298735,733529417
2020-02-04,112082905,748349882,0,25231,268962,748618844
2020-02-05,103258966,740223197,0,25231,295960,740519157
2020-02-06,283450765,879372396,0,25231,325480,879697876
2020-02-07,167022622,869270135,0,25231,338095,869608230
2020-02-10,189734577,839360245,17900,27931,370644,839730889
2020-02-11,122608493,813268094,15400,16431,207852,813475946
2020-02-12,214060707,900059190,12700,23631,328944,900388134
2020-02-13,231734509,879030237,19700,20731,279247,879309484
2020-02-14,260404623,898500366,22600,26031,368859,898869225
2020-02-17,217944963,904921567,25500,28931,431072,905352639
2020-02-18,220449880,925098560,77800,89631,1359702,926458262
2020-02-19,171462547,896810040,21900,90531,1293688,898103728
2020-02-20,133884380,922567365,21000,92631,1343150,923910515
2020-02-21,183956809,923848193,18900,90531,1326279,925174472
2020-02-24,220737365,947153462,19500,91231,1402220,948555682
2020-02-25,218650381,948272570,20262,77693,1188703,949461273
2020-02-26,133883360,920257226,19600,76993,1084061,921341287
2020-02-27,63767349,908524858,20300,77693,1107902,909632760
2020-02-28,97635837,886044999,19600,76993,1004759,887049758
2020-03-02,86476970,916997366,18300,75693,1008231,918005597
2020-03-03,82861792,909353735,10100,67493,891583,910245318
2020-03-04,43825605,905012372,20400,77793,1033869,906046241
2020-03-05,54578225,903156981,65100,122493,1621807,904778788
2020-03-06,49412322,887624356,19900,137293,1805403,889429759
2020-03-09,75902220,881507185,32000,149393,1945097,883452282
2020-03-10,99075658,888427373,31700,149293,2027399,890454772
2020-03-11,116728702,904442321,10800,140193,1874380,906316701
2020-03-12,48559753,857671082,36200,165593,2124558,859795640
2020-03-13,49102196,856292911,8700,97993,1219033,857511944
2020-03-16,58775531,838392814,17300,104693,1202923,839595737
2020-03-17,37348668,827023225,16700,104093,1171046,828194271
2020-03-18,36814649,812040649,17700,105093,1156023,813196672
2020-03-19,29161801,805375966,49000,112393,1272289,806648255
2020-03-20,28571968,801738242,30900,134293,1537655,803275897
2020-03-23,26932312,791026081,9000,112457,1214536,792240617
2020-03-24,30303523,793320975,25300,128757,1427915,794748890
2020-03-25,25047228,788827060,14500,118757,1336016,790163076
2020-03-26,15926077,780430427,7500,110957,1214979,781645406
2020-03-27,11475744,774453382,32200,135657,1465096,775918478
2020-03-30,21545864,763436232,2600,52057,540352,763976584
2020-03-31,10630424,758574036,30400,79857,817736,759391772
2020-04-01,11446766,756818243,9500,58957,602541,757420784
2020-04-02,22930451,764267184,30400,79857,846484,765113668
2020-04-03,16932372,753555601,9500,58957,614332,754169933
2020-04-07,33235949,753643486,22900,78357,864278,754507764
2020-04-08,22884035,749882291,18800,68257,760383,750642674
2020-04-09,14462188,743284083,22200,85457,951991,744236074
2020-04-10,17044949,735104549,4900,61057,656973,735761522
2020-04-13,13609695,727931482,0,56157,598072,728529554
2020-04-14,15606854,728249089,37900,48057,522860,728771949
2020-04-15,23082967,732174005,100,12257,133846,732307851
2020-04-16,21129790,734065328,19500,29657,327710,734393038
2020-04-17,27816912,736256789,85405,97462,1064285,737321074
2020-04-20,33124103,741643541,13200,58862,656311,742299852
2020-04-21,26357852,742270509,26200,47462,527303,742797812
2020-04-22,16252771,737926403,43600,61362,675596,738601999
2020-04-23,15432281,735536481,53600,81162,874926,736411407
2020-04-24,16956160,734492590,12200,38462,400005,734892595
2020-04-27,10348162,730356241,55100,77162,797083,731153324
2020-04-28,16844061,721453512,14400,58662,582514,722036026
2020-04-29,11479409,720965396,27800,79462,788263,721753659
2020-04-30,17240608,716345395,20500,34562,360136,716705531
2020-05-06,19817320,716390000,28500,45562,491614,716881614
2020-05-07,16692745,711367898,14700,33762,363954,711731852
2020-05-08,17475639,711211667,23800,32962,363571,711575238
2020-05-11,39574944,719693961,17500,26662,282084,719976045
2020-05-12,11001500,713924366,28500,35262,368841,714293207
2020-05-13,11001103,715244231,20800,37062,384333,715628564
2020-05-14,11329770,713151165,19000,35062,366047,713517212
2020-05-15,21470330,714189257,11000,21962,232797,714422054
2020-05-18,33253934,714182608,54300,63762,682891,714865499
2020-05-19,23622872,710992594,14500,44012,482812,711475406
2020-05-20,78341588,724066554,187233,225745,2596068,726662622
2020-05-21,48284446,728798967,45300,190145,2148639,730947606
2020-05-22,46465068,725963573,154300,292645,3330300,729293873
2020-05-25,41623613,734322639,20200,141645,1576509,735899148
2020-05-26,32575181,734408593,11200,118345,1327831,735736424
2020-05-27,62749472,741728118,141600,249745,2842098,744570216
2020-05-28,34386728,738045657,100900,248445,2757740,740803397
2020-05-29,62024796,714339841,218600,387645,4570335,718910176
2020-06-01,86937641,748108367,36600,238445,2861340,750969707
2020-06-02,83493481,778645448,74400,300345,3613150,782258598
2020-06-03,107256452,800367374,105100,337245,4144741,804512115
2020-06-04,51822175,784138108,8800,247345,2931038,787069146
2020-06-05,31164135,776137600,18700,254845,3025010,779162610
2020-06-08,36171893,774215301,17300,238545,2850613,777065914
2020-06-09,33866205,768235920,25000,210145,2458697,770694617
2020-06-10,43092851,775209199,76700,280045,3343737,778552936
2020-06-11,41510582,768604976,32700,277445,3243332,771848308
2020-06-12,31935502,760534550,24100,237745,2719803,763254353
2020-06-15,34260638,750908752,63300,294945,3285687,754194439
2020-06-16,29463676,747723475,6400,199145,2256313,749979788
2020-06-17,27112843,743612370,26000,216345,2429554,746041924
2020-06-18,22583541,739399185,5500,201845,2276812,741675997
2020-06-19,25044227,735201132,36600,150245,1709788,736910920
2020-06-22,38842862,738101185,22400,153845,1770756,739871941
2020-06-23,28555531,719365034,9900,159545,1786904,721151938
2020-06-24,15267825,701791268,33100,150245,1678237,703469505
2020-06-29,29563972,705951343,84700,197445,2120559,708071902
2020-06-30,18002100,698107154,38300,145645,1581705,699688859
2020-07-01,17497976,693123221,19700,107245,1147522,694270743
2020-07-02,26467821,693550399,18500,89545,981413,694531812
2020-07-03,33025057,695940860,123000,183645,2049478,697990338
2020-07-06,46414803,692251416,55500,220645,2592579,694843995
2020-07-07,62124740,701005430,19400,214945,2596536,703601966
2020-07-08,68967169,721669668,76550,282095,3517725,725187393
2020-07-09,67301434,705439225,27400,280995,3605166,709044391
2020-07-10,55208414,686407968,9100,263395,3381992,689789960
2020-07-13,44561593,666939012,102700,355995,4695575,671634587
2020-07-14,48155324,662738487,19800,359695,4694020,667432507
2020-07-15,44712314,653613237,9200,341095,4284153,657897390
2020-07-16,37608326,649570700,65400,293445,3562422,653133122
2020-07-17,32365767,654964944,114157,355702,4229297,659194241
2020-07-20,47410537,678698897,45400,349202,4302168,683001065
2020-07-21,37491716,686106493,25500,354202,4243340,690349833
2020-07-22,48883650,695817644,9200,345902,4168119,699985763
2020-07-23,33357334,690832182,86600,367502,4358574,695190756
2020-07-24,52548948,684792950,67900,359302,4124787,688917737
2020-07-27,30105052,693263844,34500,344602,3807852,697071696
2020-07-28,25811552,698186141,29800,342002,3779122,701965263
2020-07-29,35598003,700567224,45100,297202,3456459,704023683
2020-07-30,58868202,698380314,11100,301502,3572798,701953112
2020-07-31,36753467,706464675,3200,272102,3205361,709670036
2020-08-03,105584656,720515248,1800,235702,3054698,723569946
2020-08-04,81415004,696090005,37100,271002,3436306,699526311
2020-08-05,99356614,720854748,2800,160645,2086779,722941527
2020-08-06,96759489,738393445,25800,112445,1466283,739859728
2020-08-07,114596655,764296216,84800,188945,2458174,766754390
2020-08-10,101157523,769805304,10900,140545,1797571,771602875
2020-08-11,55627940,735903177,14400,144945,1785722,737688899
2020-08-12,61296927,735350639,60100,170745,2182121,737532760
2020-08-13,80748787,727165379,110000,217745,2850282,730015661
2020-08-14,62932889,728592436,21900,210045,2764192,731356628
2020-08-17,86332602,740344756,58600,238745,3170534,743515290
2020-08-18,72505866,745093571,74400,303445,3902303,748995874
2020-08-19,38752909,732107266,19600,292145,3643048,735750314
2020-08-20,27733712,722131425,14000,247745,3020012,725151437
2020-08-21,32876399,728246090,53700,291845,3531325,731777415
2020-08-24,35093191,739548796,38600,276745,3406731,742955527
2020-08-25,47684957,753388950,50100,302145,3791920,757180870
2020-08-26,33554815,741576362,57500,303445,3592789,745169151
2020-08-27,47948994,738878725,49900,331845,4194521,743073246
2020-08-28,37713077,744895717,5000,285245,3585530,748481247
2020-08-31,40295056,740738070,44600,304545,3733722,744471792
2020-09-01,31596984,743196351,9000,267645,3345563,746541914
2020-09-02,81229008,756336234,70200,304345,3935181,760271415
2020-09-03,55315781,760651705,59600,357645,4638656,765290361
2020-09-04,99417913,773494660,6200,278745,3735183,777229843
2020-09-07,123811387,780520298,31900,299745,3977616,784497914
2020-09-08,131061635,790494301,33900,325945,4498041,794992342
2020-09-09,120354243,782074510,17700,302545,4008721,786083231
2020-09-10,81365887,753861360,101679,380024,4450081,758311441
2020-09-11,27299039,751071222,29167,379991,4514294,755585516
2020-09-14,44900589,749689984,52600,301112,3736800,753426784
2020-09-15,44155015,747357876,22200,315212,3965367,751323243
2020-09-16,24254271,731067120,8300,316712,3936730,735003850
2020-09-17,44717044,736084585,4800,305312,3859144,739943729
2020-09-18,45426912,734601833,8800,309312,3962287,738564120
2020-09-21,46672487,733430163,3600,309812,3974888,737405051
2020-09-22,29735703,723511127,47600,345712,4290286,727801413
2020-09-23,35781871,724549078,14700,280812,3515766,728064844
2020-09-24,28764853,710494599,12600,281212,3332362,713826961
2020-09-25,19650803,710351262,8300,264612,3090668,713441930
2020-09-28,15362060,702530144,3882,264094,2939366,705469510
2020-09-29,12780975,698768590,40900,276694,3123875,701892465
2020-09-30,7918270,685151103,0,239994,2666333,687817436
2020-10-09,17454979,689256430,2800,242794,2779991,692036421
2020-10-12,30254057,695719786,5200,244094,2899837,698619623
2020-10-13,26065899,703942679,3900,243994,2884009,706826688
2020-10-14,22547969,703253881,0,240094,2751477,706005358
2020-10-15,17245151,702769991,0,240094,2746675,705516666
2020-10-16,16360507,698295467,13000,210794,2384080,700679547
2020-10-19,35575111,705273634,3400,207694,2409250,707682884
2020-10-20,24402132,708241822,9900,215794,2514000,710755822
2020-10-21,20090008,707306078,15100,227594,2583192,709889270
2020-10-22,10689568,706119548,3300,220394,2499268,708618816
2020-10-23,13179557,703033310,9100,228694,2540790,705574100
2020-10-26,12035700,703905858,27000,244194,2722763,706628621
2020-10-27,9025337,704387245,8700,238494,2637744,707024989
2020-10-28,11920077,698499706,35200,262194,2823829,701323535
2020-10-29,10071779,697011946,10200,227094,2391300,699403246
2020-10-30,12198998,692090802,37000,255794,2624446,694715248
2020-11-02,9772495,690453332,700,249494,2589748,693043080
2020-11-03,11765723,690655299,4900,252094,2687322,693342621
2020-11-04,8770934,689933406,29200,276794,2906337,692839743
2020-11-05,15908862,691425582,11300,270094,2892707,694318289
2020-11-06,12190164,674651900,23700,276494,2914247,677566147
2020-11-09,27981771,671713823,21300,248094,2773691,674487514
2020-11-10,18393760,670248478,55100,227194,2503678,672752156
2020-11-11,10631013,665727466,37800,248294,2669161,668396627
2020-11-12,10329888,666672060,62100,282294,3012077,669684137
2020-11-13,8433668,668334493,25400,280994,3023495,671357988
2020-11-16,10074773,667519738,18200,277594,2945272,670465010
2020-11-17,15232466,659616260,39800,282994,2968607,662584867
2020-11-18,6752192,659446674,19800,272094,2859708,662306382
2020-11-19,9495375,659730552,21500,273794,2907692,662638244
2020-11-20,10558222,660289385,99600,281794,2964473,663253858
2020-11-23,12093095,661032059,19800,248694,2623722,663655781
2020-11-24,15301984,656946164,24100,233694,2498189,659444353
2020-11-25,21356305,662177935,20800,234294,2504603,664682538
2020-11-26,10804471,659048639,20400,233594,2448065,661496704
2020-11-27,10107100,659842436,69000,282794,2963681,662806117
2020-11-30,12940729,661725870,85400,217594,2293441,664019311
2020-12-01,13811981,662181591,13600,211494,2262986,664444577
2020-12-02,16907691,665194038,35600,229394,2486631,667680669
2020-12-03,10913940,663357972,9100,220494,2370311,665728283
2020-12-04,8642446,661995495,23500,238494,2587660,664583155
2020-12-07,24304698,650241034,24400,261794,2649355,652890389
2020-12-08,9396248,650246388,5400,262294,2630809,652877197
2020-12-09,11448354,649206812,38200,295494,2886976,652093788
2020-12-10,5151457,644824036,25700,316294,3068052,647892088
2020-12-11,14820998,625845575,18200,328994,2997135,628842710
2020-12-14,5725886,621836473,6000,330094,3083078,624919551
2020-12-15,4656026,623487885,4900,326094,3022891,626510776
2020-12-16,5358457,618098353,15100,339594,3056346,621154699
2020-12-17,5883726,616667860,2600,323794,2972429,619640289
2020-12-18,7687969,616161365,10900,333694,3026605,619187970
2020-12-21,5664013,609475080,900,324994,2983445,612458525
2020-12-22,6761960,608453291,25300,349694,3108780,611562071
2020-12-23,4311334,604333771,17800,338994,3030606,607364377
2020-12-24,6511313,601621841,112500,395094,3461023,605082864
2020-12-25,4579094,600376388,27900,399694,3497323,603873711
2020-12-28,7773923,598645700,20100,383894,3251582,601897282
2020-12-29,5571454,592682225,37749,377943,3288104,595970329
2020-12-30,6759691,592125701,23600,364943,3189602,595315303
2020-12-31,6444141,589460276,8400,258294,2334978,591795254
2021-01-04,8255728,588599962,27000,255894,2359343,590959305
2021-01-05,20970539,592156280,41200,294494,2738794,594895074
2021-01-06,9139757,589960459,33100,277094,2496617,592457076
2021-01-07,9271025,587270959,36300,281694,2428202,589699161
2021-01-08,7030160,582224827,28900,272094,2380823,584605650
2021-01-11,8165333,577778199,50000,293194,2518536,580296735
2021-01-12,7559622,574930607,24200,256494,2257147,577187754
2021-01-13,9560635,575451008,57800,291294,2531345,577982353
2021-01-14,12306386,575088630,49300,310694,2727893,577816523
2021-01-15,10179535,575512934,26300,287994,2491148,578004082
2021-01-18,8487464,572252776,30700,289694,2543513,574796289
2021-01-19,11321784,574097343,42704,302398,2658078,576755421
2021-01-20,9243365,578716181,24600,284998,2468083,581184264
2021-01-21,13772999,570172241,33300,288994,2566267,572738508
2021-01-22,12635969,571516346,33100,292094,2494483,574010829
2021-01-25,20229499,566944652,39700,297694,2673292,569617944
2021-01-26,18092339,569604674,40700,262794,2388797,571993471
2021-01-27,14862242,571335620,26500,248594,2212487,573548107
2021-01-28,11614156,572043141,60199,261293,2252345,574295486
2021-01-29,20527411,565718972,6800,203394,1838682,567557654
2021-02-01,12189224,562836767,7000,170694,1546488,564383255
2021-02-02,27696146,565122700,26900,190594,1791584,566914284
2021-02-03,18803355,562930794,9000,196694,1789915,564720709
2021-02-04,52236274,573164494,4100,183394,1800929,574965423
2021-02-05,23598866,569849777,13500,174494,1680377,571530154
2021-02-08,25954047,567864954,14000,174994,1739440,569604394
2021-02-09,27619728,574599239,41000,213094,2105369,576704608
2021-02-10,23678373,569563171,1100,187094,1764296,571327467
2021-02-18,16768874,568058816,26200,201994,1941162,569999978
2021-02-19,24109570,573693964,1100,169494,1677991,575371955
2021-02-22,34043442,574238291,37800,207294,2043919,576282210
2021-02-23,22327457,584114028,31900,200294,1906799,586020827
2021-02-24,24845373,580637482,29100,224494,2235960,582873442
2021-02-25,15939357,581334785,15900,233194,2292297,583627082
2021-02-26,15538717,580797313,5000,193394,1933940,582731253
2021-03-01,29902401,591995763,57800,225194,2301483,594297246
2021-03-02,22771483,592388147,4900,213894,2138940,594527087
2021-03-03,18294103,593340593,5000,207894,2078940,595419533
2021-03-04,23512219,595521616,14400,201794,1959420,597481036
2021-03-05,11839975,593183435,14400,191794,1846976,595030411
2021-03-08,20846914,594021133,28400,205794,1922116,595943249
2021-03-09,11383363,585008047,14400,214394,1925258,586933305
2021-03-10,8787025,583109971,2200,199994,1755947,584865918
2021-03-11,5206815,581304673,11900,197494,1773496,583078169
2021-03-12,7278773,580469761,21700,209294,1858531,582328292
2021-03-15,5436015,578226887,4900,212194,1852454,580079341
2021-03-16,7328949,575685624,5000,182394,1612363,577297987
2021-03-17,9159684,573100493,34700,212094,1940660,575041153
2021-03-18,4775838,569153685,5100,212394,1894554,571048239
2021-03-19,7162076,570547597,4800,192994,1727296,572274893
2021-03-22,5948362,572042498,5100,182494,1651571,573694069
2021-03-23,7604068,573503318,34700,172094,1569497,575072815
2021-03-24,5856778,570983986,3000,140394,1260738,572244724
2021-03-25,7885490,571015037,16000,153394,1380546,572395583
2021-03-26,8659912,568401016,1900,146794,1316742,569717758
2021-03-29,8498933,564430325,25400,172194,1566965,565997290
2021-03-30,5083139,564791869,4900,172194,1544580,566336449
2021-03-31,4232058,565713453,5000,172294,1543754,567257207
2021-04-01,5062512,563561604,0,167294,1503973,565065577
2021-04-02,16249054,567152470,0,167294,1530740,568683210
2021-04-06,8033916,567267235,9900,173294,1585640,568852875
2021-04-07,4758417,563610805,3900,167294,1520702,565131507
2021-04-08,11828080,564276998,0,167294,1503973,565780971
2021-04-09,13289155,553555098,9900,177194,1522096,555077194
2021-04-12,4725766,549642238,0,164094,1384953,551027191
2021-04-13,6536305,552382406,0,86094,729216,553111622
2021-04-14,6456812,553250661,19800,74994,633699,553884360
2021-04-15,7564296,554033899,3900,69094,576244,554610143
2021-04-16,5086776,547992025,5200,74294,634471,548626496
2021-04-19,9343985,549051973,18000,61094,529685,549581658
2021-04-20,12839347,547729988,8200,47394,406641,548136629
2021-04-21,6707381,547304235,18000,65394,551925,547856160
2021-04-22,7484836,550185117,7700,52594,444945,550630062
2021-04-23,7114444,551743440,105000,157594,1306454,553049894
2021-04-26,6368818,548446757,0,152694,1270414,549717171
2021-04-27,7799774,544262992,4900,157594,1342701,545605693
2021-04-28,9275853,548292856,0,152694,1294845,549587701
2021-04-29,9722752,539725120,4900,153694,1238774,540963894
2021-04-30,6226889,539072784,18300,167094,1313359,540386143
2021-05-06,7018965,542070027,5000,150694,1190483,543260510
2021-05-07,14998833,544822479,3900,144594,1117712,545940191
2021-05-10,9592648,541201126,0,144594,1110482,542311608
2021-05-11,8847539,542097543,0,124094,977861,543075404
2021-05-12,7108399,540340967,8900,124894,1002899,541343866
2021-05-13,6237854,541718899,11900,123894,987435,542706334
2021-05-14,6107110,539586856,30900,154794,1247640,540834496
2021-05-17,8323723,540315905,19700,174494,1380248,541696153
2021-05-18,5416895,542084772,0,168094,1331304,543416076
2021-05-19,5945524,541156989,0,168094,1331304,542488293
2021-05-20,3413042,538223840,0,164194,1290565,539514405
2021-05-21,2791936,536622067,3900,168094,1321219,537943286
2021-05-24,7706554,534776988,5300,165994,1344551,536121539
2021-05-25,6259187,534789793,4900,160894,1308068,536097861
2021-05-26,5549605,534710177,4900,143294,1163547,535873724
2021-05-27,18063461,536341208,0,132294,1107301,537448509
2021-05-28,8065957,534954290,13800,146094,1211119,536165409
2021-05-31,8468013,535905932,0,136194,1135858,537041790
2021-06-01,9463743,539101253,31100,167294,1405270,540506523
2021-06-02,8603239,540897570,2500,162394,1342998,542240568
2021-06-03,7799872,540529905,7300,157394,1300074,541829979
2021-06-04,10223694,540163560,0,145194,1218178,541381738
2021-06-07,23267608,547951953,0,145194,1261736,549213689
2021-06-08,14246295,547861670,21000,146594,1275368,549137038
2021-06-09,16443440,550488240,0,136094,1171769,551660009
2021-06-10,15372683,545864862,4700,126394,1117323,546982185
2021-06-11,16916292,547946211,25100,151494,1301333,549247544
2021-06-15,21178648,554924433,21100,169394,1466952,556391385
2021-06-16,24819273,557129515,6800,160094,1418433,558547948
2021-06-17,34107715,553635461,200,120494,1102520,554737981
2021-06-18,51247996,566955221,20100,138494,1283839,568239060
2021-06-21,40225332,573549664,13800,122394,1135816,574685480
2021-06-22,94315043,612771907,42900,160294,1607749,614379656
2021-06-23,57673841,609894931,16900,138994,1366311,611261242
2021-06-24,44438793,601814224,33700,156194,1458852,603273076
2021-06-25,22854372,598674650,21100,156594,1442231,600116881
2021-06-28,32034939,604462097,12800,147694,1375031,605837128
2021-06-29,25357413,602916966,29000,163594,1473982,604390948
2021-06-30,26440348,608538240,12800,128094,1189993,609728233
2021-07-01,21325528,603833992,16100,124294,1095030,604929022
2021-07-02,14037984,604652652,63000,166494,1481797,606134449
2021-07-05,31001752,606732101,63600,177094,1671767,608403868
2021-07-06,127667977,585848265,56800,216894,2353300,588201565
2021-07-07,74577785,592849715,13400,170594,1791237,594640952
2021-07-08,94636006,610838297,299800,433094,4599458,615437755
2021-07-09,55200671,610384590,12300,415594,4297242,614681832
2021-07-12,56095538,619919918,42400,445694,4550536,624470454
2021-07-13,56252391,637268671,101800,490394,5041250,642309921
2021-07-14,40001443,643513576,64100,472294,4661542,648175118
2021-07-15,28361702,640935026,25700,317694,3145171,644080197
2021-07-16,67535949,647434588,69300,319394,3276982,650711570
2021-07-19,36249430,651625472,49303,337797,3381348,655006820
2021-07-20,36742095,652256654,50500,110294,1136028,653392682
2021-07-21,71461568,668162499,17000,99294,1032658,669195157
2021-07-22,71766988,659919947,42700,115194,1238336,661158283
2021-07-23,98487005,665222328,52800,138394,1551397,666773725
2021-07-26,63884443,673913807,48200,158394,1702736,675616543
2021-07-27,66469306,659841243,18800,99494,1041702,660882945
2021-07-28,38263092,651496128,159600,242094,2401572,653897700
2021-07-29,44608398,625741238,201200,285834,3081290,628822528
2021-07-30,41938762,634293072,281400,368994,3996205,638289277
2021-08-02,55345937,655286526,198300,385194,4167799,659454325
2021-08-03,40701744,647243570,168789,386583,3927683,651171253
2021-08-04,41170580,639360250,291400,457183,4878143,644238393
2021-08-05,66462878,623669330,262400,515394,5705412,629374742
2021-08-06,51795271,618255323,111800,434094,4874876,623130199
2021-08-09,60217930,637715342,61530,396324,4264446,641979788
2021-08-10,97644450,662878812,184100,518901,5931038,668809850
2021-08-11,61746592,655840414,170900,460801,5151755,660992169
2021-08-12,81195976,671812257,461400,765601,8536451,680348708
2021-08-13,72109434,684278462,545603,1175604,12684767,696963229
2021-08-16,49685526,691786800,298200,1264701,13797888,705584688
2021-08-17,51446849,684324221,234700,1212101,12193736,696517957
2021-08-18,30936825,680378687,196300,1208901,12221989,692600676
2021-08-19,28470176,683647745,138600,1166701,11667010,695314755
2021-08-20,26135539,678417720,220200,1181401,12085733,690503453
2021-08-23,27891461,667168735,142890,1097091,11508485,678677220
2021-08-24,25709281,660680659,196300,652194,6750208,667430867
2021-08-25,26044834,655680691,92700,604694,6107409,661788100
2021-08-26,24938468,653364380,132200,602494,6067115,659431495
2021-08-27,29816810,638563640,196200,630494,6052742,644616382
2021-08-30,32597918,631640918,247707,572401,5838490,637479408
2021-08-31,19257906,630920448,235800,567294,5752361,636672809
2021-09-01,44280220,644576578,403000,796594,8196952,652773530
2021-09-02,29305821,645753010,957150,1570944,15882244,661635254
2021-09-03,27508561,645119707,1174952,2550846,25865578,670985285
2021-09-06,70457253,644769698,286442,2586136,27697517,672467215
2021-09-07,54820902,634183852,327400,2673536,29275219,663459071
2021-09-08,36808414,628711151,206200,2588336,27695195,656406346
2021-09-09,44171380,645562540,224200,2610936,27284281,672846821
2021-09-10,44293263,655059041,247751,2491587,26261327,681320368
2021-09-13,29687285,657218988,150500,2290906,23367241,680586229
2021-09-14,26735948,660369218,153671,2217449,22285363,682654581
2021-09-15,14480873,659297993,295800,2103788,21269296,680567289
2021-09-16,21750957,661917836,806000,2593045,25956381,687874217
2021-09-17,23734324,663174251,314800,2719245,27709107,690883358
2021-09-22,17813090,667303084,582800,3133745,31337450,698640534
2021-09-23,34491657,675005958,229300,3250794,33450670,708456628
2021-09-24,23353624,668377059,171700,3259294,32625533,701002592
2021-09-27,14256989,661971124,71800,3200694,31142753,693113877
2021-09-28,5180427,658355154,154825,3271019,31728885,690084039
2021-09-29,10266375,650691978,193300,3271394,30096825,680788803
2021-09-30,8233625,642509506,90800,3162294,29093105,671602611
2021-10-08,8241355,640848926,421600,3573297,33731923,674580849
2021-10-11,4321845,638492222,270200,3797997,35967031,674459253
2021-10-12,7766551,624152748,151425,3755822,34177980,658330728
2021-10-13,9371131,624926418,78100,3724822,33933128,658859546
2021-10-14,7494471,622831293,169300,3853722,35762540,658593833
2021-10-15,7969736,620957767,88808,3907330,35869289,656827056
2021-10-18,6103236,620066362,62069,3734999,34324641,654391003
2021-10-19,3682283,616865767,11200,3476838,31882605,648748372
2021-10-20,6523649,617339759,9500,3407482,30871787,648211546
2021-10-21,10844646,611930913,518400,3850682,33770481,645701394
2021-10-22,7915053,613181995,19900,3820882,33585553,646767548
2021-10-25,7693140,608329682,47900,3813582,34360375,642690057
2021-10-26,5684736,608858949,13200,3632543,32692887,641551836
2021-10-27,5792550,606691058,168900,3739484,32982250,639673308
2021-10-28,5306038,599736578,14400,3742684,31438545,631175123
2021-10-29,4301329,598464047,12500,2436184,21072991,619537038
2021-11-01,4744187,597519215,21200,2444684,21293198,618812413
2021-11-02,6951826,593386400,22000,2425684,21273249,614659649
2021-11-03,8733353,595242075,3200,2375584,20667581,615909656
2021-11-04,7570098,592891174,72100,2315671,20655785,613546959
2021-11-05,14464682,597920940,100400,2391971,21551659,619472599
2021-11-08,8842730,596823097,50100,2131871,19549257,616372354
2021-11-09,15247234,603157872,35800,1982171,18235974,621393846
2021-11-10,15051329,598675039,104800,2046271,19132634,617807673
2021-11-11,15052738,598495795,26600,1951371,18264833,616760628
2021-11-12,10689579,596570065,37400,1961471,18673204,615243269
2021-11-15,33098159,609821871,26400,1455371,14233528,624055399
2021-11-16,17876928,601677412,500,1406471,13600574,615277986
2021-11-17,17050936,606107952,6700,1401871,13850485,619958437
2021-11-18,14821682,604610048,37600,1438971,13986798,618596846
2021-11-19,13510674,598418992,25800,1420971,13797629,612216621
2021-11-22,11179539,597255693,35900,1429171,14091626,611347319
2021-11-23,14840531,594730014,28100,1411171,13885923,608615937
2021-11-24,15238712,596651253,131200,1514271,15021568,611672821
2021-11-25,13640715,597475725,42900,1501071,14935657,612411382
2021-11-26,10654299,595829576,75600,1538771,15110732,610940308
2021-11-29,19408046,597883509,25600,1489071,14771584,612655093
2021-11-30,29675732,601719386,25500,1472471,14798333,616517719
2021-12-01,28497873,619475812,65600,1512271,15183201,634659013
2021-12-02,14108952,615058502,96400,1582871,15591280,630649782
2021-12-03,21931791,612292363,85300,1602571,16282121,628574484
2021-12-06,29840658,624043707,115800,1643071,15872066,639915773
2021-12-07,13056092,623595946,116256,1654727,15719907,639315853
2021-12-08,19581764,619740252,78300,1647801,16510966,636251218
2021-12-09,15259605,612391598,25700,1633601,16254331,628645929
2021-12-10,23838306,620747984,35800,1643482,15760992,636508976
2021-12-13,14256711,626720560,16100,1587701,15305437,642025997
2021-12-14,19253265,630506578,39800,1507271,14726038,645232616
2021-12-15,22801872,630357755,3000,1510271,14785553,645143308
2021-12-16,32121016,623920369,0,1439271,14579815,638500184
2021-12-17,24995639,630492953,0,1435671,14256213,644749166
2021-12-20,23939206,638621963,0,1398671,13595082,652217045
2021-12-21,19121327,646825729,0,1316671,12982376,659808105
2021-12-22,26817080,645298704,39800,1356471,13727487,659026191
2021-12-23,16847554,647748603,0,32963,327323,648075926
2021-12-24,21608086,654375888,0,16763,162098,654537986
