日期,融资买入额(元),融资余额(元),融券卖出量,融券余量,融券余额(元),融资融券余额(元)
2017-07-12,34753552,572286485,7000,7000,68810,572355295
2017-07-13,40872629,558749438,108600,109200,1074528,559823966
2017-07-14,23549496,558214174,1400,2000,19320,558233494
2017-07-17,22412394,551378618,63600,64200,588072,551966690
2017-07-18,21196232,554101723,42700,43300,407020,554508743
2017-07-19,38050909,550659472,117300,118600,1171768,551831240
2017-07-20,47798154,557420462,41400,41400,418554,557839016
2017-07-21,23695172,552100996,3600,3600,35388,552136384
2017-07-24,19594774,551319026,61400,61400,607246,551926272
2017-07-25,24166717,546618218,23600,23600,237652,546855870
2017-07-26,84836709,573806911,112000,112000,1160320,574967231
2017-07-27,74802921,593604748,23600,24200,252648,593857396
2017-07-28,58350006,593483710,131400,132000,1401840,594885550
2017-07-31,82365606,581735361,23600,24200,268136,582003497
2017-08-01,73086472,598147660,1400,2000,21160,598168820
2017-08-02,71922781,600251737,138900,139500,1484280,601736017
2017-08-03,76311580,610379241,1400,22000,239580,610618821
2017-08-04,144783899,592684012,113600,114200,1297312,593981324
2017-08-07,134173561,612812119,21400,22000,266200,613078319
2017-08-08,126736461,615079187,153600,154200,1814934,616894121
2017-08-09,92608653,614421790,31400,32000,384640,614806430
2017-08-10,61549573,604983210,133600,144200,1655416,606638626
2017-08-11,82897400,617312910,21000,21600,225720,617538630
2017-08-14,38200868,601393246,164000,164600,1766158,603159404
2017-08-15,32113608,602982391,1400,2000,21280,603003671
2017-08-16,44083116,602815164,133574,134174,1416877,604232041
2017-08-17,67444624,608281235,11400,12000,130560,608411795
2017-08-18,28157195,614523933,93600,94200,1007940,615531873
2017-08-21,34465945,607335371,0,600,6474,607341845
2017-08-22,41905374,604932972,180480,181080,1984637,606917609
2017-08-23,36442417,608092293,0,600,6264,608098557
2017-08-24,17619936,603774027,25000,25600,262656,604036683
2017-08-25,35471493,602703149,80000,80600,851136,603554285
2017-08-28,38956502,609417811,30000,30600,330480,609748291
2017-08-29,35631197,602645405,135000,145600,1579760,604225165
2017-08-30,46428297,596647387,20000,20600,230514,596877901
2017-08-31,79249863,614801699,160000,160600,1846900,616648599
2017-09-01,95794079,632751853,5000,5600,64512,632816365
2017-09-04,70087295,625060452,110000,110600,1299550,626360002
2017-09-05,64029920,637546407,38000,88600,1048138,638594545
2017-09-06,84185834,644804340,97000,97600,1145824,645950164
2017-09-07,47027255,625434116,15000,15600,176592,625610708
2017-09-08,46061327,614379991,150000,160600,1999470,616379461
2017-09-11,226993354,669978657,20000,20600,273980,670252637
2017-09-12,162676685,662812266,125000,125600,1615216,664427482
2017-09-13,134014163,691393496,0,600,7860,691401356
2017-09-14,102673539,659620608,15000,15600,204672,659825280
2017-09-15,98527396,667444521,0,600,7482,667452003
2017-09-18,242042682,752439059,185000,185600,2546432,754985491
2017-09-19,194692049,685361141,10000,40600,577738,685938879
2017-09-20,218401110,722998585,135100,145700,2138876,725137461
2017-09-21,163338930,700409757,40000,50600,703846,701113603
2017-09-22,81553452,685491080,115000,165600,2281968,687773048
2017-09-25,79389229,681638633,0,20600,269242,681907875
2017-09-26,71354489,668996872,74400,95000,1253050,670249922
2017-09-27,88727625,686586846,35600,66200,885756,687472602
2017-09-28,59798238,673423176,94400,115000,1509950,674933126
2017-09-29,60233043,650770173,35600,56200,730038,651500211
2017-10-09,78615808,668544145,35000,55600,737256,669281401
2017-10-10,55456328,665182087,0,41900,537158,665719245
2017-10-11,48500525,670031234,43700,64300,807608,670838842
2017-10-12,53198424,670290721,11300,31900,391413,670682134
2017-10-13,27442786,655167907,0,30600,375768,655543675
2017-10-16,49733850,658902983,135000,155600,1920104,660823087
2017-10-17,27828126,658954411,0,20600,244934,659199345
2017-10-18,31952770,662372132,15000,35600,418656,662790788
2017-10-19,23794255,655842929,40000,72100,832034,656674963
2017-10-20,35760999,654257489,0,30600,364140,654621629
2017-10-23,22149627,658481493,40000,60600,710232,659191725
2017-10-24,28408298,654989580,40000,100600,1157906,656147486
2017-10-25,28926365,661580709,0,20600,238754,661819463
2017-10-26,42011037,661376734,50000,60600,722352,662099086
2017-10-27,53695080,654847018,30000,50600,564190,655411208
2017-10-30,43561852,654666220,45000,75600,798336,655464556
2017-10-31,18566211,656434492,0,30600,327114,656761606
2017-11-01,22582278,656955314,69998,90598,965775,657921089
2017-11-02,14994852,650510467,5000,25600,270592,650781059
2017-11-03,18362820,649514197,50000,74300,775692,650289889
2017-11-06,20203300,648162052,20000,50600,542938,648704990
2017-11-07,24559435,649661364,15000,45600,491568,650152932
2017-11-08,28569657,643088817,110000,140600,1528322,644617139
2017-11-09,23324783,635321941,70000,80600,880152,636202093
2017-11-10,15047735,632975934,0,20600,220832,633196766
2017-11-13,21055449,629038998,135000,145600,1584128,630623126
2017-11-14,21729087,627636154,0,15600,165048,627801202
2017-11-15,22251240,620941291,30000,40600,410060,621351351
2017-11-16,12678341,621700005,40000,70600,706000,622406005
2017-11-17,22387323,614740814,15000,65600,617952,615358766
2017-11-20,14264378,606633901,80000,100600,967772,607601673
2017-11-21,12007552,608248373,0,10600,100700,608349073
2017-11-22,6460798,602100275,25000,35600,341760,602442035
2017-11-23,11506043,599765419,26000,36600,342942,600108361
2017-11-24,11489185,598495215,69000,79600,773712,599268927
2017-11-27,10758099,592050425,0,10600,100276,592150701
2017-11-28,12555728,595047471,35000,45600,443688,595491159
2017-11-29,28315683,594775130,170000,180600,1815030,596590160
2017-11-30,12708900,593325692,5000,35600,352796,593678488
2017-12-01,7079039,593344854,0,15600,154596,593499450
2017-12-04,12480414,589491454,0,10600,103350,589594804
2017-12-05,19378137,583981249,45000,55600,511520,584492769
2017-12-06,6553834,578304769,20000,30600,283968,578588737
2017-12-07,8377608,579039051,5000,15600,143988,579183039
2017-12-08,9430320,580660624,0,10600,98898,580759522
2017-12-11,8963182,570819747,55000,65600,625168,571444915
2017-12-12,18234127,564671316,140000,150600,1483410,566154726
2017-12-13,12086424,566248011,5000,15600,152412,566400423
2017-12-14,8352738,565295084,0,10600,102820,565397904
2017-12-15,10747750,567679169,5000,15600,150384,567829553
2017-12-18,8863615,568864036,0,10600,103350,568967386
2017-12-19,8311310,568904867,5000,15600,152256,569057123
2017-12-20,10914281,568880043,20000,30600,295596,569175639
2017-12-21,12544035,572825690,45000,75600,724248,573549938
2017-12-22,8527768,568531868,100000,110600,1075032,569606900
2017-12-25,10743096,567863863,45000,55600,537652,568401515
2017-12-26,14106892,568922278,30000,40600,396662,569318940
2017-12-27,30500912,573059502,175000,185600,1831872,574891374
2017-12-28,43047816,585084263,30000,40600,416150,585500413
2017-12-29,21475184,584151907,5000,45600,464208,584616115
2018-01-02,19950885,588683983,40000,80600,833404,589517387
2018-01-03,29832990,599189697,5000,15600,160056,599349753
2018-01-04,21069382,597087837,95000,105600,1089792,598177629
2018-01-05,18894386,599224439,20000,30600,312732,599537171
2018-01-08,36615939,608649451,184500,195100,2032942,610682393
2018-01-09,32663808,609263444,20500,31100,324062,609587506
2018-01-10,28260330,603001708,49100,59700,613119,603614827
2018-01-11,39117953,600955407,155900,166500,1753245,602708652
2018-01-12,23183137,596150278,0,10600,107908,596258186
2018-01-15,34744739,590077070,17605,28205,271332,590348402
2018-01-16,13650415,589831496,600,11205,108016,589939512
2018-01-17,15730088,589653528,5000,15600,148512,589802040
2018-01-18,7244459,587406673,1700,12300,117342,587524015
2018-01-19,9823287,584824027,5000,15600,146484,584970511
2018-01-22,12726404,582803382,61200,71800,689280,583492662
2018-01-23,24113608,583431837,143600,154200,1508076,584939913
2018-01-24,16293005,587623174,0,10600,102502,587725676
2018-01-25,18687524,584416569,95000,105000,1020600,585437169
2018-01-26,11547870,583518802,0,10000,96100,583614902
2018-01-29,17490943,581418231,64903,74903,711579,582129810
2018-01-30,11979275,579653610,0,10000,94400,579748010
2018-01-31,16859234,576447471,35000,45000,408600,576856071
2018-02-01,11490015,567532340,1200,11200,95200,567627540
2018-02-02,11217787,565205230,163800,173800,1520750,566725980
2018-02-05,6811514,560553030,0,10000,87600,560640630
2018-02-06,23471981,567449224,35000,45000,378450,567827674
2018-02-07,10186314,563309336,140000,150000,1264500,564573836
2018-02-08,5304222,548805859,35000,45000,381600,549187459
2018-02-09,6139224,539175145,0,10000,79700,539254845
2018-02-12,4356363,533133286,5000,15000,122250,533255536
2018-02-13,4277437,528741161,0,10000,81300,528822461
2018-02-14,3152727,522614432,5000,5000,40850,522655282
2018-02-22,9897371,523988783,180000,180000,1517400,525506183
2018-02-23,6035448,522243400,5000,15000,126450,522369850
2018-02-26,14924442,529109700,80600,90600,780066,529889766
2018-02-27,7895541,525289146,5000,15000,127200,525416346
2018-02-28,9170081,522020783,170000,180000,1539000,523559783
2018-03-01,14121884,528122187,5000,15000,129000,528251187
2018-03-02,15294905,523965924,70000,80000,689600,524655524
2018-03-05,12126426,526832724,85000,95000,821750,527654474
2018-03-06,12893427,525879675,90000,100000,883000,526762675
2018-03-07,7839813,518714716,5000,15000,128700,518843416
2018-03-08,11144217,524205713,0,10000,86500,524292213
2018-03-09,23044282,537781055,5000,15000,131550,537912605
2018-03-12,30803749,541041608,100000,110000,987800,542029408
2018-03-13,21351629,543008172,5000,15000,134250,543142422
2018-03-14,12670390,532641095,179974,189974,1690769,534331864
2018-03-15,9039747,531133815,5000,15000,130650,531264465
2018-03-16,4877725,527458659,0,10000,86600,527545259
2018-03-19,7651950,525687892,5000,15000,128250,525816142
2018-03-20,10502198,530075681,0,10000,85400,530161081
2018-03-21,13146071,534148947,85000,95000,814150,534963097
2018-03-22,6951187,534172534,70000,80000,688800,534861334
2018-03-23,10015688,524137521,57400,107400,862422,524999943
2018-03-26,11297183,517971379,107600,117600,951384,518922763
2018-03-27,13697475,519878638,5000,15000,123900,520002538
2018-03-28,5526891,518973793,0,10000,81700,519055493
2018-03-29,9269734,515964628,115000,125000,1037500,517002128
2018-03-30,11749595,515407830,0,10000,83500,515491330
2018-04-02,6799589,512708805,35000,45000,375300,513084105
2018-04-03,14610254,511841338,170000,180000,1494000,513335338
2018-04-04,9387687,509159114,35000,45000,369000,509528114
2018-04-09,20866680,516299437,170000,180000,1524600,517824037
2018-04-10,16508588,521736987,5000,55000,466400,522203387
2018-04-11,15006496,523375127,30000,40000,341600,523716727
2018-04-12,9136731,519899952,5000,15000,125550,520025502
2018-04-13,9125732,518842837,0,10000,84700,518927537
2018-04-16,12430847,519852135,5000,15000,124500,519976635
2018-04-17,7422037,514918882,29600,39600,319968,515238850
2018-04-18,6243353,511707650,15100,25100,204314,511911964
2018-04-19,16743839,518575528,0,10000,83700,518659228
2018-04-20,5242823,512042516,5000,15000,121350,512163866
2018-04-23,8374737,517000277,0,10000,80600,517080877
2018-04-24,7893481,516368646,5000,15000,122700,516491346
2018-04-25,6860174,518045872,0,10000,81200,518127072
2018-04-26,7680027,517989718,5000,15000,119700,518109418
2018-04-27,4460834,515757764,0,10000,79700,515837464
2018-05-02,4475237,516264919,5000,15000,120450,516385369
2018-05-03,4656992,515126903,0,10000,80800,515207703
2018-05-04,3707597,515529793,35000,45000,363150,515892943
2018-05-07,5067297,516696954,0,10000,81700,516778654
2018-05-08,8177512,518711822,5000,15000,123000,518834822
2018-05-09,7795117,521677125,0,10000,81700,521758825
2018-05-10,7118480,520687928,5000,15000,122700,520810628
2018-05-11,9182778,514399235,159998,169998,1390584,515789819
2018-05-14,6301142,514606086,5000,15000,122100,514728186
2018-05-15,8167166,517290996,0,10000,81500,517372496
2018-05-16,7145329,518853026,5000,15000,122400,518975426
2018-05-17,10877447,507861772,110000,120000,1010400,508872172
2018-05-18,10396359,510874032,5000,45000,375300,511249332
2018-05-21,11914450,515234345,0,10000,83600,515317945
2018-05-22,11384638,519011472,25400,35400,297006,519308478
2018-05-23,5953913,517438042,0,30400,249888,517687930
2018-05-24,5109038,516016255,45000,75400,616772,516633027
2018-05-25,5352363,512175139,0,30400,244416,512419555
2018-05-28,4236282,511279431,5000,35400,281784,511561215
2018-05-29,4205011,513113938,0,30400,242896,513356834
2018-05-30,5008038,509153848,85000,115400,886272,510040120
2018-05-31,4333736,509352175,0,30400,234992,509587167
2018-06-01,2368579,509452745,5000,35400,272934,509725679
2018-06-04,2575407,507726787,0,30400,234688,507961475
2018-06-05,4571394,507547552,5000,35400,275412,507822964
2018-06-06,3569593,505346501,30000,60400,471120,505817621
2018-06-07,2788370,505166709,5000,35400,273996,505440705
2018-06-08,3655383,502555942,0,30400,228912,502784854
2018-06-11,2243447,501947925,5000,35400,263376,502211301
2018-06-12,3841035,501591420,0,30400,225264,501816684
2018-06-13,2325217,500468007,55000,85400,609756,501077763
2018-06-14,3171824,498562827,69002,109402,786600,499349427
2018-06-15,2406960,494449223,45000,75400,532324,494981547
2018-06-19,9802849,491127489,20000,50400,321552,491449041
2018-06-20,4026753,486669819,5000,35400,229038,486898857
2018-06-21,6298902,486114030,53400,83800,548890,486662920
2018-06-22,2798803,485149124,5000,35400,236118,485385242
2018-06-25,2870546,485954131,0,30400,199120,486153251
2018-06-26,4090764,486496749,5000,35400,233286,486730035
2018-06-27,2292109,484485717,110000,140400,922428,485408145
2018-06-28,2254044,484470367,5000,35400,227976,484698343
2018-06-29,5439468,486213519,0,30400,200944,486414463
2018-07-02,4464159,487419187,5000,35400,229746,487648933
2018-07-03,4781068,486722140,0,30400,199120,486921260
2018-07-04,2451307,483771247,3700,34100,222673,483993920
2018-07-05,3123103,482430425,1300,14500,90770,482521195
2018-07-06,2518790,479695857,3700,16900,104949,479800806
2018-07-09,3683812,481494951,1300,14500,92365,481587316
2018-07-10,7585022,485248695,170900,184100,1196650,486445345
2018-07-11,2834705,480346363,1300,31700,198125,480544488
2018-07-12,7104529,484180635,3700,34100,219263,484399898
2018-07-13,4878376,482419121,161298,191698,1244120,483663241
2018-07-16,6182509,481630234,43700,124100,821542,482451776
2018-07-17,4124825,482303349,41300,81700,535952,482839301
2018-07-18,5059481,481925273,4300,44700,290550,482215823
2018-07-19,5661982,481977448,71300,112300,725458,482702906
2018-07-20,4546838,479810881,3700,44100,288414,480099295
2018-07-23,9692337,482853879,71300,111700,743922,483597801
2018-07-24,10980051,484065789,3700,44100,299880,484365669
2018-07-25,7856044,481728391,1300,41700,282726,482011117
2018-07-26,5964277,483012883,3700,44100,298998,483311881
2018-07-27,7068647,483267872,1300,41700,283560,483551432
2018-07-30,7703613,482006292,3700,40900,278120,482284412
2018-07-31,7836514,483588505,111300,148500,1018710,484607215
2018-08-01,4767508,479337913,3700,40900,270349,479608262
2018-08-02,5451752,478623375,1300,38500,242935,478866310
2018-08-03,2510162,476978422,126900,164100,1030548,478008970
2018-08-06,3532418,473869507,1300,41700,256872,474126379
2018-08-07,4848416,474183096,43700,84100,535717,474718813
2018-08-08,4422729,474656327,1300,41700,263961,474920288
2018-08-09,5300035,475509781,43700,84100,539922,476049703
2018-08-10,2764393,474062024,1300,41700,268548,474330572
2018-08-13,2560535,472137440,3700,44100,281358,472418798
2018-08-14,3531415,471839061,72400,112800,724176,472563237
2018-08-15,3711999,472333680,3700,44100,277389,472611069
2018-08-16,1974511,470148882,1300,41700,258957,470407839
2018-08-17,1577065,469955131,3700,44100,270774,470225905
2018-08-20,1265382,468780592,1300,41700,257289,469037881
2018-08-21,1827213,468540916,3700,44100,275184,468816100
2018-08-22,1175813,467732259,1300,41700,257706,467989965
2018-08-23,2966397,467536886,3700,44100,270333,467807219
2018-08-24,3125177,468582419,41300,81700,504906,469087325
2018-08-27,2863577,468849839,3700,44100,276066,469125905
2018-08-28,2223377,468953895,41300,81700,513893,469467788
2018-08-29,19078843,482557797,73700,114100,731381,483289178
2018-08-30,2757135,481730652,1900,42300,265644,481996296
2018-08-31,1681858,480453505,3700,44100,272979,480726484
2018-09-03,1905354,481449909,1300,41700,259791,481709700
2018-09-04,2172512,480970674,3700,44100,276507,481247181
2018-09-05,1984395,479614989,1300,41700,256872,479871861
2018-09-06,1164226,475043985,0,40400,246036,475290021
2018-09-07,1022749,472624200,5000,45400,276940,472901140
2018-09-10,1452442,470312528,0,40400,242804,470555332
2018-09-11,1332218,469463659,5000,45400,272400,469736059
2018-09-12,1488266,468221221,0,40400,243208,468464429
2018-09-13,2927453,468908508,5000,45400,276032,469184540
2018-09-14,6830814,472955654,110000,150400,917440,473873094
2018-09-17,1949586,468899417,5000,25400,149860,469049277
2018-09-18,2308341,469187998,0,20400,122400,469310398
2018-09-19,2623234,465439532,75000,95400,585756,466025288
2018-09-20,5695899,455024481,0,20400,125052,455149533
2018-09-21,8821088,456174871,84936,105336,650976,456825847
2018-09-25,3142598,456983517,0,20400,125664,457109181
2018-09-26,2821516,454169638,5000,25400,157226,454326864
2018-09-27,2291262,451005597,0,20400,123420,451129017
2018-09-28,3044584,448741092,99300,119700,737352,449478444
2018-10-08,6827583,451618790,5700,26100,155817,451774607
2018-10-09,2787793,451390712,51500,71900,437871,451828583
2018-10-10,3431865,452871458,0,20400,125868,452997326
2018-10-11,4781779,442297287,5000,25400,140970,442438257
2018-10-12,4890523,421366341,0,20400,106284,421472625
2018-10-15,9980197,415410366,35000,55400,275338,415685704
2018-10-16,3159916,392281171,0,50400,240408,392521579
2018-10-17,2132380,387411977,5000,25400,121920,387533897
2018-10-18,1350612,381386419,0,20400,93840,381480259
2018-10-19,7334627,371632241,5000,25400,118364,371750605
2018-10-22,4617774,368219818,30000,50400,245952,368465770
2018-10-23,3837436,368270108,5000,25400,121412,368391520
2018-10-24,4050695,368090845,0,20400,98532,368189377
2018-10-25,1224231,366899511,35000,55400,268136,367167647
2018-10-26,5140077,368921228,30000,50400,245952,369167180
2018-10-29,2171975,369360306,5000,25400,122428,369482734
2018-10-30,2127129,367731870,60000,80400,395568,368127438
2018-10-31,8265206,371467109,85000,102200,520198,371987307
2018-11-01,7536829,372184047,30000,47200,238360,372422407
2018-11-02,7562772,372684032,75000,92200,477596,373161628
2018-11-05,4658087,372529647,0,17200,89096,372618743
2018-11-06,4839571,370593560,66300,83500,435035,371028595
2018-11-07,5734687,368766223,70900,88100,463406,369229629
2018-11-08,4441489,366852387,5800,23000,118910,366971297
2018-11-09,2207413,362283529,0,17900,91469,362374998
2018-11-12,5411640,362435992,5000,22900,121141,362557133
2018-11-13,6877990,360896664,40200,58100,316064,361212728
2018-11-14,5322825,361379293,45100,63200,339384,361718677
2018-11-15,3282033,361218278,0,18200,99736,361318014
2018-11-16,7854571,364559370,115000,133200,733932,365293302
2018-11-19,3384655,362731456,30400,31400,175212,362906668
2018-11-20,4348998,361252411,5000,6400,34496,361286907
2018-11-21,3170271,361316745,800,1600,8704,361325449
2018-11-22,3129479,362506768,5000,6600,35772,362542540
2018-11-23,4453706,360698058,600,1600,8096,360706154
2018-11-26,3611572,362914465,5000,6600,33396,362947861
2018-11-27,1820003,362955034,0,1600,8192,362963226
2018-11-28,1666321,361543774,45000,46600,240922,361784696
2018-11-29,3022643,360832558,60000,61600,312928,361145486
2018-11-30,2008189,360464194,6600,6600,33924,360498118
2018-12-03,4077767,361765618,70600,72200,381216,362146834
2018-12-04,3422944,361464267,5000,7200,38376,361502643
2018-12-05,9455016,362980926,71600,72700,400577,363381503
2018-12-06,8228355,365650338,5400,7200,37944,365688282
2018-12-07,2903996,364477545,39992,42192,220242,364697787
2018-12-10,2351941,365263138,5500,7200,36720,365299858
2018-12-11,1420642,365448408,0,2200,11286,365459694
2018-12-12,2128257,362714365,75000,77200,398352,363112717
2018-12-13,3710593,362685054,0,2200,11462,362696516
2018-12-14,2092759,361419325,5000,7200,36360,361455685
2018-12-17,2707799,362584850,0,1600,8048,362592898
2018-12-18,2355707,361767445,40400,42000,207900,361975345
2018-12-19,973562,361152385,0,1600,7920,361160305
2018-12-20,1720342,361707880,5000,6600,32934,361740814
2018-12-21,1770080,361896623,400,2000,9840,361906463
2018-12-24,276502,360814279,5000,7000,34790,360849069
2018-12-25,1997365,360688329,0,2000,9680,360698009
2018-12-26,990580,360591772,5000,7000,33740,360625512
2018-12-27,1046654,360886772,0,2000,9500,360896272
2018-12-28,471112,359694259,5000,7000,33040,359727299
2019-01-02,428949,359032146,0,2000,9400,359041546
2019-01-03,895096,357729840,5000,7000,33250,357763090
2019-01-04,7324070,363290453,69953,71953,354009,363644462
2019-01-07,8120805,365631550,75000,77000,398860,366030410
2019-01-08,3307546,366841965,40000,42000,213780,367055745
2019-01-09,5182381,369074310,5000,7000,35420,369109730
2019-01-10,1417845,368256252,0,2000,10040,368266292
2019-01-11,1938689,362837295,65000,67000,341700,363178995
2019-01-14,2788174,345071168,0,1600,8144,345079312
2019-01-15,2746425,344139010,5000,6600,34056,344173066
2019-01-16,2552196,344399845,0,1600,8208,344408053
2019-01-17,4658250,344869011,136600,137200,701092,345570103
2019-01-18,10472867,347982570,81000,81600,429216,348411786
2019-01-21,4415490,347619817,5000,6600,34980,347654797
2019-01-22,3501334,343912779,100,1700,8806,343921585
2019-01-23,2194430,342701314,6500,6600,34320,342735634
2019-01-24,1596350,342235883,0,6400,33152,342269035
2019-01-25,2474730,339333757,200,1800,9180,339342937
2019-01-28,1021334,338825396,4800,6400,32448,338857844
2019-01-29,1973130,337693803,200,1400,6902,337700705
2019-01-30,1636691,336233555,4800,5300,25917,336259472
2019-01-31,1924024,334965099,200,200,956,334966055
2019-02-01,1099636,331018242,4800,4800,23568,331041810
2019-02-11,4493716,333694938,60200,60200,305214,334000152
2019-02-12,3559916,333516868,4800,4800,24576,333541444
2019-02-13,8259033,337190154,125000,125000,651250,337841404
2019-02-14,4587261,338717349,6100,6100,31903,338749252
2019-02-15,4101328,338689453,200,1500,7830,338697283
2019-02-18,12810814,344343405,5900,6400,34240,344377645
2019-02-19,10640992,344591086,211800,211800,1126776,345717862
2019-02-20,16305557,348081125,6400,6400,34624,348115749
2019-02-21,14716795,349643027,131000,132300,715743,350358770
2019-02-22,7928124,347788736,5100,6400,35200,347823936
2019-02-25,20640367,340361826,211800,211800,1281390,341643216
2019-02-26,53100481,361350012,6900,6900,45954,361395966
2019-02-27,78007409,370280577,211800,212300,1447886,371728463
2019-02-28,29022417,371551994,6400,6900,44781,371596775
2019-03-01,20649729,369136758,91800,92300,607334,369744092
2019-03-04,52753434,383620244,126306,126806,868621,384488865
2019-03-05,33007619,386381374,91800,92300,627640,387009014
2019-03-06,51538746,381269846,126400,126900,873072,382142918
2019-03-07,79867285,397099420,91800,92300,698711,397798131
2019-03-08,56814770,394185213,126400,126900,874341,395059554
2019-03-11,47991534,405618146,91800,92300,663637,406281783
2019-03-12,35604337,400980528,126400,126900,911142,401891670
2019-03-13,24654972,405740249,91800,92300,642408,406382657
2019-03-14,16778134,397756573,124000,124500,837885,398594458
2019-03-15,13032581,393711783,94200,94700,643013,394354796
2019-03-18,20293652,385496763,124000,126900,875610,386372373
2019-03-19,21037796,393992811,91900,92400,644952,394637763
2019-03-20,18113877,393559423,6400,7000,47950,393607373
2019-03-21,24383972,392518471,165200,165800,1142362,393660833
2019-03-22,16786897,390001763,53000,53500,370755,390372518
2019-03-25,14365627,383228411,90142,92242,611564,383839975
2019-03-26,9980241,383964160,46400,46900,303912,384268072
2019-03-27,9528884,384056284,1800,2300,14835,384071119
2019-03-28,5140853,379244040,6400,6900,43608,379287648
2019-03-29,9530727,379404778,61800,62300,409311,379814089
2019-04-01,26577380,390150713,126400,126900,875610,391026323
2019-04-02,24614720,391596703,91800,92300,646100,392242803
2019-04-03,13660319,393882396,6400,6900,48024,393930420
2019-04-04,16273843,388747869,91798,92298,644240,389392109
2019-04-08,44239518,392938295,126400,126900,913680,393851975
2019-04-09,19313068,384119094,1800,2300,15916,384135010
2019-04-10,16943783,380536042,6400,6900,46920,380582962
2019-04-11,9659570,376929549,1800,2300,15364,376944913
2019-04-12,3991858,372436193,6400,6900,46368,372482561
2019-04-15,15729389,379401095,1800,2300,15341,379416436
2019-04-16,27941761,389271608,216400,216900,1531314,390802922
2019-04-17,15322101,382696137,1800,2300,16100,382712237
2019-04-18,16035257,378438133,6400,6900,47748,378485881
2019-04-19,23608650,386492807,91730,92230,659445,387152252
2019-04-22,25657369,391193514,6400,6900,47196,391240710
2019-04-23,14565152,390317129,211800,212300,1456378,391773507
2019-04-24,21583038,389198946,6400,6900,49059,389248005
2019-04-25,33676404,386062033,151790,152290,1040141,387102174
2019-04-26,13463794,386160872,20200,20700,133929,386294801
2019-04-29,9673125,374975557,48045,48545,295639,375271196
2019-04-30,8643340,375904021,5600,7000,42000,375946021
2019-05-06,7879943,371472600,83700,84200,461416,371934016
2019-05-07,6099289,368382261,6400,6900,37881,368420142
2019-05-08,2000108,366291514,61600,62300,344519,366636033
2019-05-09,2270736,366065693,156400,156900,866088,366931781
2019-05-10,6872665,368232952,1800,2300,13018,368245970
2019-05-13,2674641,367849634,4800,6900,38916,367888550
2019-05-14,2022041,363388668,31600,37115,210442,363599110
2019-05-15,2900030,363265288,0,500,2870,363268158
2019-05-16,9414499,363228819,216600,217100,1330823,364559642
2019-05-17,5938045,362834864,1600,62100,355833,363190697
2019-05-20,9366581,363994033,106600,107100,652239,364646272
2019-05-21,23298384,369677567,109400,109900,726439,370404006
2019-05-22,11799486,366757248,108800,217100,1361217,368118465
2019-05-23,12004149,365768905,1600,122100,774114,366543019
2019-05-24,7159372,365900043,94800,96800,593384,366493427
2019-05-27,9597938,370345720,121900,182100,1143588,371489308
2019-05-28,11402603,372030219,35000,37100,230391,372260610
2019-05-29,25907532,375118796,180990,181490,1185130,376303926
2019-05-30,77497530,378081232,36400,78490,563558,378644790
2019-05-31,95663470,402099063,140200,182090,1352929,403451992
2019-06-03,57008563,412511253,36600,37100,257474,412768727
2019-06-04,36592695,402831542,1600,2100,14490,402846032
2019-06-05,28620407,398070841,116600,117100,793938,398864779
2019-06-06,18805909,385563398,101600,132100,885070,386448468
2019-06-10,43914267,392212171,86600,127100,936727,393148898
2019-06-11,48462227,395625064,90100,131900,1069709,396694773
2019-06-12,180092626,468776995,86600,187200,1669824,470446819
2019-06-13,183567473,519133298,31600,72200,605036,519738334
2019-06-14,151075921,504176338,146600,186700,1592551,505768889
2019-06-17,130219793,491169936,31600,131700,1091793,492261729
2019-06-18,84230616,488753788,86600,216700,1657755,490411543
2019-06-19,73613875,491304948,1600,101600,775208,492080156
2019-06-20,97999268,499578411,116600,216600,1698144,501276555
2019-06-21,82178030,502763035,11600,111600,859320,503622355
2019-06-24,68065813,496245830,116600,216600,1685148,497930978
2019-06-25,59367265,491056184,1600,61600,450912,491507096
2019-06-26,32410035,483753010,36600,96600,688758,484441768
2019-06-27,34083423,484411180,1600,1600,11376,484422556
2019-06-28,57893373,477460971,217175,217175,1602752,479063723
2019-07-01,58853256,488111097,1600,32200,234416,488345513
2019-07-02,34560816,492511688,141700,142300,1020291,493531979
2019-07-03,22616061,484971329,6600,6600,46398,485017727
2019-07-04,29597745,476605442,226200,226200,1549470,478154912
2019-07-05,20563257,481682747,61400,115400,785874,482468621
2019-07-08,23264327,472400268,45600,99600,634452,473034720
2019-07-09,17541710,465421269,167400,255400,1647330,467068599
2019-07-10,11622323,460593571,1000,55600,349724,460943295
2019-07-11,15632924,456303466,66600,120600,763398,457066864
2019-07-12,8600822,450863445,1500,55600,349724,451213169
2019-07-15,15489859,456200729,161400,215400,1380714,457581443
2019-07-16,11877182,452263064,81600,135600,863772,453126836
2019-07-17,12060600,451545718,5900,60600,384204,451929922
2019-07-18,19758055,451699037,156400,210400,1342352,453041389
2019-07-19,15101580,452031935,6200,6600,41778,452073713
2019-07-22,15132664,442169381,209000,209000,1216380,443385761
2019-07-23,6750840,429292688,140900,163500,1000620,430293308
2019-07-24,5124359,425969169,4100,4100,25338,425994507
2019-07-25,7745658,423391639,177000,177000,1079700,424471339
2019-07-26,6229297,420291860,6000,71400,434826,420726686
2019-07-29,3658286,418150514,3300,63100,380493,418531007
2019-07-30,6400225,418591589,200,6600,39864,418631453
2019-07-31,5674613,417705395,71200,71600,429600,418134995
2019-08-01,6503480,415819140,8000,8300,49385,415868525
2019-08-02,29386630,427038506,282139,283839,1796700,428835206
2019-08-05,26538027,436393415,6600,98900,623070,437016485
2019-08-06,38563935,434019286,233600,235900,1533350,435552636
2019-08-07,52104050,440506427,138600,200900,1378174,441884601
2019-08-08,40850026,442946278,143600,145900,960022,443906300
2019-08-09,46082425,457552976,48600,50900,329832,457882808
2019-08-12,21839357,452215832,4900,53300,340054,452555886
2019-08-13,42407950,458730511,183000,230500,1518995,460249506
2019-08-14,28576975,457606884,5800,53900,350889,457957773
2019-08-15,21080351,453375401,6900,57700,368703,453744104
2019-08-16,49075366,462963804,321814,372914,2457503,465421307
2019-08-19,36527013,465125898,6600,128000,855040,465980938
2019-08-20,24313776,456446430,109200,143700,955605,457402035
2019-08-21,14081000,446718090,6600,43700,281428,446999518
2019-08-22,11462622,447089626,173200,207700,1329280,448418906
2019-08-23,18228540,445582021,232600,264800,1710608,447292629
2019-08-26,18971130,437390439,172100,245700,1508598,438899037
2019-08-27,14298135,431390704,5400,80700,495498,431886202
2019-08-28,10353189,425468896,1600,75200,451952,425920848
2019-08-29,5058826,422405779,1600,34200,206226,422612005
2019-08-30,10715424,418361693,188600,221200,1331624,419693317
2019-09-02,11694830,419973029,1500,34200,208620,420181649
2019-09-03,10901746,420076517,2900,35900,218631,420295148
2019-09-04,13649408,419122665,214100,246700,1524606,420647271
2019-09-05,19509977,418564073,11600,45900,285039,418849112
2019-09-06,11011822,418091826,1600,45900,281367,418373193
2019-09-09,11784870,414274955,4900,39200,243824,414518779
2019-09-10,15803550,414735219,278600,311200,1951224,416686443
2019-09-11,12871765,412868086,66600,109200,694512,413562598
2019-09-12,19129527,417200775,191600,194200,1235112,418435887
2019-09-16,8781106,406702614,6600,9200,58512,406761126
2019-09-17,39986885,413230487,398900,401500,2633840,415864327
2019-09-18,63233271,422615026,43600,98800,672828,423287854
2019-09-19,45867156,424038703,268556,313756,2183742,426222445
2019-09-20,26003635,423482774,6600,138800,931348,424414122
2019-09-23,19259766,424289145,141600,231200,1562912,425852057
2019-09-24,30612669,418880230,109200,228800,1587872,420468102
2019-09-25,53272879,431571730,198600,283800,2032008,433603738
2019-09-26,35918294,419231460,24700,156900,1101438,420332898
2019-09-27,38693366,413284938,268600,376900,2755139,416040077
2019-09-30,29970739,402422382,48600,196900,1325137,403747519
2019-10-08,13825529,401964576,1600,156900,1035540,403000116
2019-10-09,16989128,406234936,41600,133800,913854,407148790
2019-10-10,21636208,412339784,1600,93800,645344,412985128
2019-10-11,17454400,409787294,161600,253800,1725840,411513134
2019-10-14,30797195,415352493,1600,153800,1044302,416396795
2019-10-15,33748220,417257141,221600,371200,2598400,419855541
2019-10-16,26088183,412840980,3600,233200,1585760,414426740
2019-10-17,11125618,411553806,2200,173800,1143604,412697410
2019-10-18,26670458,412406953,48600,173800,1075822,413482775
2019-10-21,10146032,412678241,101400,273800,1642800,414321041
2019-10-22,8482509,414424485,700,173800,1039324,415463809
2019-10-23,5372166,411162998,1600,126800,748120,411911118
2019-10-24,6599237,410508725,2200,127400,754208,411262933
2019-10-25,6756143,410754284,1500,127400,750386,411504670
2019-10-28,8350786,409028482,61200,106800,636528,409665010
2019-10-29,7705024,409440892,200,46800,270504,409711396
2019-10-30,10704817,396646839,118500,164400,854880,397501719
2019-10-31,2997158,388051411,1000,46800,238680,388290091
2019-11-01,6508046,387957411,201402,246702,1307520,389264931
2019-11-04,3192923,384527310,1000,86800,454832,384982142
2019-11-05,3875526,382639580,71600,116800,608528,383248108
2019-11-06,5119489,381624707,10800,56800,290248,381914955
2019-11-07,3992945,381689280,4600,50100,258015,381947295
2019-11-08,4297659,381240693,1600,50100,254508,381495201
2019-11-11,4253434,354966789,108000,114200,565290,355532079
2019-11-12,4392657,354426073,1600,14200,69296,354495369
2019-11-13,2114546,352136993,100,14300,68497,352205490
2019-11-14,1860862,351608889,200,14200,68444,351677333
2019-11-15,3225906,351057514,70900,84200,406686,351464200
2019-11-18,1847292,349724928,800,14800,70448,349795376
2019-11-19,4033690,350595433,31600,44800,219520,350814953
2019-11-20,7015587,351408132,262600,277400,1409192,352817324
2019-11-21,4307307,349060324,600,107400,531630,349591954
2019-11-22,4850729,346265290,30300,137700,682992,346948282
2019-11-25,6258849,347415791,41000,148000,747400,348163191
2019-11-26,3414229,345499713,1100,107375,535801,346035514
2019-11-27,3614581,344833238,31500,87375,433380,345266618
2019-11-28,1869102,342108350,0,57375,282859,342391209
2019-11-29,1636422,340856328,0,57375,279990,341136318
2019-12-02,2732641,340625456,0,57375,276548,340902004
2019-12-03,3901947,341698832,70000,127375,627959,342326791
2019-12-04,4584412,341636570,148000,235375,1181583,342818153
2019-12-05,2526237,339736247,0,147375,741296,340477543
2019-12-06,4815524,339561006,70800,128175,640875,340201881
2019-12-09,3063617,336913545,11500,66275,333363,337246908
2019-12-10,3091065,335782805,100,56375,283003,336065808
2019-12-11,1303336,331984216,0,56375,279620,332263836
2019-12-12,3784742,333042883,60000,116375,573729,333616612
2019-12-13,5909909,334256056,0,56375,281311,334537367
2019-12-16,6120586,332118243,0,56375,283566,332401809
2019-12-17,10832259,333443615,126500,140275,728027,334171642
2019-12-18,10001656,335072900,0,13775,71630,335144530
2019-12-19,8750062,336805283,10000,23775,125057,336930340
2019-12-20,10345431,336355032,0,13775,71355,336426387
2019-12-23,6810962,337413999,0,13775,69426,337483425
2019-12-24,7880154,335318363,190000,203775,1080008,336398371
2019-12-25,8324529,335744615,0,43775,228506,335973121
2019-12-26,6107219,337760238,100000,143775,760570,338520808
2019-12-27,19352929,331858816,90000,133775,717034,332575850
2019-12-30,11031697,330318340,0,43775,234634,330552974
2019-12-31,4923581,325779506,0,43775,231132,326010638
2020-01-02,23307685,333451868,110000,153775,850376,334302244
2020-01-03,16415219,336126635,40000,83775,459087,336585722
2020-01-06,11189114,333734383,120000,163775,918778,334653161
2020-01-07,15697009,337993243,40000,83775,468302,338461545
2020-01-08,11652351,335551701,0,43775,237261,335788962
2020-01-09,11455748,339613074,0,43775,238574,339851648
2020-01-10,10697028,338454377,0,43775,234196,338688573
2020-01-13,4972579,337926558,0,43775,236385,338162943
2020-01-14,9023742,334515711,60000,100575,547128,335062839
2020-01-15,7798320,334250002,0,33775,178332,334428334
2020-01-16,3048718,332945603,0,33775,176981,333122584
2020-01-17,6166904,334867322,0,33775,174617,335041939
2020-01-20,4417640,330963783,0,33775,172928,331136711
2020-01-21,5364293,327749062,0,33775,169551,327918613
2020-01-22,3216544,327249902,0,3775,18951,327268853
2020-01-23,3288801,321594694,0,3775,18347,321613041
2020-02-03,763876,317783959,0,3775,16497,317800456
2020-02-04,4229755,314750611,0,3775,15666,314766277
2020-02-05,1830997,309638760,0,3775,16270,309655030
2020-02-06,1619907,307536457,0,3775,16572,307553029
2020-02-07,1898943,305159595,0,3775,16572,305176167
2020-02-10,7830452,307864097,170000,173775,799365,308663462
2020-02-11,1764531,303632030,0,50600,231748,303863778
2020-02-12,6099213,301806611,100000,100600,485898,302292509
2020-02-13,7970614,301756866,2900,3500,16800,301773666
2020-02-14,4379608,300476251,300,3800,18392,300494643
2020-02-17,8767011,303034765,0,3800,19190,303053955
2020-02-18,7126991,300200205,80000,83800,433246,300633451
2020-02-19,4196804,296366800,50000,53800,270076,296636876
2020-02-20,3652523,296344223,0,3800,19152,296363375
2020-02-21,4730579,296507230,0,3200,16128,296523358
2020-02-24,9213109,297525378,40000,43200,218592,297743970
2020-02-25,4683239,294535558,0,3200,15776,294551334
2020-02-26,6577870,293297463,140000,143200,707408,294004871
2020-02-27,3603771,293742755,0,3200,15584,293758339
2020-02-28,6105227,294627663,0,3200,14336,294641999
2020-03-02,4115897,295419562,0,3200,14944,295434506
2020-03-03,3039861,293280607,6800,10000,47400,293328007
2020-03-04,2324356,291639258,0,10000,47500,291686758
2020-03-05,6905087,293735259,10000,20000,97600,293832859
2020-03-06,9553801,296264324,80000,90000,438300,296702624
2020-03-09,6740467,295024935,0,10000,45900,295070835
2020-03-10,3363262,295293124,0,10000,46700,295339824
2020-03-11,2230600,293422501,10000,20000,94000,293516501
2020-03-12,3471901,294574591,0,10000,45500,294620091
2020-03-13,2615844,294332660,0,10000,44700,294377360
2020-03-16,2477443,294384039,14700,17900,78581,294462620
2020-03-17,4912094,296080597,0,17900,76612,296157209
2020-03-18,2639519,294432323,0,17900,74285,294506608
2020-03-19,2116792,294838077,0,17900,73927,294912004
2020-03-20,1451630,292686998,0,17900,75180,292762178
2020-03-23,2927496,292653925,0,17900,72495,292726420
2020-03-24,2498170,291537164,0,17900,74643,291611807
2020-03-25,3113281,291537988,0,17900,75896,291613884
2020-03-26,1874954,290323189,60000,63200,267968,290591157
2020-03-27,2077424,288187947,0,3200,13344,288201291
2020-03-30,714294,287568486,0,3200,12992,287581478
2020-03-31,1526532,287050414,80000,83200,346112,287396526
2020-04-01,1465432,286984491,0,3200,13216,286997707
2020-04-02,867170,286480247,0,3200,13408,286493655
2020-04-03,928870,284849612,0,3200,13280,284862892
2020-04-07,1873277,284746072,0,3200,13600,284759672
2020-04-08,1598141,283648294,0,3200,13760,283662054
2020-04-09,2233457,283491014,0,3200,13696,283504710
2020-04-10,2982611,284049011,0,3200,13312,284062323
2020-04-13,1195693,282924225,41900,45100,186714,283110939
2020-04-14,1966687,283173090,0,3200,13440,283186530
2020-04-15,1551440,282432027,0,3200,13216,282445243
2020-04-16,1824247,283220111,0,3200,13216,283233327
2020-04-17,2444819,283850857,0,3200,13152,283864009
2020-04-20,653907,282564747,0,3200,13120,282577867
2020-04-21,1588310,282986721,0,3200,12960,282999681
2020-04-22,3096356,284661050,75900,79100,325101,284986151
2020-04-23,2313450,284286230,0,3200,13152,284299382
2020-04-24,2575897,285062372,0,3200,12928,285075300
2020-04-27,782884,283952999,0,3200,12896,283965895
2020-04-28,1317306,282475168,0,3200,12448,282487616
2020-04-29,960556,280980113,0,3200,12288,280992401
2020-04-30,2717218,280628271,0,3200,12544,280640815
2020-05-06,1197022,278511324,24000,27200,110704,278622028
2020-05-07,2527117,278241174,0,3200,13184,278254358
2020-05-08,1760872,277574206,0,3200,13216,277587422
2020-05-11,990500,276881196,500,3700,15207,276896403
2020-05-12,262516,275330663,0,0,0,275330663
2020-05-13,234391,273978500,0,0,0,273978500
2020-05-14,702478,273269040,5000,5000,20500,273289540
2020-05-15,619514,271944460,800,5800,23606,271968066
2020-05-18,3952674,274276721,300,5300,22101,274298822
2020-05-19,4234373,275118176,1900,6900,28773,275146949
2020-05-20,1446027,274112277,400,5600,23072,274135349
2020-05-21,2490822,273458233,224400,229400,942834,274401067
2020-05-22,6233840,276451759,30100,35100,147069,276598828
2020-05-25,9164648,279219248,0,5000,21400,279240648
2020-05-26,15755192,285818304,189000,194000,855540,286673844
2020-05-27,7293521,284023591,0,5000,22000,284045591
2020-05-28,18415851,290767510,227699,232699,1051799,291819309
2020-05-29,11526820,292718140,0,5000,22350,292740490
2020-06-01,14112752,296888054,0,5000,22300,296910354
2020-06-02,8789828,294916595,0,5000,22750,294939345
2020-06-03,20171842,308356713,0,5000,22350,308379063
2020-06-04,9008701,309445762,0,5000,21900,309467662
2020-06-05,5090671,294671733,0,5000,21750,294693483
2020-06-08,2757085,294068736,0,5000,21750,294090486
2020-06-09,5082806,296809100,0,5000,21650,296830750
2020-06-10,2157079,295266820,0,5000,22000,295288820
2020-06-11,3936557,294709081,22700,27700,120772,294829853
2020-06-12,6022766,296383361,0,5000,21100,296404461
2020-06-15,3796976,292225298,0,5000,20300,292245598
2020-06-16,2166949,291286694,29600,34600,143590,291430284
2020-06-17,2367101,290780990,2900,7900,32864,290813854
2020-06-18,2149990,290891182,1800,7900,33022,290924204
2020-06-19,2846951,290051560,0,6100,25437,290076997
2020-06-22,3977484,289957863,0,6100,25376,289983239
2020-06-23,3165710,289735348,0,6100,25132,289760480
2020-06-24,1702322,289448276,0,6100,24888,289473164
2020-06-29,1353872,288229927,0,6100,24461,288254388
2020-06-30,1032129,287200937,0,6100,24644,287225581
2020-07-01,3312470,284766048,0,6100,25193,284791241
2020-07-02,5064760,285536119,60000,66100,279603,285815722
2020-07-03,7526910,285670190,0,6100,26718,285696908
2020-07-06,21542146,293942917,60000,66100,310670,294253587
2020-07-07,10684667,291487324,0,6100,28121,291515445
2020-07-08,15816699,291494956,82600,88700,436404,291931360
2020-07-09,17443720,294885205,0,6100,30256,294915461
2020-07-10,8701142,292114390,0,6100,29402,292143792
2020-07-13,13881057,297440194,0,5000,24750,297464944
2020-07-14,22112099,300452407,500,5500,27280,300479687
2020-07-15,5178658,293777695,500,5500,26290,293803985
2020-07-16,41056121,301325517,91700,96700,508642,301834159
2020-07-17,43805483,305107153,182000,276500,1495865,306603018
2020-07-20,50949835,320660650,2200,158700,915699,321576349
2020-07-21,32029983,310094134,0,118200,645372,310739506
2020-07-22,27711959,303886927,160000,197300,1087123,304974050
2020-07-23,22277621,303487645,80900,146000,791320,304278965
2020-07-24,17945363,298702382,100000,175900,879500,299581882
2020-07-27,11868737,300713896,32000,147900,746895,301460791
2020-07-28,40374093,315799747,100200,208100,1157036,316956783
2020-07-29,39261797,295948608,600,148700,837181,296785789
2020-07-30,24207093,285447578,40000,148700,807441,286255019
2020-07-31,17513529,284657097,0,77800,417786,285074883
2020-08-03,23042332,286398740,130900,178700,988211,287386951
2020-08-04,13191494,279536056,0,77800,424010,279960066
2020-08-05,21173415,285771467,160900,208700,1170807,286942274
2020-08-06,30402705,290774378,0,147700,847798,291622176
2020-08-07,30425473,298779116,91000,208700,1189590,299968706
2020-08-10,13966819,292838605,0,37800,207900,293046505
2020-08-11,19588326,299590063,60000,97200,512244,300102307
2020-08-12,10785038,300698938,0,37200,188976,300887914
2020-08-13,4490141,299508481,0,37200,188232,299696713
2020-08-14,2285746,296234843,0,37200,189720,296424563
2020-08-17,8734037,291749590,0,37200,193068,291942658
2020-08-18,5768252,287940628,10000,17200,89096,288029724
2020-08-19,4543118,285468286,20000,27200,139536,285607822
2020-08-20,3068233,283137029,0,7200,36072,283173101
2020-08-21,5865066,284005989,240849,248049,1252647,285258636
2020-08-24,4713688,280815013,0,7200,35640,280850653
2020-08-25,7920768,285076690,0,7200,35136,285111826
2020-08-26,5336133,283173807,0,7200,33696,283207503
2020-08-27,3200092,281154700,0,7200,34056,281188756
2020-08-28,4015143,280933809,0,7200,34200,280968009
2020-08-31,2464680,278243860,10000,17200,82044,278325904
2020-09-01,1887604,277153918,0,7200,34848,277188766
2020-09-02,3184165,278033959,0,7200,34488,278068447
2020-09-03,2776764,276503751,0,7200,33768,276537519
2020-09-04,2415201,276357773,0,7200,34272,276392045
2020-09-07,3103165,275436660,0,7200,33984,275470644
2020-09-08,2148104,274425990,0,7200,34848,274460838
2020-09-09,6620890,276213566,0,7200,34992,276248558
2020-09-10,32466223,275765120,210900,218100,1166835,276931955
2020-09-11,20150175,269014725,600,188700,1111443,270126168
2020-09-14,50701103,292825880,30000,218700,1417176,294243056
2020-09-15,84296178,305324250,0,218700,1292517,306616767
2020-09-16,52785045,299637452,0,218700,1347192,300984644
2020-09-17,52990763,314098306,0,138700,794751,314893057
2020-09-18,34857061,303912210,80000,188700,1098234,305010444
2020-09-21,30206901,304712945,0,78100,437360,305150305
2020-09-22,21605533,299171035,0,78100,422521,299593556
2020-09-23,16717234,297944269,60000,108100,586983,298531252
2020-09-24,12453272,294367876,0,78100,401434,294769310
2020-09-25,8080618,291429517,0,78100,395186,291824703
2020-09-28,8791508,292374731,100,78200,399602,292774333
2020-09-29,8729705,290346758,0,78200,401166,290747924
2020-09-30,5685086,279854621,0,78200,389436,280244057
2020-10-09,14648945,283716057,0,78200,402730,284118787
2020-10-12,9189862,279705816,0,78200,413678,280119494
2020-10-13,17097533,286030208,0,78200,417588,286447796
2020-10-14,11792678,283695311,1900,77900,398848,284094159
2020-10-15,5423191,283169746,0,76000,388360,283558106
2020-10-16,5319808,282509967,0,35100,177255,282687222
2020-10-19,13666446,287249254,40900,76000,389880,287639134
2020-10-20,6915965,287731109,0,75900,390126,288121235
2020-10-21,5672577,284513898,0,75900,380259,284894157
2020-10-22,3787271,282626577,0,75900,374187,283000764
2020-10-23,4690341,280098681,0,75900,365079,280463760
2020-10-26,5299581,283345426,0,35000,168700,283514126
2020-10-27,3549361,282595475,0,35000,169050,282764525
2020-10-28,4497910,282932562,0,35000,166600,283099162
2020-10-29,5752305,281246302,70900,75900,371151,281617453
2020-10-30,5725446,282641619,0,45900,215730,282857349
2020-11-02,2926346,280846757,0,45900,212058,281058815
2020-11-03,7173247,276617007,150000,195900,955992,277572999
2020-11-04,4926234,276564867,7000,112900,553210,277118077
2020-11-05,4996391,276880137,10000,122900,608355,277488492
2020-11-06,8836761,273546334,90500,203400,1045476,274591810
2020-11-09,22981196,288091598,10000,122900,640309,288731907
2020-11-10,12520675,284282167,2000,114900,600927,284883094
2020-11-11,23557242,289483071,19300,132200,699338,290182409
2020-11-12,10248443,285355006,500,113400,605556,285960562
2020-11-13,12457646,286988664,23000,135900,736578,287725242
2020-11-16,27313667,291173036,80000,155900,890189,292063225
2020-11-17,18069781,291779337,0,52900,292008,292071345
2020-11-18,18790837,293185052,20000,32000,180480,293365532
2020-11-19,10166537,286456879,0,12000,65400,286522279
2020-11-20,15611116,289795238,65900,77900,436240,290231478
2020-11-23,36230762,299201545,60200,137100,797922,299999467
2020-11-24,23790223,299750557,500,137400,821652,300572209
2020-11-25,21138166,303224703,0,136900,783068,304007771
2020-11-26,11266619,296517748,80000,216900,1214640,297732388
2020-11-27,9625203,294522075,0,112900,625466,295147541
2020-11-30,19600599,298700154,0,112900,639014,299339168
2020-12-01,14708863,297071495,20000,72900,408969,297480464
2020-12-02,15790993,296010075,5200,68100,387489,296397564
2020-12-03,18286899,303526952,0,62900,340918,303867870
2020-12-04,8455440,296280044,0,52900,295711,296575755
2020-12-07,6392598,292270553,0,52900,290950,292561503
2020-12-08,5981644,292579102,0,52900,285131,292864233
2020-12-09,5607422,285176753,0,52900,277196,285453949
2020-12-10,4744212,285344614,0,52900,280370,285624984
2020-12-11,8876798,283895508,0,52900,274551,284170059
2020-12-14,6218363,280285930,0,52900,276667,280562597
2020-12-15,4876008,281379669,0,12000,61560,281441229
2020-12-16,9354669,278687764,125900,137900,722596,279410360
2020-12-17,17625364,280388015,800,138700,769785,281157800
2020-12-18,20754716,284247565,0,113500,646950,284894515
2020-12-21,12993931,272481004,40000,153500,899510,273380514
2020-12-22,12596429,263776859,12200,125100,709317,264486176
2020-12-23,8569342,262688781,13000,65900,377607,263066388
2020-12-24,7460383,261782439,0,12000,67200,261849639
2020-12-25,12407341,260558625,66100,78100,464695,261023320
2020-12-28,10694244,261366135,0,13000,75920,261442055
2020-12-29,11003321,262541314,25300,37300,208134,262749448
2020-12-30,11989991,260418966,61000,74100,436449,260855415
2020-12-31,10643098,262979497,0,73100,423980,263403477
2021-01-04,13226185,266600364,0,13100,77945,266678309
2021-01-05,14211036,266922547,500,13600,79696,267002243
2021-01-06,10769074,269062245,0,13100,74015,269136260
2021-01-07,20621347,271262690,202100,215200,1265376,272528066
2021-01-08,27251619,276025254,4000,54000,287820,276313074
2021-01-11,8210559,274116002,600,53500,267500,274383502
2021-01-12,7013535,273183202,25200,37200,183024,273366226
2021-01-13,8530962,275415874,0,37200,182280,275598154
2021-01-14,3107059,274192967,0,37200,182280,274375247
2021-01-15,4907965,274637029,0,37200,181536,274818565
2021-01-18,5561100,272247750,41900,79100,401037,272648787
2021-01-19,4337551,272266853,0,37200,184512,272451365
2021-01-20,9046758,275332335,100900,138100,701548,276033883
2021-01-21,13519077,272652676,0,78100,417054,273069730
2021-01-22,4740465,268340931,0,78100,402996,268743927
2021-01-25,8827380,267066285,0,78100,406120,267472405
2021-01-26,8066815,267350311,60000,138100,720882,268071193
2021-01-27,5448916,263126725,0,78100,391281,263518006
2021-01-28,4624148,263094133,0,78100,385033,263479166
2021-01-29,3749414,261944294,0,37200,178932,262123226
2021-02-01,2892958,262581762,0,37200,181536,262763298
2021-02-02,2156887,262214788,0,37200,182652,262397440
2021-02-03,6921751,263403801,0,37200,186744,263590545
2021-02-04,6576574,262409272,0,37200,178932,262588204
2021-02-05,3457416,262521852,0,37200,174096,262695948
2021-02-08,3453658,262361272,0,37200,175956,262537228
2021-02-09,7927205,260673287,0,37200,193440,260866727
2021-02-10,7604441,258776146,60000,97200,555984,259332130
2021-02-18,0,256984195,600,97800,615162,257599357
2021-02-19,87629454,297264898,40900,138700,959804,298224702
2021-02-22,50795410,289621696,0,138700,1051346,290673042
2021-02-23,109147962,317865594,0,138700,959804,318825398
2021-02-24,88622079,321522049,0,138700,1055507,322577556
2021-02-25,110829768,327837400,0,138700,979222,328816622
2021-02-26,66216489,329358997,79958,218058,1406474,330765471
2021-03-01,54754582,331137210,600,138700,984770,332121980
2021-03-02,91253358,329561338,0,138700,1083247,330644585
2021-03-03,43242047,324079933,0,138700,1191433,325271366
2021-03-04,117856018,370850811,0,138700,1310715,372161526
2021-03-05,113115843,350346857,10000,148700,1353170,351700027
2021-03-08,119038256,353610769,40000,178700,1788787,355399556
2021-03-09,73001458,335927107,40000,216600,1951566,337878673
2021-03-10,70160703,328729830,1400,138000,1124700,329854530
2021-03-11,86251322,339688224,80100,216700,1854952,341543176
2021-03-12,68596975,324872698,1400,138100,1218042,326090740
2021-03-15,47518983,324356924,1100,139200,1180416,325537340
2021-03-16,38852186,316327185,0,137700,1126386,317453571
2021-03-17,32947157,312558529,66000,203700,1623489,314182018
2021-03-18,31506250,310315991,1400,164300,1260181,311576172
2021-03-19,43622934,317194901,600,163500,1265490,318460391
2021-03-22,43274280,320886939,1500,164400,1265880,322152819
2021-03-23,44295014,322610641,13900,178300,1235619,323846260
2021-03-24,37542170,316387213,500,178800,1256964,317644177
2021-03-25,46747793,316208338,0,178800,1382124,317590462
2021-03-26,82281741,336843714,100,178900,1520650,338364364
2021-03-29,119599933,348438932,39700,218600,1899634,350338566
2021-03-30,92515310,326783451,0,218600,1904006,328687457
2021-03-31,75749466,335642464,0,218600,1879960,337522424
2021-04-01,51340234,332520180,0,218600,1849356,334369536
2021-04-02,29194381,302579304,0,218600,1764102,304343406
2021-04-06,20309585,295900913,0,218600,1740056,297640969
2021-04-07,75070578,330201573,0,218600,1914936,332116509
2021-04-08,96658303,348968443,0,218600,2107304,351075747
2021-04-09,119338059,374495841,0,218600,2153210,376649051
2021-04-12,104696275,405797462,100,218700,2029536,407826998
2021-04-13,62133310,381803928,0,218700,1961739,383765667
2021-04-14,77289746,399147608,0,218700,2005479,401153087
2021-04-15,41010728,359508914,7500,226200,2026752,361535666
2021-04-16,31835726,349839584,1000,227200,1988000,351827584
2021-04-19,75390579,357039782,6500,233700,2171073,359210855
2021-04-20,180934914,437578008,0,233700,2388414,439966422
2021-04-21,108319435,373584891,0,233700,2301945,375886836
2021-04-22,76621363,358782475,0,233700,2348685,361131160
2021-04-23,43500866,343278281,0,233700,2262216,345540497
2021-04-26,59458968,359781034,0,233700,2292597,362073631
2021-04-27,76252499,360365970,0,233700,2437491,362803461
2021-04-28,65053132,372473371,0,233700,2383740,374857111
2021-04-29,97678970,378979857,0,233700,2530971,381510828
2021-04-30,123928141,396365982,0,218700,2482245,398848227
2021-05-06,74832863,382074349,15000,233700,2918913,384993262
2021-05-07,164228556,385331016,0,233700,2816085,388147101
2021-05-10,189071153,451436179,0,233700,3077829,454514008
2021-05-11,97460446,397644943,0,233700,2790378,400435321
2021-05-12,72656303,404844328,0,233700,2869836,407714164
2021-05-13,101399038,400687660,0,233700,2949294,403636954
2021-05-14,72359002,389554375,0,233700,2862825,392417200
2021-05-17,62980735,371291829,0,233700,2671191,373963020
2021-05-18,48697652,366624910,0,233700,2710920,369335830
2021-05-19,72431325,381679580,10000,238700,2816660,384496240
2021-05-20,48522050,360101873,5000,243700,2629523,362731396
2021-05-21,42944811,356645739,0,243700,2690448,359336187
2021-05-24,40099090,341666672,0,243700,2573472,344240144
2021-05-25,55048957,365311695,0,243700,2612464,367924159
2021-05-26,96891940,380945766,0,243700,2756247,383702013
2021-05-27,49077120,375478005,0,243700,2705070,378183075
2021-05-28,51219149,375732638,0,243700,2658767,378391405
2021-05-31,56384274,383920874,0,243700,2705070,386625944
2021-06-01,49598650,378244693,0,243700,2631960,380876653
2021-06-02,35223449,378884785,0,243700,2534480,381419265
2021-06-03,42094371,365249923,0,243700,2578346,367828269
2021-06-04,27270902,358524060,0,243700,2493051,361017111
2021-06-07,24243182,364841157,0,204000,2060400,366901557
2021-06-08,29100698,357004560,0,204000,1991040,358995600
2021-06-09,21828904,358567830,39700,233700,2273901,360841731
2021-06-10,21979428,351062973,0,218700,2103894,353166867
2021-06-11,28682853,348515970,0,179000,1738090,350254060
2021-06-15,23299491,342526344,0,179000,1639640,344165984
2021-06-16,18625702,346087480,0,179000,1582360,347669840
2021-06-17,13757425,340610213,0,179000,1618160,342228373
2021-06-18,22332783,340001091,0,179000,1655750,341656841
2021-06-21,39939879,355131116,0,179000,1684390,356815506
2021-06-22,45199111,354778447,0,179000,1752410,356530857
2021-06-23,25654123,347277730,39700,218700,2106081,349383811
2021-06-24,23758709,346419695,0,179000,1705870,348125565
2021-06-25,24635515,342890510,0,179000,1700500,344591010
2021-06-28,16316046,340319152,0,138700,1296845,341615997
2021-06-29,20799981,343745691,0,138700,1280201,345025892
2021-06-30,24932717,342926243,5000,143700,1347906,344274149
2021-07-01,15020537,331857151,5000,143700,1276056,333133207
2021-07-02,15773551,328288669,45300,184000,1667040,329955709
2021-07-05,33008456,335299331,44700,223700,2143046,337442377
2021-07-06,67540574,353602402,5000,184000,1834480,355436882
2021-07-07,80023294,357132158,5000,184000,1922800,359054958
2021-07-08,72366615,368501639,5000,184000,1858400,370360039
2021-07-09,88024177,378817205,44700,223700,2433856,381251061
2021-07-12,78633940,366255879,5000,223700,2402538,368658417
2021-07-13,45818895,359328553,5000,184000,1884160,361212713
2021-07-14,71325019,367749067,5000,184000,1952240,369701307
2021-07-15,64834133,360117551,5000,184000,1990880,362108431
2021-07-16,72739259,351449200,5000,184000,2016640,353465840
2021-07-19,94356254,361659139,44700,223700,2572550,364231689
2021-07-20,97131467,383411510,5000,184000,2066320,385477830
2021-07-21,72016325,391052014,5000,184000,2068160,393120174
2021-07-22,63350134,402077024,5000,184000,2042400,404119424
2021-07-23,66890766,394922785,45000,224000,2528960,397451745
2021-07-26,60123827,398610184,5000,224000,2423680,401033864
2021-07-27,42335230,380780076,0,128700,1287000,382067076
2021-07-28,21249104,368843553,40300,169000,1608880,370452433
2021-07-29,20114767,352476531,50000,169000,1720420,354196951
2021-07-30,20579883,344449654,50000,219000,2268840,346718494
2021-08-02,24990034,348771974,0,119000,1228080,350000054
2021-08-03,24616346,336295231,0,119000,1176910,337472141
2021-08-04,61691540,374266657,100000,219000,2281980,376548637
2021-08-05,15568977,338811471,0,119000,1194760,340006231
2021-08-06,76678500,349281338,100000,219000,2417760,351699098
2021-08-09,55705275,350569256,0,119000,1350650,351919906
2021-08-10,37915023,351668900,7000,126000,1416240,353085140
2021-08-11,33258989,348951048,600,124000,1381360,350332408
2021-08-12,50801179,364608562,9000,132400,1490824,366099386
2021-08-13,37332425,354851065,1600,125000,1396250,356247315
2021-08-16,21029942,338650784,4500,124100,1320424,339971208
2021-08-17,17912045,334448332,5000,124000,1266040,335714372
2021-08-18,15071996,337856172,1200,123200,1256640,339112812
2021-08-19,12680026,336301941,0,120200,1228444,337530385
2021-08-20,12710340,335990392,4200,123200,1243088,337233480
2021-08-23,28199593,345024634,110800,229800,2415198,347439832
2021-08-24,49134341,362489309,1000,120000,1387200,363876509
2021-08-25,100935688,379876060,12000,132000,1562880,381438940
2021-08-26,59805846,354576071,102000,234000,2772900,357348971
2021-08-27,44514123,342868347,0,134000,1614700,344483047
2021-08-30,50805216,355263950,0,134000,1618720,356882670
2021-08-31,57093614,375457669,100000,229700,2804637,378262306
2021-09-01,47648438,357623366,4300,123300,1421649,359045015
2021-09-02,23866916,355280740,0,119000,1386350,356667090
2021-09-03,34478144,342152087,100000,212000,2421040,344573127
2021-09-06,21943095,347564868,4900,213400,2411420,349976288
2021-09-07,28683894,351149146,3900,117300,1366545,352515691
2021-09-08,41407160,360577263,1000,118300,1381744,361959007
2021-09-09,71985925,375924447,0,118300,1439711,377364158
2021-09-10,73682962,384415111,0,118300,1404221,385819332
2021-09-13,71964615,392266548,100000,218300,2706920,394973468
2021-09-14,74786544,409145759,0,117300,1326663,410472422
2021-09-15,33043540,408177269,0,117300,1331355,409508624
2021-09-16,31877153,402419765,0,117300,1268013,403687778
2021-09-22,13070539,382634611,0,108500,1131655,383766266
2021-09-23,17339914,385649318,0,108000,1118880,386768198
2021-09-24,15317536,376249717,1400,69000,683100,376932817
2021-09-27,10765453,361349148,8400,77100,696984,362046132
2021-09-28,8226572,356398649,0,67700,611331,357009980
2021-09-29,7234284,353099338,5500,73200,617808,353717146
2021-09-30,8654954,345680542,0,67700,601176,346281718
2021-10-08,7331432,347543346,600,68300,620164,348163510
2021-10-11,7531922,350593836,141000,209300,1898351,352492187
2021-10-12,5305700,349001650,0,69300,616770,349618420
2021-10-13,5007958,348907930,0,69300,622314,349530244
2021-10-14,9549347,350925443,10400,79600,726748,351652191
2021-10-15,4628108,342597887,0,69200,625568,343223455
2021-10-18,6292705,342458320,0,68200,628122,343086442
2021-10-19,4988182,340820799,0,68200,622666,341443465
2021-10-20,4935808,337488899,131000,199200,1822680,339311579
2021-10-21,10511738,338692828,10000,79200,730224,339423052
2021-10-22,6807882,337575893,970,80170,715116,338291009
2021-10-25,5549176,336831151,0,80170,722332,337553483
2021-10-26,5096876,334921283,0,80170,729547,335650830
2021-10-27,5795131,334437787,0,79200,700920,335138707
2021-10-28,3552816,325445941,500,78700,661080,326107021
2021-10-29,3596205,323452555,0,78700,666589,324119144
2021-11-01,7571857,325787710,0,78700,672885,326460595
2021-11-02,9813694,327717644,300,78700,649275,328366919
2021-11-03,5755488,329792363,0,78200,651406,330443769
2021-11-04,5019254,329074455,0,78200,648278,329722733
2021-11-05,9196084,325941334,1000,78600,630372,326571706
2021-11-08,3025684,324407890,0,78200,638112,325046002
2021-11-09,3229142,323636794,0,78200,635766,324272560
2021-11-10,3473472,322446212,0,78200,631856,323078068
2021-11-11,3288780,321173349,0,78000,636480,321809829
2021-11-12,3678978,317174485,0,78000,642720,317817205
2021-11-15,4659557,315596328,0,78000,636480,316232808
2021-11-16,4615530,316547560,0,78000,627120,317174680
2021-11-17,3831951,315109504,0,77600,636320,315745824
2021-11-18,27728991,332779224,150000,227600,1930048,334709272
