日期,融资买入额(元),融资余额(元),融券卖出量,融券余量,融券余额(元),融资融券余额(元)
2017-07-12,23095219,786385161,3000,32800,683224,787068385
2017-07-13,17022508,784840207,27100,27100,564764,785404971
2017-07-14,13080135,777228362,5100,15100,315590,777543952
2017-07-17,42109881,777503578,74957,85057,1633094,779136672
2017-07-18,15938446,775752756,0,25100,492964,776245720
2017-07-19,17964122,780098629,0,25100,497984,780596613
2017-07-20,18198521,777725666,6400,31500,631575,778357241
2017-07-21,23495097,779515221,0,26500,536890,780052111
2017-07-24,23083829,782347009,44900,70000,1445500,783792509
2017-07-25,25313210,787967857,5000,60000,1228200,789196057
2017-07-26,17100344,786524349,15000,45000,916200,787440549
2017-07-27,34813943,797176434,0,30000,623700,797800134
2017-07-28,26226674,802206245,10000,10000,205500,802411745
2017-07-31,25737532,800621935,0,0,0,800621935
2017-08-01,15973586,796796161,5000,5000,102100,796898261
2017-08-02,22009576,801997953,0,0,0,801997953
2017-08-03,10531780,799938996,0,0,0,799938996
2017-08-04,60967909,800437896,72000,72000,1509120,801947016
2017-08-07,22190320,797010194,0,0,0,797010194
2017-08-08,26202239,802512690,10000,10000,209600,802722290
2017-08-09,25051713,803635191,0,0,0,803635191
2017-08-10,31873195,804464799,25000,25000,530500,804995299
2017-08-11,37939082,797295743,10000,10000,209000,797504743
2017-08-14,23424127,792762789,17500,17500,374150,793136939
2017-08-15,33741233,796795954,0,0,0,796795954
2017-08-16,28394120,798203535,27500,27500,599500,798803035
2017-08-17,38104249,769811725,13200,13200,288816,770100541
2017-08-18,35090013,784439929,0,0,0,784439929
2017-08-21,33458627,792090871,0,0,0,792090871
2017-08-22,28764880,796310938,0,0,0,796310938
2017-08-23,15691573,793485844,0,0,0,793485844
2017-08-24,13344059,791979870,18500,18500,397935,792377805
2017-08-25,18706390,795629875,0,0,0,795629875
2017-08-28,30151139,798387912,0,0,0,798387912
2017-08-29,18020799,782185942,0,0,0,782185942
2017-08-30,10097941,774923542,0,0,0,774923542
2017-08-31,17938420,775110256,37500,37500,813375,775923631
2017-09-01,19552544,776335284,0,0,0,776335284
2017-09-04,22934709,784289591,0,0,0,784289591
2017-09-05,22051490,788477113,0,0,0,788477113
2017-09-06,38410280,797641379,0,0,0,797641379
2017-09-07,36378744,806191441,0,0,0,806191441
2017-09-08,26265724,814703283,0,0,0,814703283
2017-09-11,12976339,804726097,0,0,0,804726097
2017-09-12,19185158,806559174,0,0,0,806559174
2017-09-13,13133594,813322319,0,0,0,813322319
2017-09-14,10469636,810971253,0,0,0,810971253
2017-09-15,30327007,816987213,10000,10000,216400,817203613
2017-09-18,13595311,805799873,0,0,0,805799873
2017-09-19,23841624,812495271,0,0,0,812495271
2017-09-20,12152715,812447141,0,0,0,812447141
2017-09-21,7569659,808757147,0,0,0,808757147
2017-09-22,8325889,802759293,0,0,0,802759293
2017-09-25,16124791,806639239,0,0,0,806639239
2017-09-26,8134094,806871801,0,0,0,806871801
2017-09-27,15427776,805891675,0,0,0,805891675
2017-09-28,14989307,802471783,0,0,0,802471783
2017-09-29,12415094,784250275,0,0,0,784250275
2017-10-09,33512466,797431232,0,0,0,797431232
2017-10-10,22201541,806509792,0,0,0,806509792
2017-10-11,34009033,816470006,0,0,0,816470006
2017-10-12,48680550,808111051,17500,17500,388150,808499201
2017-10-13,32578905,787222116,20000,20000,457600,787679716
2017-10-16,35425333,783758402,0,0,0,783758402
2017-10-17,18628775,783595904,0,0,0,783595904
2017-10-18,36885563,807462167,14200,14200,315098,807777265
2017-10-19,14755404,803810500,0,0,0,803810500
2017-10-20,15882642,801985867,0,0,0,801985867
2017-10-23,21461211,813666431,0,0,0,813666431
2017-10-24,20307228,815792772,0,0,0,815792772
2017-10-25,28866325,827502877,0,0,0,827502877
2017-10-26,22485303,824105217,0,0,0,824105217
2017-10-27,38842245,822031490,0,0,0,822031490
2017-10-30,21146400,827000291,0,0,0,827000291
2017-10-31,13463577,822185606,0,0,0,822185606
2017-11-01,12745941,826652902,0,0,0,826652902
2017-11-02,19604498,819096754,0,0,0,819096754
2017-11-03,4711410,802423648,0,0,0,802423648
2017-11-06,9048399,802664597,0,0,0,802664597
2017-11-07,11544123,804655050,10000,10000,210900,804865950
2017-11-08,20498469,809270414,0,0,0,809270414
2017-11-09,15860809,815461584,5700,5700,121125,815582709
2017-11-10,10522696,812175807,0,5700,121353,812297160
2017-11-13,17455898,815145774,0,5700,121296,815267070
2017-11-14,40507488,822718087,0,5700,122550,822840637
2017-11-15,17636574,825207556,0,5700,120327,825327883
2017-11-16,13751946,816520371,0,5700,117705,816638076
2017-11-17,20502714,804090199,0,5700,111948,804202147
2017-11-20,5388244,799019842,0,5700,114228,799134070
2017-11-21,10372706,794452530,0,5700,116394,794568924
2017-11-22,20744329,798024047,77700,77700,1626261,799650308
2017-11-23,17566709,802491698,0,0,0,802491698
2017-11-24,10383427,799561741,0,0,0,799561741
2017-11-27,7688324,801299763,0,0,0,801299763
2017-11-28,5798806,800024482,0,0,0,800024482
2017-11-29,7844981,802150908,0,0,0,802150908
2017-11-30,9589351,803540196,0,0,0,803540196
2017-12-01,14040640,800289035,0,0,0,800289035
2017-12-04,16085179,807061499,0,0,0,807061499
2017-12-05,16781422,803860381,17500,17500,348775,804209156
2017-12-06,13039209,807875991,0,0,0,807875991
2017-12-07,20242430,806198509,17500,17500,357875,806556384
2017-12-08,7076477,802622693,0,0,0,802622693
2017-12-11,8493461,794351757,0,0,0,794351757
2017-12-12,6515345,790087672,0,0,0,790087672
2017-12-13,13156638,785706696,0,0,0,785706696
2017-12-14,8399006,781326092,0,0,0,781326092
2017-12-15,16750873,780705187,7300,7300,156658,780861845
2017-12-18,6361763,775945073,0,0,0,775945073
2017-12-19,8421913,770723017,0,0,0,770723017
2017-12-20,9721483,769645095,0,0,0,769645095
2017-12-21,6855322,761220979,0,0,0,761220979
2017-12-22,29392923,763386017,0,0,0,763386017
2017-12-25,19408103,756621233,0,0,0,756621233
2017-12-26,20186270,758716059,9000,9000,199710,758915769
2017-12-27,11543110,750371441,0,0,0,750371441
2017-12-28,20207789,760159678,30000,30000,654600,760814278
2017-12-29,14041116,749285399,0,0,0,749285399
2018-01-02,16880190,728637109,30000,30000,696600,729333709
2018-01-03,24050410,731619721,0,0,0,731619721
2018-01-04,26981172,711794405,46500,46500,1116465,712910870
2018-01-05,26616094,718940318,0,0,0,718940318
2018-01-08,17050395,714990890,0,0,0,714990890
2018-01-09,15004474,709577331,0,0,0,709577331
2018-01-10,23975634,710852386,0,0,0,710852386
2018-01-11,19299163,715013055,0,0,0,715013055
2018-01-12,19971402,718641336,30000,30000,684000,719325336
2018-01-15,18919379,721774825,0,0,0,721774825
2018-01-16,32066260,730393066,0,0,0,730393066
2018-01-17,22068669,727081729,7099,7099,154758,727236487
2018-01-18,22865805,739147630,0,0,0,739147630
2018-01-19,43736651,748485132,30000,30000,658800,749143932
2018-01-22,37537618,767202844,0,0,0,767202844
2018-01-23,20249025,764803995,0,0,0,764803995
2018-01-24,48708233,788898838,0,0,0,788898838
2018-01-25,23132781,756101416,0,0,0,756101416
2018-01-26,10599664,743928072,0,0,0,743928072
2018-01-29,17602818,746729116,0,0,0,746729116
2018-01-30,14575184,749069833,0,0,0,749069833
2018-01-31,10695325,749719845,0,0,0,749719845
2018-02-01,17325052,750274040,9000,9000,191520,750465560
2018-02-02,8067179,745841519,0,0,0,745841519
2018-02-05,8847878,738876134,0,0,0,738876134
2018-02-06,14614242,738652250,11700,11700,228969,738881219
2018-02-07,9377002,738455144,0,0,0,738455144
2018-02-08,5229332,733852681,0,0,0,733852681
2018-02-09,10885879,733549141,0,0,0,733549141
2018-02-12,6978530,729189738,0,0,0,729189738
2018-02-13,8678510,724463797,0,0,0,724463797
2018-02-14,8839367,721041510,0,0,0,721041510
2018-02-22,4785194,717636173,0,0,0,717636173
2018-02-23,14612044,726536107,23200,23200,484184,727020291
2018-02-26,8309980,718152629,0,5700,125058,718277687
2018-02-27,17441958,711719080,12300,18000,399240,712118320
2018-02-28,24552770,701914439,5200,10900,246340,702160779
2018-03-01,41009686,712157032,0,0,0,712157032
2018-03-02,32145487,702949605,7000,7000,159250,703108855
2018-03-05,20770303,694305065,0,7000,163450,694468515
2018-03-06,22057192,689666341,9000,16000,373120,690039461
2018-03-07,13830558,691164558,0,7000,161140,691325698
2018-03-08,18507474,697525097,0,7000,161140,697686237
2018-03-09,29709048,700329606,0,0,0,700329606
2018-03-12,20963525,688154953,6100,6100,144143,688299096
2018-03-13,18635520,689344087,0,0,0,689344087
2018-03-14,27206587,704468070,0,0,0,704468070
2018-03-15,14293644,705647753,21700,21700,501921,706149674
2018-03-16,15460580,709693743,0,0,0,709693743
2018-03-19,28892246,706955325,10000,10000,237600,707192925
2018-03-20,15307150,703501751,19000,29000,690490,704192241
2018-03-21,34862146,695086696,8500,18500,438450,695525146
2018-03-22,22289051,689326028,0,10000,238100,689564128
2018-03-23,26405709,679117651,17000,17000,391680,679509331
2018-03-26,67812163,709172678,20000,27000,665550,709838228
2018-03-27,52463012,702481286,17900,17900,457882,702939168
2018-03-28,47041526,692829945,11800,11800,308806,693138751
2018-03-29,66271185,718543176,17500,27500,715550,719258726
2018-03-30,68647575,717661366,10000,20000,528800,718190166
2018-04-02,36762942,698254258,4980,4980,135556,698389814
2018-04-03,37698456,699373769,12500,12480,344448,699718217
2018-04-04,47445853,710164047,9900,9900,261855,710425902
2018-04-09,24331655,699005967,9800,9800,265482,699271449
2018-04-10,47704441,718249272,19911,21711,564486,718813758
2018-04-11,16870869,704028382,9000,10800,286524,704314906
2018-04-12,29530102,711111677,0,4800,123792,711235469
2018-04-13,32764368,697961843,0,0,0,697961843
2018-04-16,33419722,683176216,25500,25500,691815,683868031
2018-04-17,54838919,702119563,0,8300,215468,702335031
2018-04-18,36113049,708576872,0,0,0,708576872
2018-04-19,50274779,708282732,6000,6000,162000,708444732
2018-04-20,27524566,702526496,0,0,0,702526496
2018-04-23,40095787,707479575,19200,19200,477888,707957463
2018-04-24,54298642,683814367,68500,68500,1875530,685689897
2018-04-25,72860044,706279303,6600,12100,335291,706614594
2018-04-26,47435308,710479918,116800,116800,3008768,713488686
2018-04-27,33763803,717413800,6400,82500,2119425,719533225
2018-05-02,21386412,722211763,7200,79700,2041914,724253677
2018-05-03,26127690,733847117,3000,73600,1873856,735720973
2018-05-04,14837404,727867425,5300,75300,1899066,729766491
2018-05-07,19326082,737963595,0,71700,1830501,739794096
2018-05-08,32036069,731989532,7700,7700,198275,732187807
2018-05-09,44805171,754335952,12000,12000,300120,754636072
2018-05-10,33739479,773540151,15000,24000,600960,774141111
2018-05-11,22596807,772404144,6600,6600,163680,772567824
2018-05-14,24080549,777860749,21000,21000,518280,778379029
2018-05-15,17940092,777833675,0,0,0,777833675
2018-05-16,14542717,764306753,8000,8000,202400,764509153
2018-05-17,21623525,772427925,0,8000,199600,772627525
2018-05-18,12784896,772022409,0,8000,197840,772220249
2018-05-21,20474396,778110594,0,3000,75270,778185864
2018-05-22,16246222,780100234,0,0,0,780100234
2018-05-23,13072635,775063922,0,0,0,775063922
2018-05-24,12295990,780047906,0,0,0,780047906
2018-05-25,34252446,787864304,0,0,0,787864304
2018-05-28,15862032,779754150,0,0,0,779754150
2018-05-29,11876519,775731596,0,0,0,775731596
2018-05-30,7856993,768844238,0,0,0,768844238
2018-05-31,7515165,753530888,0,0,0,753530888
2018-06-01,15339979,755438871,4100,4100,93070,755531941
2018-06-04,3647506,748470187,0,0,0,748470187
2018-06-05,5559192,746953967,10000,10000,235100,747189067
2018-06-06,5212681,747338383,0,0,0,747338383
2018-06-07,8846083,750260954,0,0,0,750260954
2018-06-08,3685020,743170414,0,0,0,743170414
2018-06-11,4507431,740800828,0,0,0,740800828
2018-06-12,5465126,736256294,700,700,16233,736272527
2018-06-13,3564422,727564874,0,0,0,727564874
2018-06-14,5996822,722826183,10000,10000,222700,723048883
2018-06-15,5947318,711369008,0,0,0,711369008
2018-06-19,6721856,680831137,0,0,0,680831137
2018-06-20,8180820,681400220,100,100,2101,681402321
2018-06-21,2941672,674959295,0,100,2128,674961423
2018-06-22,4493886,671850931,6600,6600,144870,671995801
2018-06-25,7431145,661211503,46100,46100,1068137,662279640
2018-06-26,6840544,664053034,0,0,0,664053034
2018-06-27,7599986,664562711,0,0,0,664562711
2018-06-28,6730516,665526549,0,0,0,665526549
2018-06-29,6610991,662237650,6000,6000,138600,662376250
2018-07-02,13198366,665587064,0,0,0,665587064
2018-07-03,15109802,668606366,5000,5000,119250,668725616
2018-07-04,9217414,664323862,0,5000,117850,664441712
2018-07-05,6717692,663099592,0,5000,115900,663215492
2018-07-06,13461950,668078645,0,0,0,668078645
2018-07-09,7797967,666324555,0,0,0,666324555
2018-07-10,6532357,667030270,0,0,0,667030270
2018-07-11,5926900,659626563,0,0,0,659626563
2018-07-12,17146003,666660036,0,0,0,666660036
2018-07-13,6462869,663418819,0,0,0,663418819
2018-07-16,12894173,663209957,3800,3800,93252,663303209
2018-07-17,6354584,657380849,0,0,0,657380849
2018-07-18,13928725,661512993,0,0,0,661512993
2018-07-19,8897010,663798654,0,0,0,663798654
2018-07-20,8814783,663796856,0,0,0,663796856
2018-07-23,13274774,647335617,42000,42000,1089060,648424677
2018-07-24,22725695,654330119,0,0,0,654330119
2018-07-25,11250159,648208311,0,0,0,648208311
2018-07-26,13161354,652088640,0,0,0,652088640
2018-07-27,5931714,649071156,0,0,0,649071156
2018-07-30,10833866,652554952,10000,10000,256200,652811152
2018-07-31,4982055,649092095,0,0,0,649092095
2018-08-01,13512545,652511671,0,0,0,652511671
2018-08-02,12075080,648991021,9300,9300,226827,649217848
2018-08-03,7592140,641192450,37000,37000,925000,642117450
2018-08-06,17015469,645015460,2700,2700,62208,645077668
2018-08-07,9030564,641049277,7000,7000,170940,641220217
2018-08-08,11052613,642839386,10000,10000,234000,643073386
2018-08-09,13410784,643273349,10000,10000,247900,643521249
2018-08-10,6342777,640209253,10000,10000,251400,640460653
2018-08-13,14309831,642098787,10000,10000,257000,642355787
2018-08-14,14093904,646622322,10000,10000,252300,646874622
2018-08-15,22665521,652212653,10000,10000,244000,652456653
2018-08-16,7058169,650303850,10000,10000,240000,650543850
2018-08-17,8213015,651699126,10000,10000,236900,651936026
2018-08-20,6661503,651562592,10000,10000,238400,651800992
2018-08-21,9714562,649264425,10000,10000,248600,649513025
2018-08-22,10290138,650495672,10800,10800,267840,650763512
2018-08-23,14079385,651448644,10000,10000,251300,651699944
2018-08-24,9104926,646854983,10000,10000,252600,647107583
2018-08-27,11623842,643518304,31600,31600,818440,644336744
2018-08-28,10529667,642018150,9900,9900,258786,642276936
2018-08-29,6851351,641606052,3000,3000,77970,641684022
2018-08-30,10123351,639178563,10000,10000,256000,639434563
2018-08-31,10174108,643315676,8800,8800,225280,643540956
2018-09-03,16153560,633630342,14800,14800,394568,634024910
2018-09-04,16817123,629158103,48000,52800,1439328,630597431
2018-09-05,10276875,629670129,11000,16800,453600,630123729
2018-09-06,16209094,626738206,20000,26500,728220,627466426
2018-09-07,17131919,615913494,10000,16500,442365,616355859
2018-09-10,16842257,619594083,9900,16400,432632,620026715
2018-09-11,14852212,608330418,10000,16500,442365,608772783
2018-09-12,14816595,600857499,10000,16500,458040,601315539
2018-09-13,20009681,595702517,20200,26700,770295,596472812
2018-09-14,46996086,615952227,71200,74900,2017057,617969284
2018-09-17,23426212,619119252,11400,19200,504192,619623444
2018-09-18,16791750,616242287,13600,22800,610356,616852643
2018-09-19,14515630,592216418,13600,24700,686660,592903078
2018-09-20,28482805,599630423,10000,22300,599424,600229847
2018-09-21,18744234,607340950,13900,26200,704780,608045730
2018-09-25,19198616,605526766,18000,31500,873495,606400261
2018-09-26,17892318,594956928,14700,28200,783960,595740888
2018-09-27,15830037,593076119,9800,27300,744471,593820590
2018-09-28,9961275,586986646,11696,25396,695342,587681988
2018-10-08,29435983,595388652,18300,32146,847369,596236021
2018-10-09,12727335,593966444,7400,21246,555795,594522239
2018-10-10,10217608,588831062,26600,40446,1056450,589887512
2018-10-11,17634805,591368353,39500,53346,1294174,592662527
2018-10-12,6929319,583255894,31100,47246,1216112,584472006
2018-10-15,8805160,584671825,17900,31046,781738,585453563
2018-10-16,9520823,580089462,30300,44332,1091011,581180473
2018-10-17,13760319,582916071,20900,36932,895970,583812041
2018-10-18,7860034,581359116,63200,78632,1836057,583195173
2018-10-19,8823200,570858298,16400,30444,762927,571621225
2018-10-22,20330061,568913911,68900,82900,2237471,571151382
2018-10-23,13597857,566941032,13700,27700,740975,567682007
2018-10-24,13367505,572268169,14200,28200,744480,573012649
2018-10-25,11341577,573208947,20000,34000,890800,574099747
2018-10-26,36589599,586225632,93400,107400,2729034,588954666
2018-10-29,13655187,589529435,14400,28400,712840,590242275
2018-10-30,11388924,590442855,31872,45872,1152763,591595618
2018-10-31,13814229,589771783,10971,24971,636261,590408044
2018-11-01,18639564,596770190,44000,57971,1458550,598228740
2018-11-02,16661951,597077141,14200,28171,732728,597809869
2018-11-05,18835601,598141277,10300,24271,647065,598788342
2018-11-06,15849070,602198024,17700,31671,838648,603036672
2018-11-07,14247717,603560202,8000,21971,576739,604136941
2018-11-08,8681981,602235797,13800,29771,778214,603014011
2018-11-09,11440682,601599984,16000,31971,850429,602450413
2018-11-12,17854713,605685233,14500,30871,827343,606512576
2018-11-13,15498859,600513223,20600,36971,993041,601506264
2018-11-14,17939115,606288154,17700,34071,892660,607180814
2018-11-15,15144398,609939793,21500,42071,1110674,611050467
2018-11-16,17435146,607633117,15099,36870,962676,608595793
2018-11-19,29580651,618870543,24600,44170,1122802,619993345
2018-11-20,11854061,609845951,17300,37570,948643,610794594
2018-11-21,5999151,607017970,19200,40770,1029035,608047005
2018-11-22,15047288,614027750,19600,42970,1091009,615118759
2018-11-23,7967157,610350187,15000,37673,926756,611276943
2018-11-26,10926873,616301212,21200,43073,1039782,617340994
2018-11-27,4255897,613841861,18700,41373,1014466,614856327
2018-11-28,5363641,611297851,13400,34630,862979,612160830
2018-11-29,7464756,604286492,15400,35528,878963,605165455
2018-11-30,8959085,604199438,14800,35528,883226,605082664
2018-12-03,18338152,606541269,13930,39458,1018805,607560074
2018-12-04,27631279,619290938,21500,51058,1291767,620582705
2018-12-05,7954011,618165998,4200,24901,620035,618786033
2018-12-06,11197882,622031260,6400,27101,660994,622692254
2018-12-07,6266140,623411292,7500,28201,688669,624099961
2018-12-10,6861626,625136866,11900,32301,782331,625919197
2018-12-11,3942192,622709732,900,26301,642271,623352003
2018-12-12,5038836,622356545,8800,34201,830743,623187288
2018-12-13,11869267,624478714,5400,31201,778153,625256867
2018-12-14,4983692,619087915,8200,31701,778893,619866808
2018-12-17,5351296,621219770,10000,33501,821445,622041215
2018-12-18,10165779,617392885,12500,31601,752420,618145305
2018-12-19,11094101,617572826,11700,33401,760541,618333367
2018-12-20,10138546,621703140,13900,32301,719666,622422806
2018-12-21,18297808,626855143,16900,32501,698121,627553264
2018-12-24,9057624,626730934,14900,32401,702453,627433387
2018-12-25,6872346,622094019,16100,33601,734182,622828201
2018-12-26,9200471,623031684,12900,34101,729079,623760763
2018-12-27,8908360,622926103,11900,34201,730192,623656295
2018-12-28,5778376,618871969,10000,31501,675067,619547036
2019-01-02,12335383,616792291,0,16571,360088,617152379
2019-01-03,15356392,620467042,400,15971,354396,620821438
2019-01-04,12160920,619086645,1000,16571,374339,619460984
2019-01-07,13175765,612373075,500,16171,382768,612755843
2019-01-08,9843358,601419492,800,15971,387297,601806789
2019-01-09,21996435,605827578,0,15771,374561,606202139
2019-01-10,3598141,599560735,0,15471,370066,599930801
2019-01-11,6317954,594534951,0,14671,361640,594896591
2019-01-14,4111201,594108181,0,14671,358706,594466887
2019-01-15,5003383,592989937,0,14671,365895,593355832
2019-01-16,4849759,591277292,0,14671,364281,591641573
2019-01-17,5916847,591792352,200,14871,363745,592156097
2019-01-18,2698159,589246200,400,14971,369484,589615684
2019-01-21,5085330,589499271,600,15571,388652,589887923
2019-01-22,19551976,597596146,1900,16771,410890,598007036
2019-01-23,4358662,593922532,0,16371,407474,594330006
2019-01-24,7895750,597807068,400,16771,413405,598220473
2019-01-25,6084778,597080269,400,16171,399909,597480178
2019-01-28,5156875,595288925,0,16171,399100,595688025
2019-01-29,7668794,596222733,600,14171,346481,596569214
2019-01-30,10110460,593304841,0,10500,264705,593569546
2019-01-31,10603561,592952421,0,9300,230919,593183340
2019-02-01,5675053,588540724,0,9000,225000,588765724
2019-02-11,12267069,590458808,100,8800,227744,590686552
2019-02-12,12044927,595080368,0,400,10388,595090756
2019-02-13,19454548,598232910,3500,3600,95076,598327986
2019-02-14,7264896,594376151,1500,4900,129409,594505560
2019-02-15,16702642,600157554,2500,7400,190698,600348252
2019-02-18,19122954,602073084,0,7400,196840,602269924
2019-02-19,25836785,594904444,5300,9200,241960,595146404
2019-02-20,13057163,596211483,5300,9200,242512,596453995
2019-02-21,53453317,632288280,5300,9200,239200,632527480
2019-02-22,25971798,619841032,0,9200,246560,620087592
2019-02-25,56759569,638534072,5300,9200,255116,638789188
2019-02-26,51492984,655988389,5300,9200,255024,656243413
2019-02-27,36638393,659346816,5300,9200,258980,659605796
2019-02-28,20201319,660348391,0,9200,256404,660604795
2019-03-01,34829377,663236437,4000,9400,260192,663496629
2019-03-04,71118081,693848906,5100,9200,254748,694103654
2019-03-05,27833823,681146783,5500,9400,266020,681412803
2019-03-06,49137247,690125530,5400,9400,265080,690390610
2019-03-07,36823339,697552973,5400,9500,263245,697816218
2019-03-08,53573911,706188023,5252,9352,260827,706448850
2019-03-11,74688094,716881889,4000,7952,232596,717114485
2019-03-12,86286883,742357619,5500,9352,279625,742637244
2019-03-13,55286021,747142168,5400,9352,268964,747411132
2019-03-14,22035019,737701197,5400,9352,264100,737965297
2019-03-15,35505942,742595291,0,6652,187719,742783010
2019-03-18,35081086,753785934,5100,9352,267187,754053121
2019-03-19,46337828,745076149,5400,9352,265597,745341746
2019-03-20,42856270,763272680,5400,9352,261950,763534630
2019-03-21,40188478,778578776,5400,9352,261950,778840726
2019-03-22,23410816,760189961,3900,9452,265696,760455657
2019-03-25,86639453,772397099,100,9552,279109,772676208
2019-03-26,44118791,764516172,6600,10652,292610,764808782
2019-03-27,18308540,761664567,5500,9452,255960,761920527
2019-03-28,12967125,755314557,5400,9452,252652,755567209
2019-03-29,15402716,744322337,4300,8352,231684,744554021
2019-04-01,26037767,743528825,5500,9352,268122,743796947
2019-04-02,43410586,753639453,5309,9261,267087,753906540
2019-04-03,21896190,755596658,4800,8661,250130,755846788
2019-04-04,41685843,769269373,5600,9661,277561,769546934
2019-04-08,30616825,775927654,5200,9461,264435,776192089
2019-04-09,27004158,783750977,5400,9561,267612,784018589
2019-04-10,20635791,787815471,1200,8961,250729,788066200
2019-04-11,19474903,786128524,3000,10161,278005,786406529
2019-04-12,17335021,790985626,3700,12361,334983,791320609
2019-04-15,28721431,802571986,2700,9761,265890,802837876
2019-04-16,38929649,816208679,5300,9661,260847,816469526
2019-04-17,30358934,823865416,5400,9661,259205,824124621
2019-04-18,29536476,833079492,4700,9861,261317,833340809
2019-04-19,16711912,830334492,4800,12361,329421,830663913
2019-04-22,23131117,836460636,2700,9661,257466,836718102
2019-04-23,14962139,834166662,5400,9661,253118,834419780
2019-04-24,19015990,837640582,2800,7061,186481,837827063
2019-04-25,17647648,838815953,5600,9861,253921,839069874
2019-04-26,12729066,832362692,5200,9661,245872,832608564
2019-04-29,19421377,825201157,5400,9661,251283,825452440
2019-04-30,18888759,821723936,5400,9361,245913,821969849
2019-05-06,22440366,821842179,5700,9661,237950,822080129
2019-05-07,6261967,811998594,5900,10161,258089,812256683
2019-05-08,6908456,809536663,5000,10461,266232,809802895
2019-05-09,9498220,805789944,4600,9661,246452,806036396
2019-05-10,19385068,810990485,6800,11061,289798,811280283
2019-05-13,12069488,806448880,3000,12461,325232,806774112
2019-05-14,21243533,813806738,3000,6261,163537,813970275
2019-05-15,23917781,807372115,5100,5946,155845,807527960
2019-05-16,25512841,815851154,4200,6100,159942,816011096
2019-05-17,21726918,814127823,6600,9600,242112,814369935
2019-05-20,17982819,816528867,6353,9553,242646,816771513
2019-05-21,12906287,819820668,3000,9853,251646,820072314
2019-05-22,5887656,816671080,5800,9553,242837,816913917
2019-05-23,16649182,820325729,6829,9982,245457,820571186
2019-05-24,2582430,812609788,4300,10182,249459,812859247
2019-05-27,14025357,820084206,6200,9582,238209,820322415
2019-05-28,9190442,816647255,2400,9582,236580,816883835
2019-05-29,10402686,819338381,6300,9582,235430,819573811
2019-05-30,10112866,820959679,2759,9641,235722,821195401
2019-05-31,9441338,823327824,6100,9541,233755,823561579
2019-06-03,10521243,817732223,6400,9541,229938,817962161
2019-06-04,6555388,815796042,6200,9541,225072,816021114
2019-06-05,10216529,822035244,2400,9541,226694,822261938
2019-06-06,7308462,821833154,6300,9541,220111,822053265
2019-06-10,3528504,817588431,3900,9541,225740,817814171
2019-06-11,14717528,822462960,6400,9541,232610,822695570
2019-06-12,13001740,817946351,3800,9741,234661,818181012
2019-06-13,16295449,810185544,6200,9541,231465,810417009
2019-06-14,12866057,813578209,7400,10641,255278,813833487
2019-06-17,9045799,811530665,3600,9641,229456,811760121
2019-06-18,5777437,814557031,6300,9641,229167,814786198
2019-06-19,16664285,821853423,4360,9601,228888,822082311
2019-06-20,15091235,819093749,6300,9501,231444,819325193
2019-06-21,12374440,805846552,6400,9101,227070,806073622
2019-06-24,28320255,823193553,6400,9231,232621,823426174
2019-06-25,13123280,823587261,6300,9131,227362,823814623
2019-06-26,12182349,824964487,6400,9191,228488,825192975
2019-06-27,16043812,824159398,6300,9091,226003,824385401
2019-06-28,13908957,826177459,6400,9091,221639,826399098
2019-07-01,30754731,827718129,6400,9191,234095,827952224
2019-07-02,17289749,825647078,6500,9391,239377,825886455
2019-07-03,16540829,818858720,7300,10291,263450,819122170
2019-07-04,44710237,833021568,6400,10291,265508,833287076
2019-07-05,24180810,836648188,6400,10291,262626,836910814
2019-07-08,19349937,833912665,6400,9291,235248,834147913
2019-07-09,14617739,836046362,6800,9691,249156,836295518
2019-07-10,20091698,838717408,7000,9891,252913,838970321
2019-07-11,17664917,845217112,7400,10891,275216,845492328
2019-07-12,12446739,848266306,6400,9891,249847,848516153
2019-07-15,21389509,844334859,7400,10291,264993,844599852
2019-07-16,17713329,848723676,6400,9291,239429,848963105
2019-07-17,24043873,829738329,8400,11291,296163,830034492
2019-07-18,32313751,843306668,6400,11291,288485,843595153
2019-07-19,13720990,846056469,6400,10991,281370,846337839
2019-07-22,18293481,847013949,6700,9591,236514,847250463
2019-07-23,10598184,841812237,5500,9991,248476,842060713
2019-07-24,23715613,845247003,6400,9991,253771,845500774
2019-07-25,14182890,843436451,6600,9591,246489,843682940
2019-07-26,18512862,836786890,7300,11491,297732,837084622
2019-07-29,23826502,825917566,6400,9591,253682,826171248
2019-07-30,23589532,827952350,7500,11491,303822,828256172
2019-07-31,20871269,832793998,6300,10391,276920,833070918
2019-08-01,16193907,816451950,7400,11391,304595,816756545
2019-08-02,23944224,815064849,6400,11391,304823,815369672
2019-08-05,22019951,812630584,6400,10491,278746,812909330
2019-08-06,30881214,810285201,7400,10891,290245,810575446
2019-08-07,26587666,805851669,7000,10641,283583,806135252
2019-08-08,27382051,810313593,7300,11541,313800,810627393
2019-08-09,29619764,814795892,6400,10541,282077,815077969
2019-08-12,19275084,804954149,6700,11013,297902,805252051
2019-08-13,40997002,797650462,6800,11413,315227,797965689
2019-08-14,29166116,792902148,6462,10575,295148,793197296
2019-08-15,27422081,789872782,7300,11375,320775,790193557
2019-08-16,29145596,775235576,6400,11375,316111,775551687
2019-08-19,28222002,738329375,6500,10575,307415,738636790
2019-08-20,57539288,755022276,6400,10575,296946,755319222
2019-08-21,12615549,749416773,7300,11375,318500,749735273
2019-08-22,18450335,748706709,6500,10575,299167,749005876
2019-08-23,24873597,745980584,7350,11425,318186,746298770
2019-08-26,24005596,757816570,6500,10625,295481,758112051
2019-08-27,27971614,757524168,6600,10825,307538,757831706
2019-08-28,26389223,753160621,7100,11325,320384,753481005
2019-08-29,22925911,749868669,9100,14025,392700,750261369
2019-08-30,39256553,749124290,6600,11325,326160,749450450
2019-09-02,65275637,764874749,6600,10825,322910,765197659
2019-09-03,36125400,752429937,6300,10725,317782,752747719
2019-09-04,64078392,788268304,9400,13725,397751,788666055
2019-09-05,77712105,798016552,6700,10825,314575,798331127
2019-09-06,25791877,786357718,6400,10825,315224,786672942
2019-09-09,35485249,790065904,6400,10825,323776,790389680
2019-09-10,44812891,801230420,6900,11025,321158,801551578
2019-09-11,43154852,808929368,6317,10442,296553,809225921
2019-09-12,28922082,820778444,7400,11442,326898,821105342
2019-09-16,38707169,838470307,7400,12542,352179,838822486
2019-09-17,13992918,838722167,6303,10545,291042,839013209
2019-09-18,14703302,840602473,1400,9245,253868,840856341
2019-09-19,12589837,842491331,4700,9845,273002,842764333
2019-09-20,22584803,844541897,6687,9532,261367,844803264
2019-09-23,14101922,846405337,8400,11532,312517,846717854
2019-09-24,15534541,846513076,6400,10532,287102,846800178
2019-09-25,9390435,837531574,7400,11532,316553,837848127
2019-09-26,14092292,833276940,8200,12332,321865,833598805
2019-09-27,5365331,830889615,5100,10532,275412,831165027
2019-09-30,5234617,822607216,9100,13232,343503,822950719
2019-10-08,7931229,825992271,900,10632,275900,826268171
2019-10-09,8726605,825022571,7292,11724,308107,825330678
2019-10-10,8867987,820072312,3800,10524,277834,820350146
2019-10-11,5265456,815140169,1800,7824,206162,815346331
2019-10-14,17194238,820405775,2300,6424,170172,820575947
2019-10-15,8100277,813742480,7000,11124,288000,814030480
2019-10-16,20823197,820068918,4800,11824,301276,820370194
2019-10-17,7213488,813601781,200,10824,276012,813877793
2019-10-18,10048838,808989656,6700,13024,325470,809315126
2019-10-21,5812580,803284417,2700,7632,193090,803477507
2019-10-22,6525903,800089196,6600,12932,328861,800418057
2019-10-23,8774371,801493741,6400,12932,324593,801818334
2019-10-24,6269657,801617013,4800,13532,337217,801954230
2019-10-25,8329194,800473453,3200,13632,342981,800816434
2019-10-28,13773785,798358095,6000,12632,324642,798682737
2019-10-29,9482605,799156485,5800,13732,347282,799503767
2019-10-30,6796012,791928118,900,14032,355992,792284110
2019-10-31,4886822,788510811,0,13032,329710,788840521
2019-11-01,6391037,788307590,5900,13132,333290,788640880
2019-11-04,11150371,789948797,3600,10832,275891,790224688
2019-11-05,9033597,787837757,7900,12732,322629,788160386
2019-11-06,12196199,785987212,6300,13232,337681,786324893
2019-11-07,9843413,789628043,7600,12732,322374,789950417
2019-11-08,15098933,793454663,3764,10096,255328,793709991
2019-11-11,17331395,793319104,1700,7000,171080,793490184
2019-11-12,8731365,793092910,500,4800,117744,793210654
2019-11-13,5999537,786868719,1000,5700,139593,787008312
2019-11-14,8191760,785174630,2000,6500,161850,785336480
2019-11-15,5804710,784830229,2400,7800,191724,785021953
2019-11-18,5063603,786080613,300,7800,195624,786276237
2019-11-19,6633848,786172878,500,8300,211235,786384113
2019-11-20,6801755,786675212,700,7100,179133,786854345
2019-11-21,8734638,790131846,600,7100,178139,790309985
2019-11-22,8128990,791146562,2300,8100,203715,791350277
2019-11-25,9837230,795090623,300,8100,204687,795295310
2019-11-26,5590065,796506654,300,7100,178494,796685148
2019-11-27,6936286,780832899,227,7027,173989,781006888
2019-11-28,4391522,780327824,6400,11927,296624,780624448
2019-11-29,3604868,780903736,2300,10727,267960,781171696
2019-12-02,5388739,779785507,3800,12127,308026,780093533
2019-12-03,31683765,742430586,4000,12127,301113,742731699
2019-12-04,9091244,729222021,300,11627,296489,729518510
2019-12-05,23096334,731579795,1400,12527,328834,731908629
2019-12-06,9621904,724143573,0,12527,329335,724472908
2019-12-09,9065497,718200451,500,11027,287915,718488366
2019-12-10,13768138,723685803,1200,9127,238306,723924109
2019-12-11,10487426,729689210,100,8227,212750,729901960
2019-12-12,20108851,740545945,3800,11827,309513,740855458
2019-12-13,23631960,750532697,1800,10927,285960,750818657
2019-12-16,18790039,744725000,0,10927,293827,745018827
2019-12-17,24409125,748857511,1000,10627,285973,749143484
2019-12-18,19433946,756128442,1100,11427,305101,756433543
2019-12-19,12114501,752341093,2300,11227,299985,752641078
2019-12-20,12017472,756711558,3700,12627,336762,757048320
2019-12-23,13979664,756510143,2300,11227,297403,756807546
2019-12-24,8233711,755285211,3000,11927,317616,755602827
2019-12-25,8793046,752474179,2800,11727,311117,752785296
2019-12-26,17139920,758387562,700,9627,258100,758645662
2019-12-27,12853010,743697112,5300,14027,373118,744070230
2019-12-30,14822152,745206258,0,8727,230044,745436302
2019-12-31,8600641,744162307,700,9427,250475,744412782
2020-01-02,19565583,744854118,3000,11927,319882,745174000
2020-01-03,29709283,746442827,500,11427,309786,746752613
2020-01-06,27919720,738481469,5800,16227,444133,738925602
2020-01-07,13934730,729214334,1000,14227,388824,729603158
2020-01-08,15843704,721279268,500,9227,252543,721531811
2020-01-09,19431172,721661481,5000,14227,389535,722051016
2020-01-10,10117638,722677314,0,14227,384414,723061728
2020-01-13,10725977,720049889,0,8327,226161,720276050
2020-01-14,14662081,726820433,0,8127,218454,727038887
2020-01-15,10664808,726667630,3100,10627,285335,726952965
2020-01-16,11206937,730149983,1400,8327,222747,730372730
2020-01-17,9790295,722460796,1371,9698,257482,722718278
2020-01-20,16620709,730326932,1100,9398,249799,730576731
2020-01-21,18151131,731453766,2300,9698,251178,731704944
2020-01-22,20052416,731359534,200,9698,253603,731613137
2020-01-23,21985551,723539053,800,8798,221709,723760762
2020-02-03,14868809,712438288,0,7598,172322,712610610
2020-02-04,20107811,698050630,0,7598,174450,698225080
2020-02-05,11128323,692501497,0,7598,178705,692680202
2020-02-06,21892714,688831858,300,7598,196560,689028418
2020-02-07,19706607,676646851,300,7598,200055,676846906
2020-02-10,23929555,674635242,5200,12498,334696,674969938
2020-02-11,15437353,669741739,500,11571,303160,670044899
2020-02-12,20524940,674547759,300,11471,301114,674848873
2020-02-13,12561415,671207733,500,11971,306458,671514191
2020-02-14,7657485,667928845,1500,13171,336782,668265627
2020-02-17,33231748,670905477,500,7571,204493,671109970
2020-02-18,33359086,670924861,4900,11971,328125,671252986
2020-02-19,29012415,664140706,500,12471,332227,664472933
2020-02-20,31786370,675840621,500,11471,309832,676150453
2020-02-21,96254499,726752085,600,11571,323988,727076073
2020-02-24,67107315,748501797,900,8471,240068,748741865
2020-02-25,72363958,739987925,4500,11371,315432,740303357
2020-02-26,57267807,741552963,2100,8971,243383,741796346
2020-02-27,31108380,742568487,4500,12071,321813,742890300
2020-02-28,54330308,743933568,0,11071,271350,744204918
2020-03-02,24278327,741778571,1200,7771,197383,741975954
2020-03-03,33175561,742706547,2000,9771,249942,742956489
2020-03-04,13767397,733993992,2200,8771,224625,734218617
2020-03-05,24822645,742310363,2600,11271,293610,742603973
2020-03-06,14331162,737229879,700,7271,186647,737416526
2020-03-09,27041168,743747283,500,7071,171260,743918543
2020-03-10,23073444,752576314,0,6571,163289,752739603
2020-03-11,26666307,737877120,2900,9471,239995,738117115
2020-03-12,17276567,738152026,0,8971,221404,738373430
2020-03-13,19719143,735713494,1500,8071,201452,735914946
2020-03-16,19535036,723162647,700,8471,201356,723364003
2020-03-17,16102580,726409383,300,6871,167652,726577035
2020-03-18,12212602,718654990,200,6771,164332,718819322
2020-03-19,15756557,717476285,2800,9371,230245,717706530
2020-03-20,12903269,713902812,3100,9671,240324,714143136
2020-03-23,11889356,711564079,2500,9071,214257,711778336
2020-03-24,12150524,713505591,3400,10071,241301,713746892
2020-03-25,14858983,710995605,300,9371,227434,711223039
2020-03-26,9602579,710797784,1000,7971,191065,710988849
2020-03-27,12684377,703189113,2400,8971,217098,703406211
2020-03-30,10444796,699993916,2900,9471,226357,700220273
2020-03-31,6324651,697207633,700,9671,235102,697442735
2020-04-01,6540046,693725126,500,7471,179678,693904804
2020-04-02,7158652,695299080,4500,11071,271461,695570541
2020-04-03,11426975,694691379,600,6471,156404,694847783
2020-04-07,38678985,705275115,0,5871,148536,705423651
2020-04-08,14919284,707664860,1000,6871,173287,707838147
2020-04-09,14654565,707721944,0,6671,167976,707889920
2020-04-10,10401848,705250437,5100,10971,271971,705522408
2020-04-13,7949637,704311169,0,10971,270216,704581385
2020-04-14,9064332,698194873,0,10971,278444,698473317
2020-04-15,11074457,694120543,800,6671,170111,694290654
2020-04-16,13648948,673285323,5100,10971,286014,673571337
2020-04-17,11248204,668093994,400,11371,294509,668388503
2020-04-20,8923020,668744659,400,6271,164614,668909273
2020-04-21,13568202,666931608,5700,11571,305359,667236967
2020-04-22,12025415,666049307,600,6471,171417,666220724
2020-04-23,14635059,668893218,5700,12171,323627,669216845
2020-04-24,6710183,661913502,0,5871,155171,662068673
2020-04-27,20672387,665718889,2200,8071,209039,665927928
2020-04-28,14187878,660757717,3700,9571,246932,661004649
2020-04-29,12723912,660921597,0,9571,248655,661170252
2020-04-30,18268690,661293728,1200,7071,189149,661482877
2020-05-06,19960726,651212706,600,7671,211106,651423812
2020-05-07,7641390,646742984,500,8171,224294,646967278
2020-05-08,11428188,643472936,0,8171,226255,643699191
2020-05-11,13315357,647238925,4900,8871,243864,647482789
2020-05-12,15572568,652007363,1200,5571,151141,652158504
2020-05-13,9216640,653713163,1900,7171,194549,653907712
2020-05-14,22127088,659909532,0,7171,190175,660099707
2020-05-15,19100597,656046119,1800,5871,154994,656201113
2020-05-18,29637296,652623346,3600,7671,209418,652832764
2020-05-19,16935829,651111598,2300,7071,192685,651304283
2020-05-20,26945714,657081700,0,7071,188866,657270566
2020-05-21,17820578,660163398,0,7071,183987,660347385
2020-05-22,9012276,653476057,0,6571,170255,653646312
2020-05-25,9810001,655999894,0,5571,144679,656144573
2020-05-26,27759936,650697457,1800,6771,185187,650882644
2020-05-27,26592604,648233628,0,5771,158010,648391638
2020-05-28,23024066,638457998,1000,6771,187286,638645284
2020-05-29,15689543,633523155,0,3271,91065,633614220
2020-06-01,31878655,627938828,0,2271,63702,628002530
2020-06-02,21265014,613762284,3600,5871,163625,613925909
2020-06-03,9692742,611595413,0,5871,161218,611756631
2020-06-04,13095226,616308658,0,5871,161570,616470228
2020-06-05,14427771,615197803,0,5871,159926,615357729
2020-06-08,10276334,613189553,0,1971,53907,613243460
2020-06-09,15023194,617899293,500,2371,65819,617965112
2020-06-10,13845184,616669363,500,2371,65819,616735182
2020-06-11,9828524,614117739,4400,6271,172076,614289815
2020-06-12,19164182,602554044,500,1871,53436,602607480
2020-06-15,21227174,607596794,4900,5771,165916,607762710
2020-06-16,23919803,610285315,1000,6771,193718,610479033
2020-06-17,20870589,602620595,600,7371,218550,602839145
2020-06-18,16133291,599067473,0,6971,204250,599271723
2020-06-19,64797892,593494463,107400,114371,3686177,597180640
2020-06-22,124945686,653099769,29000,143371,4853108,657952877
2020-06-23,67567446,656611479,0,118371,3986735,660598214
2020-06-24,58367200,647038652,17000,123971,4215014,651253666
2020-06-29,82339759,647876114,60000,182171,6632846,654508960
2020-06-30,44670768,650241290,5500,167171,6115115,656356405
2020-07-01,82057348,663675304,57600,224771,7844508,671519812
2020-07-02,30315048,629160552,7740,231511,8149187,637309739
2020-07-03,36616046,628881949,1000,232511,8184387,637066336
2020-07-06,90155802,653137048,300,227811,8128296,661265344
2020-07-07,94882466,661129826,0,226911,8536392,669666218
2020-07-08,69518643,653978858,6300,230211,9417932,663396790
2020-07-09,116996718,650311896,24000,252311,10175702,660487598
2020-07-10,99149289,685528893,1900,251511,9884382,695413275
2020-07-13,41252089,661271775,2700,139811,5718270,666990045
2020-07-14,46208286,651598243,1400,141011,5891439,657489682
2020-07-15,38480512,640040909,0,140011,5629842,645670751
2020-07-16,34099515,636580568,700,136011,5316670,641897238
2020-07-17,61156512,660037590,1000,136311,5452440,665490030
2020-07-20,149269590,382472721,600,136411,6002084,388474805
2020-07-21,91714903,358618639,800,76111,3271251,361889890
2020-07-22,46753181,342589980,24400,100011,4510496,347100476
2020-07-23,71466990,343422502,21100,110411,5203670,348626172
2020-07-24,121275027,373730785,172310,281621,12926404,386657189
2020-07-27,31303020,359374946,9500,196471,9145725,368520671
2020-07-28,22031949,315342013,43400,219871,10098675,325440688
2020-07-29,36759393,326136839,34600,242671,11235667,337372506
2020-07-30,53386859,323388880,21400,240071,10726372,334115252
2020-07-31,37842406,306327889,20700,240271,10987593,317315482
2020-08-03,70079288,328334702,41847,243918,12269075,340603777
2020-08-04,41834345,339325346,2400,218318,10682300,350007646
2020-08-05,63289612,306650422,83200,225271,12112822,318763244
2020-08-06,70529253,326271557,79141,234412,12852810,339124367
2020-08-07,85454232,339034424,56200,262571,14575316,353609740
2020-08-10,67200579,315218369,46600,245671,12701191,327919560
2020-08-11,33066083,295720822,45200,239971,12641672,308362494
2020-08-12,33054876,298412254,25800,218671,11254996,309667250
2020-08-13,74093127,333918823,79300,283471,15222393,349141216
2020-08-14,51219630,338390307,63900,269771,15037036,353427343
2020-08-17,34005372,319691580,7700,216471,12317200,332008780
2020-08-18,38328792,315524881,27600,163984,9502872,325027753
2020-08-19,44964330,325816170,36400,122571,6678894,332495064
2020-08-20,25141239,311353905,6200,112771,6027610,317381515
2020-08-21,33537385,309654252,24400,115371,5985447,315639699
2020-08-24,21496493,311337560,3400,114571,6185688,317523248
2020-08-25,30925539,295041620,51900,161071,8161468,303203088
2020-08-26,31434643,288493004,10400,161371,7544094,296037098
2020-08-27,21230821,295225600,9300,169771,7962260,303187860
2020-08-28,30842375,304592067,8000,163271,8037831,312629898
2020-08-31,43503829,333161545,15000,171271,8311782,341473327
2020-09-01,25325328,318419849,29200,195771,10191838,328611687
2020-09-02,33501115,329700283,44600,197171,10079382,339779665
2020-09-03,19774183,326113621,29700,220271,11064212,337177833
2020-09-04,10763987,308853159,9600,175371,8654559,317507718
2020-09-07,11222029,299230158,7000,163571,7851408,307081566
2020-09-08,10127690,293909925,43800,195671,9400035,303309960
2020-09-09,14808249,286560796,42027,213498,10013056,296573852
2020-09-10,6341761,274458356,4600,175171,8080638,282538994
2020-09-11,5913842,271648956,33000,205671,9757032,281405988
2020-09-14,9837216,274287399,21000,190671,8959630,283247029
2020-09-15,5128597,273838181,40500,210471,9898451,283736632
2020-09-16,5465226,272029016,500,132871,6274169,278303185
2020-09-17,5375579,270621293,900,121271,5756734,276378027
2020-09-18,16651419,271772601,100,120871,6042341,277814942
2020-09-21,30205337,277571258,23900,132671,7056770,284628028
2020-09-22,20423442,283637258,500,111271,5734907,289372165
2020-09-23,8361222,284817498,1400,112171,5776807,290594305
2020-09-24,6510417,284345658,500,111571,5638798,289984456
2020-09-25,8107765,285539247,500,111571,5636567,291175814
2020-09-28,6307237,284791667,0,111171,5542986,290334653
2020-09-29,26591266,276040970,0,110771,5867540,281908510
2020-09-30,9281477,268232330,1500,107871,5708533,273940863
2020-10-09,22912934,278860722,0,107871,5629787,284490509
2020-10-12,42305894,290459186,0,100671,5280194,295739380
2020-10-13,21471482,293968288,300,100971,5368628,299336916
2020-10-14,21917043,296055094,15482,116453,6020620,302075714
2020-10-15,23124412,297350447,2200,118653,5895868,303246315
2020-10-16,12405091,281722239,100,117053,5550653,287272892
2020-10-19,20706684,289571103,1200,118153,5417315,294988418
2020-10-20,9729401,290548070,0,118153,5445671,295993741
2020-10-21,12321988,278142481,400,117653,5201439,283343920
2020-10-22,5252935,277416410,5900,123553,5337489,282753899
2020-10-23,14855792,279993771,500,121053,5160490,285154261
2020-10-26,6590958,271471942,1100,121653,5407476,276879418
2020-10-27,7253109,262196641,0,119553,5544868,267741509
2020-10-28,15293898,267097575,24600,144153,6534455,273632030
2020-10-29,6589133,264823924,0,135753,6160471,270984395
2020-10-30,17409445,263829234,1200,136953,6235470,270064704
2020-11-02,5096908,241644558,200,137053,6229059,247873617
2020-11-03,9041089,240028073,12900,148553,6906229,246934302
2020-11-04,47079974,268752043,16600,151953,7384916,276136959
2020-11-05,27685841,275888456,10600,151553,7266966,283155422
2020-11-06,14185152,277767769,4270,149723,7026500,284794269
2020-11-09,21727530,283156405,12800,129323,6078181,289234586
2020-11-10,5052270,280201655,13500,130023,6111081,286312736
2020-11-11,6900231,278326462,12900,130253,5978613,284305075
2020-11-12,5380342,256416537,12900,130253,6128404,262544941
2020-11-13,12582227,250693579,13000,128453,6229971,256923550
2020-11-16,9176830,251062631,13900,129453,6407924,257470555
2020-11-17,7603005,249181984,2700,128253,6240791,255422775
2020-11-18,5602251,240289303,1100,128153,6278215,246567518
2020-11-19,31785200,259396696,8100,125553,6340427,265737123
2020-11-20,39766859,271959849,14306,111359,5729421,277689270
2020-11-23,20605375,275036529,8000,111759,5903110,280939639
2020-11-24,17326254,281692507,7550,111309,5887133,287579640
2020-11-25,34037764,298876149,11500,110609,5623362,304499511
2020-11-26,17729263,306276842,1000,99953,5099602,311376444
2020-11-27,19038436,294533065,0,97953,5107269,299640334
2020-11-30,38972301,311908214,1900,85753,4595503,316503717
2020-12-01,27604567,311138669,14300,98153,5393507,316532176
2020-12-02,14829312,312233001,1400,99353,5389901,317622902
2020-12-03,22595622,317470007,500,98453,5208164,322678171
2020-12-04,20361950,325217518,15200,113153,5998241,331215759
2020-12-07,19145594,332476618,0,99053,5214149,337690767
2020-12-08,12875758,324192644,0,98553,5224295,329416939
2020-12-09,16357831,319910673,600,94153,4767907,324678580
2020-12-10,7299674,317737013,400,85053,4380230,322117243
2020-12-11,13877665,314025015,700,85253,4289078,318314093
2020-12-14,8405193,301800098,400,84953,4459183,306259281
2020-12-15,19000450,296777883,600,84153,4497978,301275861
2020-12-16,6177527,296539097,41000,125053,6596546,303135643
2020-12-17,11951262,293243072,20400,144053,7594474,300837546
2020-12-18,14197792,295629218,1600,145253,7669359,303298577
2020-12-21,29955350,292114028,5900,149453,8308092,300422120
2020-12-22,23833417,279876874,1200,150353,8206267,288083141
2020-12-23,44132302,302213155,800,149653,8425464,310638619
2020-12-24,46913447,303298623,15000,164053,9255870,312554493
2020-12-25,57635238,318474164,8100,167953,9833648,328307812
2020-12-28,38328616,323025093,1400,169053,10136418,333161511
2020-12-29,37544912,330182205,20500,188653,11092797,341275002
2020-12-30,34537079,318792448,26393,194246,12095698,330888146
2020-12-31,38467369,314580649,20140,179093,11673282,326253931
2021-01-04,61838640,324843620,26700,185853,13214148,338057768
2021-01-05,77901039,345438375,45220,189873,12911364,358349739
2021-01-06,51171471,345005424,23800,161953,11127790,356133214
2021-01-07,55605336,354475364,29200,128853,8956572,363431936
2021-01-08,57123756,354603351,40168,125721,8121577,362724928
2021-01-11,40357768,356883444,40200,108953,6648312,363531756
2021-01-12,25032371,346788490,60500,132353,8444122,355232612
2021-01-13,15765031,325393533,29700,115053,7257544,332651077
2021-01-14,22104196,317747193,45700,139053,8261139,326008332
2021-01-15,22464467,324225612,41700,138453,8213032,332438644
2021-01-18,20019690,325043393,49700,145505,8951468,333994861
2021-01-19,9437936,326313744,53815,149220,8911418,335225162
2021-01-20,11185199,329670439,50900,148705,8895533,338565972
2021-01-21,35356195,344953951,53200,139505,8544682,353498633
2021-01-22,39205420,341876104,36924,131329,8285547,350161651
2021-01-25,40521613,335087765,39200,132929,8467577,343555342
2021-01-26,27387956,321039225,70600,165829,9506976,330546201
2021-01-27,14873089,310620912,37600,133229,7801890,318422802
2021-01-28,9738257,308937706,46000,142129,8062978,317000684
2021-01-29,21584010,290880354,57698,157427,8606535,299486889
2021-02-01,7096260,285844926,22500,108427,6006855,291851781
2021-02-02,34390355,295251877,42400,123175,7370792,302622669
2021-02-03,9888445,290830968,44400,135775,7941480,298772448
2021-02-04,17337386,294033100,62059,150234,8545309,302578409
2021-02-05,11131305,285550231,42200,146575,8162762,293712993
2021-02-08,7186950,286094088,60300,147875,8034048,294128136
2021-02-09,13438985,289383745,61800,149477,8787753,298171498
2021-02-10,28449318,299260498,52800,140477,7993141,307253639
2021-02-18,34958986,322180880,52000,140877,7704563,329885443
2021-02-19,14764824,315112943,46500,134977,7381892,322494835
2021-02-22,23983178,313307007,46900,135177,7054887,320361894
2021-02-23,21720609,318150049,57800,146377,7755054,325905103
2021-02-24,7158311,292740557,56800,145377,7652645,300393202
2021-02-25,10983932,278313180,54840,142717,7856571,286169751
2021-02-26,11547133,277795332,57379,131432,7186702,284982034
2021-03-01,19813086,284901490,57800,132753,7359826,292261316
2021-03-02,11700659,283907634,54400,129353,7084664,290992298
2021-03-03,12287615,282894417,37400,126153,7039338,289933755
2021-03-04,12749066,288469469,29900,136653,7436656,295906125
2021-03-05,9290086,287150068,46000,127253,6722776,293872844
2021-03-08,17570968,276386085,56596,136949,6511925,282898010
2021-03-09,13861680,272916015,48400,138353,6135956,279051971
2021-03-10,3254711,265063724,46500,137153,6160912,271224636
2021-03-11,6244768,263618021,50400,141053,6527933,270145954
2021-03-12,4379204,259863117,62800,153453,6975974,266839091
2021-03-15,7966816,259053160,69400,159553,7216582,266269742
2021-03-16,4776445,256154859,68692,160145,7126453,263281312
2021-03-17,2455165,244544276,49070,151915,6810349,251354625
2021-03-18,3133095,243588961,49600,156115,7048592,250637553
2021-03-19,8120250,243501815,68200,157853,7127063,250628878
2021-03-22,5202181,241392757,47800,149853,6968165,248360922
2021-03-23,7800476,245261155,48900,148153,6794297,252055452
2021-03-24,5845070,246566712,31500,153153,6845939,253412651
2021-03-25,3675280,239774461,62677,152530,7008753,246783214
2021-03-26,5507369,236233534,15500,141438,6687189,242920723
2021-03-29,5770559,234957770,27500,142638,7034907,241992677
2021-03-30,6169154,233031748,77900,159461,7899697,240931445
2021-03-31,22568709,251822330,37500,161461,7598354,259420684
2021-04-01,5568549,254655750,14900,165861,7833615,262489365
2021-04-02,6273742,255153689,24400,150766,7214153,262367842
2021-04-06,3792873,239787151,28470,151936,7376493,247163644
2021-04-07,6673866,242210229,15500,156228,7428642,249638871
2021-04-08,5020328,244912729,6400,158528,7457157,252369886
2021-04-09,10597843,237019956,46500,158723,7850440,244870396
2021-04-12,15857727,239505490,46500,157723,7278917,246784407
2021-04-13,12158852,241664959,51600,162523,7472808,249137767
2021-04-14,7902815,244955031,31200,161423,7354432,252309463
2021-04-15,4790936,245156940,41700,156723,7074476,252231416
2021-04-16,4258182,245729299,30100,173523,7763420,253492719
2021-04-19,13540504,253004205,23200,151887,6854660,259858865
2021-04-20,7465734,249841826,13900,145887,6458417,256300243
2021-04-21,15158239,256183420,49000,153023,6599882,262783302
2021-04-22,10924385,259851581,48100,164623,7039279,266890860
2021-04-23,12863650,260659876,58400,165923,7051728,267711604
2021-04-26,9289354,259978420,57500,165923,7136349,267114769
2021-04-27,10543066,262313613,5100,140187,6000004,268313617
2021-04-28,8301615,261821448,29800,149087,6506156,268327604
2021-04-29,7077119,256852252,17100,150287,6699795,263552047
2021-04-30,8566083,256865314,20200,150287,6645691,263511005
2021-05-06,16827371,257447243,25052,148039,6718010,264165253
2021-05-07,5050087,258000661,24500,127539,5597686,263598347
2021-05-10,5170744,255701011,27400,136039,5942184,261643195
2021-05-11,19704929,269676186,34900,128939,5791939,275468125
2021-05-12,19404718,285204859,24400,136839,6072915,291277774
2021-05-13,4413470,285775797,18300,135739,5992877,291768674
2021-05-14,34015005,301053627,25100,144740,6820149,307873776
2021-05-17,14951200,301772352,43100,145823,6817226,308589578
2021-05-18,18439771,302418758,26400,131423,6334588,308753346
2021-05-19,13404109,294646054,20500,94423,4466208,299112262
2021-05-20,14557148,301410705,43500,133823,6233476,307644181
2021-05-21,8325153,303654088,16900,132323,5984969,309639057
2021-05-24,7704457,300762784,19300,125123,5825727,306588511
2021-05-25,9297040,284156903,2100,96923,4760858,288917761
2021-05-26,8178538,280915051,6000,99923,4940193,285855244
2021-05-27,14286901,285549854,9700,108523,5380571,290930425
2021-05-28,7117605,285994215,4000,102253,5080952,291075167
2021-05-31,15762926,276669935,5900,102253,5434747,282104682
2021-06-01,20566652,278354242,5900,102253,5271142,283625384
2021-06-02,10436674,281380623,2000,101153,5129468,286510091
2021-06-03,12271850,278058132,11900,104653,5190789,283248921
2021-06-04,6803032,265458135,24700,119953,6020441,271478576
2021-06-07,6541833,262621128,42100,146153,7481572,270102700
2021-06-08,13052779,259119104,18600,146853,7555587,266674691
2021-06-09,31342251,278523697,27359,157012,8222718,286746415
2021-06-10,21372761,282254249,21288,158900,8389921,290644170
2021-06-11,40928686,315002765,26400,164600,8277735,323280500
2021-06-15,5857079,295186214,8900,157600,7753919,302940133
2021-06-16,12532505,291893105,11700,146500,7048115,298941220
2021-06-17,6269370,262988333,11300,124300,5978830,268967163
2021-06-18,7265953,257614578,18900,123900,6195000,263809578
2021-06-21,11579742,258017473,20520,123020,6383508,264400981
2021-06-22,19735203,267073376,17100,125341,6555334,273628710
2021-06-23,29259786,288689248,40200,156541,8202748,296891996
2021-06-24,16188628,290245484,17500,146041,7503587,297749071
2021-06-25,19372983,301412070,18600,147753,7609280,309021350
2021-06-28,6090873,299950723,10800,148553,7634139,307584862
2021-06-29,10448863,296394755,16700,139153,6871375,303266130
2021-06-30,9314389,268999992,6400,127753,6409368,275409360
2021-07-01,6860079,267013904,10400,132053,6440225,273454129
2021-07-02,11373277,250047232,62400,189153,8873168,258920400
2021-07-05,16429118,261944034,27200,200553,9309670,271253704
2021-07-06,6948607,253268360,15800,191553,9098768,262367128
2021-07-07,8838725,250233759,14800,189553,9515560,259749319
2021-07-08,6727846,223360974,16800,191553,10577557,233938531
2021-07-09,24344492,217856494,14800,190453,11067224,228923718
2021-07-12,17502241,210168677,16900,192553,11462680,221631357
2021-07-13,31692780,224663628,14800,192453,10873595,235537223
2021-07-14,21658267,216707442,10700,187353,10349380,227056822
2021-07-15,32888406,231597594,6500,170653,9245980,240843574
2021-07-16,34893761,251421410,10300,145453,8015915,259437325
2021-07-19,18709732,251068134,10600,149753,8279844,259347978
2021-07-20,15454583,253499816,10000,149253,8122348,261622164
2021-07-21,21218424,262038471,9500,129353,7217898,269256369
2021-07-22,25389376,272454487,12917,132688,7536679,279991166
2021-07-23,28494475,274200121,14925,134696,7631876,281831997
2021-07-26,52999920,270153623,13975,135046,8114914,278268537
2021-07-27,26574919,233620574,36600,157671,9425572,243046146
2021-07-28,26896954,228803299,42800,162871,9461176,238264475
2021-07-29,8798105,216396449,36600,131471,8052599,224449048
2021-07-30,27238566,217270178,37200,135571,8486745,225756923
2021-08-02,21784534,212525690,28700,134571,8650224,221175914
2021-08-03,19585428,213187779,32700,130771,7986185,221173964
2021-08-04,17382026,212472551,25100,124871,7835655,220308206
2021-08-05,25841031,210515885,28837,109808,6921198,217437083
2021-08-06,21142356,213497979,35900,125271,8001059,221499038
2021-08-09,29629807,222764169,40233,127104,8285909,231050078
2021-08-10,65695942,245346937,31200,127304,8599385,253946322
2021-08-11,42345615,271005230,19700,122671,8151488,279156718
2021-08-12,39426857,295307433,36200,137971,8968115,304275548
2021-08-13,23177566,282471074,38200,126971,8082974,290554048
2021-08-16,22032893,291182647,31200,129471,8081580,299264227
2021-08-17,17568017,293317682,71800,148171,9139187,302456869
2021-08-18,31152960,287102074,38000,149971,9850095,296952169
2021-08-19,21034550,267378164,47600,169971,11515535,278893699
2021-08-20,27128272,272481980,33300,175771,11553428,284035408
2021-08-23,24226685,258755097,32600,175571,12128445,270883542
2021-08-24,31423302,263927444,63886,205957,14250164,278177608
2021-08-25,18269994,269055673,58100,207271,13903739,282959412
2021-08-26,46674929,280139711,57804,223175,15097789,295237500
2021-08-27,15983454,282774730,35766,214037,14143565,296918295
2021-08-30,25767701,272740661,49300,222571,15199374,287940035
2021-08-31,12607547,269502376,41500,214370,14506418,284008794
2021-09-01,60635024,310455467,41563,199033,12525147,322980614
2021-09-02,6834138,303811863,41578,192248,12057794,315869657
2021-09-03,22403084,302734962,23500,119348,7392415,310127377
2021-09-06,7640039,297611117,51700,134148,8531813,306142930
2021-09-07,5876772,267581885,58200,137448,9224135,276806020
2021-09-08,35568867,298393487,52200,123048,7882455,306275942
2021-09-09,14383129,283361980,55295,124243,7936643,291298623
2021-09-10,10284669,280502740,76600,145943,9325758,289828498
2021-09-13,14972698,291494705,55800,150243,9381173,300875878
2021-09-14,7700265,286447523,55300,153543,9673209,296120732
2021-09-15,9094572,286798094,52300,146366,9399625,296197719
2021-09-16,9763566,284576600,21400,125464,8067335,292643935
2021-09-17,10062672,275748460,110766,189330,12306450,288054910
2021-09-22,8829087,277581696,107740,206170,13401050,290982746
2021-09-23,15361695,282078895,85600,203170,13275128,295354023
2021-09-24,15355240,272958978,109200,223770,15066434,288025412
2021-09-27,23507641,283378282,54800,203870,12931475,296309757
2021-09-28,6290119,279153773,93100,255870,16585493,295739266
2021-09-29,14307595,283045397,112200,272910,16505597,299550994
2021-09-30,5015596,274087652,77231,234741,14506994,288594646
2021-10-08,9751806,273913381,72900,232341,14051984,287965365
2021-10-11,4838728,272932225,71600,250141,15408686,288340911
2021-10-12,7897005,275665165,120500,283537,17182343,292847508
2021-10-13,14928794,274843645,81300,272537,16910921,291754566
2021-10-14,9273274,276059767,52400,249040,15243738,291303505
2021-10-15,12123394,281218288,33300,237040,14649072,295867360
2021-10-18,5120479,276149218,58900,253540,16216418,292365636
2021-10-19,21356576,284041529,55100,251540,16501024,300542553
2021-10-20,33845136,290859837,69300,262240,17609416,308469253
2021-10-21,42087060,321578399,54300,260640,16941600,338519999
2021-10-22,9666179,325312039,48300,244540,15821738,341133777
2021-10-25,25954066,330540668,57700,256940,17071093,347611761
2021-10-26,8621675,317757045,56700,261040,17374823,335131868
2021-10-27,10267541,319049342,79400,288340,19474483,338523825
2021-10-28,6810994,310341477,45800,291340,19694584,330036061
2021-10-29,47680103,333059536,69499,312739,22295164,355354700
2021-11-01,43931276,341413575,71135,328371,24348710,365762285
2021-11-02,46800520,364149140,53149,329820,24406680,388555820
2021-11-03,46412270,357482631,55639,322659,23928391,381411022
2021-11-04,27578838,369667101,73700,298059,22354425,392021526
2021-11-05,22246922,370998605,47000,288224,21270931,392269536
2021-11-08,23528127,376865024,51400,301324,22991021,399856045
2021-11-09,39458158,370662391,60500,312724,24858431,395520822
2021-11-10,48195768,396522033,56000,317870,24911472,421433505
2021-11-11,57765878,416180925,6500,320870,25412904,441593829
2021-11-12,49341657,443783746,33400,353470,28461404,472245150
2021-11-15,34990323,439284586,22800,352200,28975494,468260080
2021-11-16,104754856,488734494,65600,359500,27023615,515758109
2021-11-17,29633211,483205401,26700,333000,25214760,508420161
2021-11-18,53858225,484253597,38536,283036,22368335,506621932
2021-11-19,21626796,481233363,30500,291500,22681615,503914978
2021-11-22,13170313,448739883,34300,281100,23457795,472197678
2021-11-23,35485855,465673156,31500,295400,23475438,489148594
2021-11-24,27046266,453172042,57400,321800,24801126,477973168
2021-11-25,44554022,466262604,35600,300400,23413176,489675780
2021-11-26,12937145,463722319,31200,327360,25468608,489190927
2021-11-29,10926071,427991344,21400,311960,25259401,453250745
2021-11-30,40768043,442173235,20000,267584,21920481,464093716
2021-12-01,16734987,423860589,61100,280384,22343801,446204390
2021-12-02,21504443,432569338,72000,310960,24357497,456926835
2021-12-03,24041218,434106556,22700,314360,24560947,458667503
2021-12-06,36132438,434392934,22900,314960,24941682,459334616
2021-12-07,19612596,421979793,25900,318360,24297235,446277028
2021-12-08,16400367,412387389,31900,303060,23778088,436165477
2021-12-09,39240081,389210606,31600,274300,20610902,409821508
2021-12-10,21270608,377861472,25000,267500,19835125,397696597
2021-12-13,26112955,374357677,21400,268386,19686113,394043790
2021-12-14,17819484,342477255,33000,236100,17778330,360255585
2021-12-15,4520398,314296844,13400,238700,18172231,332469075
2021-12-16,4754946,301034016,29188,242388,18911112,319945128
2021-12-17,9788352,295156630,13700,220886,16687937,311844567
2021-12-20,6918286,277748721,34600,238251,17987952,295736673
2021-12-21,9114764,274987916,37300,259051,19889936,294877852
2021-12-22,9139550,278978922,18900,255851,19726112,298705034
2021-12-23,7555268,271560184,21800,258451,20117826,291678010
2021-12-24,10868419,269520826,29100,260851,20531582,290052408
