日期,融资买入额(元),融资余额(元),融券卖出量,融券余量,融券余额(元),融资融券余额(元)
2019-08-19,47421324,43502633,0,0,0,43502633
2019-08-20,49280391,72087841,0,0,0,72087841
2019-08-21,32711619,79073434,0,0,0,79073434
2019-08-22,30133639,84996134,0,0,0,84996134
2019-08-23,17593537,85128228,0,0,0,85128228
2019-08-26,47254020,110968988,0,0,0,110968988
2019-08-27,50150931,118410452,0,0,0,118410452
2019-08-28,84167383,163493084,0,0,0,163493084
2019-08-29,40720298,159078998,0,0,0,159078998
2019-08-30,32885772,147509078,0,0,0,147509078
2019-09-02,33735676,153803305,0,0,0,153803305
2019-09-03,39607967,157206047,0,0,0,157206047
2019-09-04,39638035,166670635,0,0,0,166670635
2019-09-05,54913406,173739259,0,0,0,173739259
2019-09-06,32486632,168806369,0,0,0,168806369
2019-09-09,25858384,171402655,0,0,0,171402655
2019-09-10,102874234,207198286,0,0,0,207198286
2019-09-11,56394470,215187174,0,0,0,215187174
2019-09-12,28518678,207943855,0,0,0,207943855
2019-09-16,53021615,214088292,0,0,0,214088292
2019-09-17,75461046,239948432,0,0,0,239948432
2019-09-18,29614933,232028600,0,0,0,232028600
2019-09-19,38698736,221648662,0,0,0,221648662
2019-09-20,27580178,217755050,0,0,0,217755050
2019-09-23,26085684,210824609,0,0,0,210824609
2019-09-24,14712576,195947611,0,0,0,195947611
2019-09-25,16870195,195360864,7000,7000,164570,195525434
2019-09-26,35770196,188640842,0,7000,151340,188792182
2019-09-27,16412405,174424387,2500,9500,210425,174634812
2019-09-30,10623649,175371599,0,9500,211850,175583449
2019-10-08,45251130,205735171,0,9500,220875,205956046
2019-10-09,74816958,209395392,14000,23500,588440,209983832
2019-10-10,111646326,244547839,0,23500,618990,245166829
2019-10-11,81009545,238256864,0,9500,247285,238504149
2019-10-14,79537069,259861338,0,9500,242725,260104063
2019-10-15,69890321,267101090,14000,23500,593845,267694935
2019-10-16,36016715,264938551,0,23500,589850,265528401
2019-10-17,60906156,297859462,0,23500,594080,298453542
2019-10-18,63837338,296758816,0,9500,242345,297001161
2019-10-21,140580034,337251590,0,8600,233146,337484736
2019-10-22,114951382,369056455,0,8600,230308,369286763
2019-10-23,203729170,430407241,0,8600,240112,430647353
2019-10-24,264178210,542194453,0,8600,264106,542458559
2019-10-25,369142529,540425699,14900,23500,793830,541219529
2019-10-28,341696016,598868223,0,23500,804170,599672393
2019-10-29,435366209,724165284,0,23500,884540,725049824
2019-10-30,326615487,730873658,0,23500,838950,731712608
2019-10-31,278880873,716212374,0,21000,686910,716899284
2019-11-01,187146307,648121852,0,21000,714000,648835852
2019-11-04,192413121,667205115,2500,23500,807460,668012575
2019-11-05,235225913,620115137,2000,8100,281151,620396288
2019-11-06,150369230,590761107,17400,25500,843540,591604647
2019-11-07,123076397,573697308,0,25500,865470,574562778
2019-11-08,111640166,572116653,0,25500,836655,572953308
2019-11-11,80561680,568983219,0,25500,843540,569826759
2019-11-12,83021758,553741543,0,25500,830025,554571568
2019-11-13,69986101,546900729,0,25500,822120,547722849
2019-11-14,105182563,540694962,0,25500,793815,541488777
2019-11-15,83399576,512251335,0,24400,719800,512971135
2019-11-18,45639249,493620073,0,24400,730780,494350853
2019-11-19,55902302,504232467,0,24400,733952,504966419
2019-11-20,42706023,482567188,0,24400,722240,483289428
2019-11-21,36918175,488031285,0,24400,716872,488748157
2019-11-22,47890516,456563160,0,24400,697108,457260268
2019-11-25,25813781,446333188,0,24400,694912,447028100
2019-11-26,92135538,467976261,15000,39400,1213520,469189781
2019-11-27,92628577,504310791,0,31900,936265,505247056
2019-11-28,81485367,509655150,7500,31900,936903,510592053
2019-11-29,61865273,520598501,200,32100,923196,521521697
2019-12-02,70978238,510228769,7300,30100,889455,511118224
2019-12-03,43034764,491784876,0,30100,893067,492677943
2019-12-04,46972932,494900851,6400,30100,878017,495778868
2019-12-05,50734504,500150656,0,30100,881930,501032586
2019-12-06,113380762,535388475,7300,30100,896378,536284853
2019-12-09,87295343,554440816,0,12700,384302,554825118
2019-12-10,103950742,552821213,7219,12500,368625,553189838
2019-12-11,86600802,537064577,7500,12500,350375,537414952
2019-12-12,47681957,503789724,14000,26500,738820,504528544
2019-12-13,43188556,489402649,200,21500,604580,490007229
2019-12-16,68319133,500739058,200,21500,611675,501350733
2019-12-17,139583616,510371695,5200,26500,782280,511153975
2019-12-18,88620548,517808352,0,12500,365750,518174102
2019-12-19,62606155,513748641,200,12500,367750,514116391
2019-12-20,88520005,522114216,17500,22500,665325,522779541
2019-12-23,82930530,505918736,15200,32500,897975,506816711
2019-12-24,29606337,486135120,0,27500,760650,486895770
2019-12-25,40253119,489851719,0,27500,763125,490614844
2019-12-26,34327529,481598307,0,27500,756525,482354832
2019-12-27,55957320,481127341,5000,32500,902200,482029541
2019-12-30,50360343,483472076,0,20000,555400,484027476
2019-12-31,72262696,489750115,12700,32700,927045,490677160
2020-01-02,141242790,531309643,0,27500,806575,532116218
2020-01-03,68316410,493920280,0,20000,578400,494498680
2020-01-06,58599210,487386420,400,20400,589152,487975572
2020-01-07,227575939,564813395,24600,45000,1429650,566243045
2020-01-08,188941728,601764933,0,40000,1229200,602994133
2020-01-09,110047790,598597768,0,29300,902733,599500501
2020-01-10,79774132,572089106,0,29300,879879,572968985
2020-01-13,91474092,586243475,21400,49300,1515482,587758957
2020-01-14,82698589,583643666,0,29300,908007,584551673
2020-01-15,68764493,572510363,0,29300,893064,573403427
2020-01-16,66968562,569822109,5000,19300,573403,570395512
2020-01-17,42098495,560974109,0,19300,568385,561542494
2020-01-20,69408843,566072601,0,19300,570122,566642723
2020-01-21,62330459,549095391,0,5000,141350,549236741
2020-01-22,84405471,535020499,17500,22500,604800,535625299
2020-01-23,52582056,529376733,0,12500,319375,529696108
2020-02-03,1039600,508221496,0,12500,287500,508508996
2020-02-04,79381356,504412689,0,7500,165975,504578664
2020-02-05,62730225,505627907,0,7500,173475,505801382
2020-02-06,74921535,509341222,0,7500,181200,509522422
2020-02-07,37821098,506531603,0,7500,180150,506711753
2020-02-10,141314421,543235891,10500,10500,277410,543513301
2020-02-11,105393005,539989842,7500,7500,190575,540180417
2020-02-12,88158683,529094691,24000,24000,624480,529719171
2020-02-13,88030430,545502443,10500,10500,277515,545779958
2020-02-14,67900408,531202610,16500,24000,639120,531841730
2020-02-17,99755431,519545839,7500,7500,206400,519752239
2020-02-18,100442569,525893085,11000,18500,523180,526416265
2020-02-19,175079580,559568472,7500,7500,223800,559792272
2020-02-20,356325927,636261415,20300,20300,646555,636907970
2020-02-21,265248637,640061262,7500,16000,516640,640577902
2020-02-24,222892650,681198480,10500,10500,348600,681547080
2020-02-25,211819562,663663512,0,7500,247350,663910862
2020-02-26,272666386,692970100,18500,18500,636770,693606870
2020-02-27,197524704,700571366,14500,22000,745140,701316506
2020-02-28,126041972,627127871,13500,17500,549500,627677371
2020-03-02,183578220,644859607,22500,32500,1105650,645965257
2020-03-03,212210639,672718654,8500,26000,864760,673583414
2020-03-04,116729726,691612980,22500,32500,1087450,692700430
2020-03-05,344758474,800301700,16000,26000,916500,801218200
2020-03-06,162163049,726269489,15000,32500,1114750,727384239
2020-03-09,136843848,725966534,7500,17500,560350,726526884
2020-03-10,113703634,722745447,2300,19800,644292,723389739
2020-03-11,106034460,727536951,12669,32469,1049398,728586349
2020-03-12,57593921,700790177,0,17528,545296,701335473
2020-03-13,131143795,675591867,22400,32400,1066932,676658799
2020-03-16,85690231,653443053,8500,26023,846268,654289321
2020-03-17,90889889,658309316,4900,30923,979641,659288957
2020-03-18,113990938,674981160,17500,36023,1156338,676137498
2020-03-19,58808331,663725666,0,33789,587929,664313595
2020-03-20,68185891,629087076,31490,52529,873032,629960108
2020-03-23,37369088,595940409,29700,60700,908072,596848481
2020-03-24,63074556,597431165,16100,35700,536928,597968093
2020-03-25,66774039,578807660,29700,44200,712946,579520606
2020-03-26,75969292,585557595,21200,35700,589407,586147002
2020-03-27,43990112,578047778,27000,54200,887254,578935032
2020-03-30,95078445,601626869,31200,55700,975307,602602176
2020-03-31,165445561,638223867,29700,72700,1382027,639605894
2020-04-01,129206539,628617059,12700,47200,906240,629523299
2020-04-02,133069082,616616965,21200,55700,1057743,617674708
2020-04-03,156284357,674352300,29700,72700,1375484,675727784
2020-04-07,218664328,677703773,12700,47200,946360,678650133
2020-04-08,117087858,621955230,17000,64200,1245480,623200710
2020-04-09,112248344,632989300,21200,49700,950264,633939564
2020-04-10,76443106,616683727,23000,64200,1187700,617871427
2020-04-13,51851688,622523670,0,34200,625176,623148846
2020-04-14,52025745,629409753,31500,65700,1214793,630624546
2020-04-15,53314194,613891930,7000,39800,715604,614607534
2020-04-16,53248320,608310258,32900,72700,1301330,609611588
2020-04-17,87743471,623946132,12700,47200,859512,624805644
2020-04-20,49885621,610720716,35000,82200,1484532,612205248
2020-04-21,48394015,604842019,8500,55700,973079,605815098
2020-04-22,77479163,620780576,35000,72200,1297434,622078010
2020-04-23,52824440,618574009,8500,35700,639030,619213039
2020-04-24,41465686,602194252,0,27200,468384,602662636
2020-04-27,26114867,588004635,26500,53700,916122,588920757
2020-04-28,36409941,574201528,17000,39900,679098,574880626
2020-04-29,18816614,562642945,9000,23400,388440,563031385
2020-04-30,37174722,556514831,8500,22900,382201,556897032
2020-05-06,39920899,564155483,9000,23400,392652,564548135
2020-05-07,74521075,588805672,52000,66400,1159344,589965016
2020-05-08,45215605,591822218,9000,57400,992446,592814664
2020-05-11,47864241,583288532,26000,65900,1107779,584396311
2020-05-12,16441916,581143577,17500,31900,538472,581682049
2020-05-13,20704573,578543578,25973,49373,829466,579373044
2020-05-14,22487830,568255826,0,14400,233280,568489106
2020-05-15,24343265,561282211,26000,40400,648824,561931035
2020-05-18,21742268,541690837,42930,57330,933906,542624743
2020-05-19,26270141,534911129,9000,36200,580286,535491415
2020-05-20,22806529,530663927,9000,36200,563996,531227923
2020-05-21,17806391,523342057,0,27200,412080,523754137
2020-05-22,17317794,517265773,43500,70700,1074640,518340413
2020-05-25,11277579,512469214,0,27200,410720,512879934
2020-05-26,15341432,503304235,21500,48700,739266,504043501
2020-05-27,15689446,498877422,0,27200,416160,499293582
2020-05-28,17063286,502484033,0,27200,409360,502893393
2020-05-29,8022031,497846078,43500,70700,1054137,498900215
2020-06-01,22143064,498653166,0,27200,411808,499064974
2020-06-02,53129399,506346712,34200,48700,783583,507130295
2020-06-03,34376860,508656714,0,27200,429760,509086474
2020-06-04,23758663,512725555,34500,61700,977328,513702883
2020-06-05,20226144,504523221,0,27200,423776,504946997
2020-06-08,14938234,502048676,0,27200,427584,502476260
2020-06-09,16904265,498124923,2000,29200,454644,498579567
2020-06-10,16403317,499806468,27260,56460,862709,500669177
2020-06-11,15099114,490217410,700,31200,470496,490687906
2020-06-12,8851949,482226062,74960,104160,1560317,483786379
2020-06-15,31058122,487729592,49700,116260,1792729,489522321
2020-06-16,18628287,491297999,155900,237160,3638034,494936033
2020-06-17,20379367,488099195,191890,383050,5929614,494028809
2020-06-18,25876018,485185351,161420,446570,6962027,492147378
2020-06-19,14956408,476802592,131130,530300,8262074,485064666
2020-06-22,31604100,472874013,277950,753408,11949051,484823064
2020-06-23,26899626,479049259,175510,864318,13379642,492428901
2020-06-24,14642102,466083082,92700,625540,9508208,475591290
2020-06-29,18180723,469047929,48400,630450,9601754,478649683
2020-06-30,21309660,473281700,33281,637531,9735098,483016798
2020-07-01,30837275,457926683,239449,804720,12513397,470440080
2020-07-02,36423465,462134198,113900,825320,12916259,475050457
2020-07-03,34848479,460973944,55500,821020,12906434,473880378
2020-07-06,69198279,472266540,102438,859258,14177758,486444298
2020-07-07,97627698,507365747,102630,823128,13491068,520856815
2020-07-08,62874337,504269364,106500,840228,13863763,518133127
2020-07-09,124021006,550016558,167418,930216,16278781,566295339
2020-07-10,92646425,558631543,96150,897389,15219718,573851261
2020-07-13,112670723,575103228,204200,904621,16400779,591504007
2020-07-14,103966604,594599987,131000,917321,16365006,610964993
2020-07-15,85240315,564258760,219142,1063363,17619925,581878685
2020-07-16,39481371,552840854,175170,1090681,17210946,570051800
2020-07-17,19744495,538577819,164300,1131781,18017953,556595772
2020-07-20,25562022,528798103,128000,1225314,19837832,548635935
2020-07-21,22904277,522418119,103630,1314244,21054189,543472308
2020-07-22,23135402,516402271,45600,1306574,20852921,537255192
2020-07-23,19432261,508586528,175700,1472174,22921749,531508277
2020-07-24,25098522,497456788,93150,1438024,22476316,519933104
2020-07-27,16319714,495966385,77128,1298482,19957667,515924052
2020-07-28,32487184,505213533,142200,1342317,21101223,526314756
2020-07-29,24332400,496933412,125860,1362377,21484686,518418098
2020-07-30,29064941,497184144,119650,1422227,22528075,519712219
2020-07-31,20038984,487228146,91050,1400977,21897272,509125418
2020-08-03,30027591,480423067,80800,1364063,21893212,502316279
2020-08-04,59304210,502930165,109000,1429963,23093903,526024068
2020-08-05,23813798,491894704,99380,1489613,23982769,515877473
2020-08-06,22939304,494960959,71290,1522973,24078204,519039163
2020-08-07,22104375,489251828,68900,1583473,24623007,513874835
2020-08-10,15084445,478277178,11000,1508693,23927870,502205048
2020-08-11,48705517,494611372,218040,1686863,27091020,521702392
2020-08-12,36859907,491107162,75851,1744914,28494446,519601608
2020-08-13,48983618,489508644,27643,1757357,29119404,518628048
2020-08-14,33064724,491288373,91270,1723970,28066230,519354603
2020-08-17,40229499,496872479,58050,1691220,27566885,524439364
2020-08-18,33125431,494892781,164000,1805320,29318397,524211178
2020-08-19,35286798,486496685,33000,1808720,29029958,515526643
2020-08-20,32697061,492581602,32200,1692708,27320307,519901909
2020-08-21,20120729,473080909,44600,1632808,26271880,499352789
2020-08-24,30735383,478765494,91000,1639565,26528161,505293655
2020-08-25,31681809,463879411,83000,1673865,26346635,490226046
2020-08-26,15456642,450095315,59900,1686265,26052795,476148110
2020-08-27,10029469,443198768,23600,1611365,24831136,468029904
2020-08-28,16968996,440430886,39900,1529205,23932059,464362945
2020-08-31,12989455,435336133,64930,1550655,24035154,459371287
2020-09-01,11802297,431536667,103300,1599555,24569166,456105833
2020-09-02,7918727,428893027,105600,1682255,25889904,454782931
2020-09-03,10093421,422730530,89062,1761217,26576764,449307294
2020-09-04,8799088,408149044,41250,1641547,24639621,432788665
2020-09-07,8118084,406777128,49600,1531787,22685768,429462896
2020-09-08,13718429,403800392,26430,1515417,22003856,425804248
2020-09-09,13639625,397211305,29300,1469577,20177292,417388597
2020-09-10,5146471,392164892,27400,1457777,19621679,411786571
2020-09-11,9738307,390344996,55230,1393947,18623132,408968128
2020-09-14,8194810,390283026,66300,1449247,19156329,409439355
2020-09-15,6662432,386450351,143270,1540117,20237138,406687489
2020-09-16,7283661,380971133,36800,1558017,20347701,401318834
2020-09-17,10435572,375951564,66000,1477419,18822318,394773882
2020-09-18,8196555,370468293,25700,1471295,19318104,389786397
2020-09-21,9854645,366902005,70900,1408795,18553831,385455836
2020-09-22,9222992,371361938,39300,1425995,18537935,389899873
2020-09-23,2222671,369897326,38000,1450095,18764229,388661555
2020-09-24,4656942,361648763,46480,1475735,18623777,380272540
2020-09-25,5616831,357210522,15600,1372035,16917192,374127714
2020-09-28,4700968,355236104,49430,1367565,16328726,371564830
2020-09-29,6896918,353149087,65000,1363305,16891348,370040435
2020-09-30,2845629,349607550,165788,1416093,17318818,366926368
2020-10-09,6010535,348755478,73000,1430693,17797820,366553298
2020-10-12,9469167,341388608,17700,1431793,18198089,359586697
2020-10-13,9076169,340137654,42100,1422049,18173784,358311438
2020-10-14,11394085,345172404,26960,1449009,17982201,363154605
2020-10-15,7880021,340479818,59500,1491809,18021052,358500870
2020-10-16,9026357,337501509,22600,1497109,17695829,355197338
2020-10-19,6575147,335588623,91474,1585683,19186764,354775387
2020-10-20,3220911,336031343,47600,1604783,19353683,355385026
2020-10-21,4836091,336594683,27300,1606743,19120242,355714925
2020-10-22,4235142,335687287,18400,1589533,18899547,354586834
2020-10-23,3318200,334755347,26640,1472123,17371051,352126398
2020-10-26,4214443,333090464,62500,1499723,17366791,350457255
2020-10-27,2971363,333412370,23800,1476023,17048069,350460439
2020-10-28,5764425,332406720,66287,1490290,16706151,349112871
2020-10-29,4379252,330482808,85256,1526792,16993194,347476002
2020-10-30,3693367,327960430,27900,1475262,15962337,343922767
2020-11-02,4378635,326027929,18600,1483562,15844441,341872370
2020-11-03,3010498,323984795,9700,1477562,16105425,340090220
2020-11-04,2514020,322100009,20400,1468162,15914875,338014884
2020-11-05,3093186,319817064,9300,1395862,15270731,335087795
2020-11-06,3445787,315992465,23000,1407662,15118291,331110756
2020-11-09,14652361,320223655,78700,1434622,15996039,336219694
2020-11-10,32149965,335044141,98300,1422167,17037560,352081701
2020-11-11,24266214,337160198,137000,1502567,17925625,355085823
2020-11-12,25448150,331767763,37900,1481827,18211654,349979417
2020-11-13,21793282,335222986,71700,1504527,18475590,353698576
2020-11-16,33089963,344647866,156900,1599727,20460508,365108374
2020-11-17,25534712,343118339,202749,1746076,21424352,364542691
2020-11-18,13843447,339302953,16700,1654806,20122441,359425394
2020-11-19,21529776,342834049,42500,1547776,19269813,362103862
2020-11-20,11270341,334483955,54300,1415076,17334683,351818638
2020-11-23,12265147,328036213,32200,1393176,16996747,345032960
2020-11-24,12506872,328493449,104200,1397394,16852572,345346021
2020-11-25,9949327,331846933,59162,1417556,16826390,348673323
2020-11-26,10043788,329517342,35500,1410186,16950435,346467777
2020-11-27,14518688,328948601,16400,1235676,15137033,344085634
2020-11-30,7291127,321524843,41800,1217966,14847005,336371848
2020-12-01,6082439,321894607,1900,1079166,13122659,335017266
2020-12-02,11108375,325601265,59600,988746,12092363,337693628
2020-12-03,22212122,327301964,54400,599618,7549192,334851156
2020-12-04,17041534,330384829,39700,471917,5903683,336288512
2020-12-07,39930821,334748976,46700,422717,5537593,340286569
2020-12-08,32524750,342437887,27100,351136,4634995,347072882
2020-12-09,18766947,338156372,2800,343636,4326377,342482749
2020-12-10,12387527,337875379,7850,346986,4254049,342129428
2020-12-11,11476626,335554183,10000,293086,3569788,339123971
2020-12-14,13277977,338580833,10500,276236,3486097,342066930
2020-12-15,8433380,335210474,69900,312087,3860516,339070990
2020-12-16,7777687,334852389,42400,337587,4128689,338981078
2020-12-17,17656379,327535296,29000,323087,3786580,331321876
2020-12-18,8787617,325970385,133500,452787,5202521,331172906
2020-12-21,8787421,324876289,23700,447082,5186151,330062440
2020-12-22,10288884,318642871,140300,518982,5776270,324419141
2020-12-23,7514132,320308256,107800,622682,6936677,327244933
2020-12-24,4417046,319365938,112400,711582,7884329,327250267
2020-12-25,4947451,315246802,100000,805195,9082600,324329402
2020-12-28,9273244,318302363,150230,947425,10772222,329074585
2020-12-29,3927731,318338338,83000,982725,11045828,329384166
2020-12-30,4673359,317378342,84684,1040969,11544346,328922688
2020-12-31,5858902,315136806,130890,1059789,11816648,326953454
2021-01-04,17524892,313154141,230483,1122272,13220365,326374506
2021-01-05,15534086,306552279,297801,1272190,15202670,321754949
2021-01-06,9085449,305731094,130610,1217799,14163003,319894097
2021-01-07,9649013,305832479,193580,1306779,15145569,320978048
2021-01-08,8190935,306779330,39970,1185739,13327706,320107036
2021-01-11,7526919,297757949,88890,1176379,12540201,310298150
2021-01-12,3244039,294837391,28020,1147199,12355333,307192724
2021-01-13,3305537,291021158,9300,1064909,11394526,302415684
2021-01-14,4708584,291787883,23660,1072769,11585905,303373788
2021-01-15,4710327,288042315,66200,1096269,12015108,300057423
2021-01-18,12680440,293742650,87500,1138599,12843398,306586048
2021-01-19,5682461,290385689,95342,1180841,13201802,303587491
2021-01-20,6517736,291813658,45400,1178038,13135124,304948782
2021-01-21,6524112,293611398,46740,1169418,13015623,306627021
2021-01-22,4848646,291143355,18360,1144959,12377008,303520363
2021-01-25,3220975,287839873,16100,1150859,12256649,300096522
2021-01-26,6716722,289318405,96600,1239459,13634049,302952454
2021-01-27,5497336,287643633,37800,1270559,13645804,301289437
2021-01-28,3527330,286386673,13300,1281659,13457420,299844093
2021-01-29,3441714,283442019,28900,1293259,13191242,296633261
2021-02-01,5543456,284453687,28600,1308359,13528431,297982118
2021-02-02,3984239,284989742,26510,1324669,13458638,298448380
2021-02-03,6041237,281515156,17500,1233859,12375605,293890761
2021-02-04,6144504,278714380,5000,1201459,11690195,290404575
2021-02-05,4078385,274190973,34100,1188859,11710262,285901235
2021-02-08,3294539,271544031,51100,1230859,12111651,283655682
2021-02-09,3017634,269812634,14500,1206759,11753832,281566466
2021-02-10,3772369,256481499,9600,1151559,11262247,267743746
2021-02-18,10100370,260608177,49500,1156776,11718141,272326318
2021-02-19,21296135,264062011,104600,1178956,13133569,277195580
2021-02-22,30053987,268226886,293090,1436746,16120290,284347176
2021-02-23,14513415,262717729,40790,1255546,13585006,276302735
2021-02-24,12567036,268825041,33700,1255746,13536942,282361983
2021-02-25,9041540,272009677,18400,1265246,13398955,285408632
2021-02-26,7568532,274282671,24800,1280546,13292068,287574739
2021-03-01,7131713,276789690,79800,1357446,14361780,291151470
2021-03-02,7154503,279434169,8100,1321736,13825359,293259528
2021-03-03,8325336,277133217,20900,1315474,14167655,291300872
2021-03-04,9175863,277809478,30400,1304074,13953592,291763070
2021-03-05,5556842,276289684,110200,1405874,15070968,291360652
2021-03-08,9579276,276594616,11300,1408974,15061931,291656547
2021-03-09,5897386,277153844,20400,1401574,14548339,291702183
2021-03-10,3126303,277094494,21300,1399174,14285567,291380061
2021-03-11,2750387,276939581,53600,1444774,14823382,291762963
2021-03-12,2806801,276565007,20600,1464774,14896752,291461759
2021-03-15,2269095,274272574,700,1456224,14620488,288893062
2021-03-16,687005,272335732,0,1436480,14422258,286757990
2021-03-17,2775228,268313946,8000,1427180,14485878,282799824
2021-03-18,2815162,265412569,23200,1370480,13773325,279185894
2021-03-19,1925050,264697427,16200,1366080,13783746,278481173
2021-03-22,108513488,344638332,224650,1494135,16584899,361223231
2021-03-23,13100698,317564296,153100,1461115,16028432,333592728
2021-03-24,8907509,315571451,108700,1435015,15756465,331327916
2021-03-25,8030555,294926299,158200,1460315,15829815,310756114
2021-03-26,11938918,291122412,151600,1438015,15516181,306638593
2021-03-29,14271620,276969466,198958,1552873,16693386,293662852
2021-03-30,8923811,260333315,102200,1464173,15520234,275853549
2021-03-31,5431404,260857781,132976,1449249,14912772,275770553
2021-04-01,3427212,261276448,79400,1493949,15477312,276753760
2021-04-02,3875733,258970882,53700,1395659,14445070,273415952
2021-04-06,11094991,265354993,66300,1426259,14861619,280216612
2021-04-07,7988826,269060526,138571,1533030,15974172,285034698
2021-04-08,4280090,268962897,43500,1542030,15882909,284845806
2021-04-09,12344156,268272819,167900,1583430,16562678,284835497
2021-04-12,16826710,271903825,80400,1504330,15870682,287774507
2021-04-13,34231169,271968630,136100,1582830,16952109,288920739
2021-04-14,12886203,264181866,65200,1599372,16329589,280511455
2021-04-15,4442784,263397217,39600,1580166,16070290,279467507
2021-04-16,2950512,260312640,32600,1592366,16353599,276666239
2021-04-19,8076726,260200890,158790,1689856,17388618,277589508
2021-04-20,5346881,256594494,70800,1745956,17913509,274508003
2021-04-21,2321799,255012701,4300,1750256,17905119,272917820
2021-04-22,4174514,255592295,8000,1746356,17777905,273370200
2021-04-23,3443101,251347683,13900,1760256,17831394,269179077
2021-04-26,5440420,251711429,14100,1767756,17801303,269512732
2021-04-27,3487854,247797207,61400,1807856,18241266,266038473
2021-04-28,2220212,236676027,5800,1722896,17160044,253836071
2021-04-29,2551834,236146108,17800,1618796,15848012,251994120
2021-04-30,2243458,235451173,71000,1641396,16184165,251635338
2021-05-06,4671193,236909841,26752,1662948,16496445,253406286
2021-05-07,1881048,232209050,55380,1691428,16762052,248971102
2021-05-10,1952343,231961709,20520,1680348,16484213,248445922
2021-05-11,2658025,231629858,36140,1684488,16625895,248255753
2021-05-12,4291080,228329246,29011,1649317,16476677,244805923
2021-05-13,2373317,228120272,40800,1631117,16099124,244219396
2021-05-14,3595640,227987198,20300,1644417,16329061,244316259
2021-05-17,3359099,226692178,34600,1665017,16516968,243209146
2021-05-18,1496847,224258715,7100,1569947,15652371,239911086
2021-05-19,1762074,223409099,37500,1584036,15713637,239122736
2021-05-20,1932469,221937516,25700,1603636,15795815,237733331
2021-05-21,2492124,222849018,21000,1609136,15769533,238618551
2021-05-24,1821014,221956525,16000,1585036,15612605,237569130
2021-05-25,3075297,221557776,17100,1531636,15101932,236659708
2021-05-26,3100281,220791927,4200,1459471,14434168,235226095
2021-05-27,4009965,221626312,12500,1449551,14408536,236034848
2021-05-28,3368472,221634781,11800,1458751,14412461,236047242
2021-05-31,3551031,221431350,19600,1454451,14239074,235670424
2021-06-01,1269115,219885614,4700,1382851,13621083,233506697
2021-06-02,9865291,217282115,12000,1104620,11112478,228394593
2021-06-03,6570382,217197691,19600,1035924,10245289,227442980
2021-06-04,2717177,217759908,7300,877700,8654123,226414031
2021-06-07,2969805,217097682,33800,771880,7556705,224654387
2021-06-08,3040000,217292901,2000,611180,6001787,223294688
2021-06-09,2457918,218121133,1500,468347,4603850,222724983
2021-06-10,3065017,216764778,7200,475547,4669871,221434649
2021-06-11,2611851,211879054,6000,467047,4623765,216502819
2021-06-15,3607298,212002847,0,466147,4563579,216566426
2021-06-16,2689008,213430250,136100,585347,5724694,219154944
2021-06-17,2467276,212757729,86500,653447,6462591,219220320
2021-06-18,5406765,212846405,68500,714247,7128185,219974590
2021-06-21,2626999,212273226,89434,802181,8061919,220335145
2021-06-22,4957546,212932081,184200,984081,9958899,222890980
2021-06-23,3387658,211936894,78100,1048481,10537234,222474128
2021-06-24,1407917,206888571,176030,1205511,12079221,218967792
2021-06-25,2777285,204918199,61000,1262311,12547370,217465569
2021-06-28,15604820,211593572,103631,1365842,13945247,225538819
2021-06-29,6955443,211354961,88470,1388652,13844861,225199822
2021-06-30,2741035,210927154,69200,1365352,13612560,224539714
2021-07-01,3280642,204732540,27900,1393252,13695667,218428207
2021-07-02,2761930,204777398,14100,1403252,13808000,218585398
2021-07-05,1714503,204269364,8700,1374952,13515778,217785142
2021-07-06,2785272,204568307,26700,1395752,13845860,218414167
2021-07-07,3943849,205485799,67100,1433352,14118517,219604316
2021-07-08,2528660,203471022,18600,1451952,14200090,217671112
2021-07-09,3302733,203105117,61700,1511752,14784934,217890051
2021-07-12,3493276,203599442,36100,1544352,15072876,218672318
2021-07-13,1563860,201611802,33800,1578052,15338665,216950467
2021-07-14,1398639,197095371,31500,1604752,15550047,212645418
2021-07-15,4209058,192562900,17700,1619352,15432423,207995323
2021-07-16,5533243,191411331,82600,1696252,15656405,207067736
2021-07-19,2914070,192296440,117703,1802055,16777132,209073572
2021-07-20,2235247,191760943,87000,1873755,17594560,209355503
2021-07-21,5043999,193266907,13200,1884955,17530081,210796988
2021-07-22,3165339,194228330,9100,1868455,17414001,211642331
2021-07-23,6350860,192169781,39200,1720755,16553663,208723444
2021-07-26,3502660,190995434,8200,1691855,16326402,207321836
2021-07-27,9915497,193906899,27900,1659655,16347602,210254501
2021-07-28,17335975,199618641,48144,1674899,16866233,216484874
2021-07-29,6142462,201277342,8900,1588519,15758109,217035451
2021-07-30,10592809,203772266,37500,1619819,16068605,219840871
2021-08-02,7371088,201564833,65000,1680619,17159120,218723953
2021-08-03,3343897,198435025,53300,1713319,17612921,216047946
2021-08-04,4479351,196606720,9800,1674819,17049658,213656378
2021-08-05,3165503,194144957,20100,1683019,17082643,211227600
2021-08-06,2669167,193317121,11200,1694119,17076719,210393840
2021-08-09,13067701,186666247,8300,1477614,15381962,202048209
2021-08-10,3478487,180554591,10200,1441554,14790344,195344935
2021-08-11,2285478,177057682,13000,1414431,14413052,191470734
2021-08-12,3827073,176321828,45400,1458731,14849882,191171710
2021-08-13,2197733,176293135,97920,1556151,15857179,192150314
2021-08-16,3594379,177234075,71900,1599951,16143506,193377581
2021-08-17,3061446,175166280,38300,1604951,15889015,191055295
2021-08-18,3148093,173820082,5685,1598536,15729595,189549677
2021-08-19,2570183,172467569,4400,1596136,15562326,188029895
2021-08-20,2352706,172820804,40300,1620536,15670583,188491387
2021-08-23,3660202,173119933,12200,1616236,15903763,189023696
2021-08-24,4277030,173139705,37700,1643306,16104399,189244104
2021-08-25,3267756,174570052,12600,1653706,16289004,190859056
2021-08-26,1706275,172573298,11700,1635806,15916392,188489690
2021-08-27,1515453,170660542,159200,1793906,17508523,188169065
2021-08-30,2720227,170383416,38800,1829706,17473692,187857108
2021-08-31,3981931,172313907,15900,1796006,17115937,189429844
2021-09-01,19018407,187058343,54100,1835606,17952226,205010569
2021-09-02,6015110,190297822,135600,1966206,19426115,209723937
2021-09-03,6064240,192866237,13600,1979606,19677284,212543521
2021-09-06,2354545,190101540,15800,1929306,19177302,209278842
2021-09-07,3429964,191274106,14700,1868206,18607331,209881437
2021-09-08,5133147,190257651,10100,1690906,17179604,207437255
2021-09-09,18942359,194081457,71480,1714901,17903567,211985024
2021-09-10,22119446,200331686,1900,1677851,17986562,218318248
2021-09-13,11779921,201961414,59800,1653771,17811114,219772528
2021-09-14,5667020,197184972,21600,1653671,17363546,214548518
2021-09-15,4879831,191232827,5500,1611124,17206804,208439631
2021-09-16,28314122,198597234,73600,1679824,18763635,217360869
2021-09-17,17537125,198947644,349700,2004324,21686786,220634430
2021-09-22,7977199,197804519,13000,1933091,20568088,218372607
2021-09-23,8986994,197103196,4700,1924091,20607015,217710211
2021-09-24,8977886,196522800,12700,1921891,20429702,216952502
2021-09-27,38941325,206346229,60800,1961091,22356438,228702667
2021-09-28,29809252,215502514,21000,1914991,21084051,236586565
2021-09-29,26728414,215795169,65710,1933001,21494971,237290140
2021-09-30,19876616,203367917,26800,1904801,20838522,224206439
2021-10-08,30875662,198340678,24800,1865901,20972726,219313404
2021-10-11,16879671,194210645,123500,1962401,21978891,216189536
2021-10-12,11692405,187845356,5400,1903783,20865462,208710818
2021-10-13,10330594,181347266,63100,1924671,20305280,201652546
2021-10-14,5336266,181412639,23700,1945771,20294392,201707031
2021-10-15,12490715,182295219,12700,1954371,19836866,202132085
2021-10-18,5195638,180010316,2400,1951671,20180278,200190594
2021-10-19,29855537,188877309,250600,2175271,24732831,213610140
2021-10-20,29186737,195689053,66100,2220371,25445451,221134504
2021-10-21,18969004,187720056,45400,2198671,24976903,212696959
2021-10-22,9925654,188621214,3000,2182971,24209147,212830361
2021-10-25,18246646,193655744,55700,2085471,22835908,216491652
2021-10-26,16772026,201588097,59400,2110191,22937775,224525872
2021-10-27,23064150,211758569,21900,2106691,22373058,234131627
2021-10-28,29572230,225972824,29200,2112291,21777720,247750544
2021-10-29,27626497,216677802,17900,2068191,22005552,238683354
2021-11-01,16465166,214998479,9900,2037691,21803294,236801773
2021-11-02,11564463,211481177,10200,2038291,21748564,233229741
2021-11-03,26019792,210948797,34000,2054591,23093602,234042399
2021-11-04,33606299,202725214,77100,1597291,19199437,221924651
2021-11-05,16631469,197605195,101300,1586091,18906204,216511399
2021-11-08,16084501,193095177,126410,1614301,18725891,211821068
2021-11-09,35419354,216893585,100260,1579561,18401887,235295472
2021-11-10,17613630,225905369,132000,1622961,18631593,244536962
2021-11-11,19469391,233324308,366900,1888061,21410612,254734920
2021-11-12,17958867,235854049,823900,2586961,29543094,265397143
2021-11-15,27609836,251633695,145049,2624510,29761944,281395639
2021-11-16,24799549,254258443,70800,2449250,27896957,282155400
2021-11-17,25651181,258418073,241887,2613637,28906826,287324899
2021-11-18,22000335,257189925,101850,2527417,28736731,285926656
2021-11-19,28836623,267757082,86300,2537917,28399290,296156372
2021-11-22,20664200,274182858,158709,2595726,29227875,303410733
2021-11-23,17648850,273499633,193000,2666226,29701758,303201391
2021-11-24,14404273,271384432,120861,2442087,26740854,298125286
2021-11-25,15876322,268309883,136700,2441787,26542224,294852107
2021-11-26,9243682,257517642,74900,2296587,24596447,282114089
2021-11-29,16265596,258719604,95308,2211490,24304276,283023880
2021-11-30,16686156,259161828,71400,2120090,22769767,281931595
2021-12-01,14674975,257192272,75381,1894871,20369864,277562136
2021-12-02,17164959,253359160,111300,1656267,17987060,271346220
2021-12-03,12088304,255969658,135139,1603406,17332819,273302477
2021-12-06,12162781,253654533,130200,1589246,16734760,270389293
2021-12-07,19185845,256460046,71400,1488846,15930652,272390698
2021-12-08,9654171,254507164,46200,1473226,15748786,270255950
2021-12-09,12518345,254578266,47500,1455246,15702104,270280370
2021-12-10,19729635,259313069,1100,1402126,15213067,274526136
2021-12-13,10383573,256835947,29100,1332687,14313058,271149005
2021-12-14,9238399,255810820,6100,1281887,13613641,269424461
2021-12-15,7446764,256743169,111637,1390424,14863633,271606802
2021-12-16,9205196,249570066,246500,1400224,14828372,264398438
2021-12-17,10201530,249183384,117600,1391124,14620714,263804098
2021-12-20,11976098,249773281,200700,1552344,16284088,266057369
2021-12-21,14262525,249644946,244600,1740444,18500919,268145865
2021-12-22,7842330,244668165,336400,1935944,20792038,265460203
2021-12-23,29134107,260603852,230700,2082944,22683260,283287112
2021-12-24,7785168,255782939,120503,2043047,22269212,278052151
2021-12-27,9941206,250209792,47300,1969024,21541122,271750914
2021-12-28,10776595,244503895,61788,1968512,21712687,266216582
2021-12-29,14828715,244218196,104034,2017146,22128092,266346288
2021-12-30,10737136,238213738,88400,2000046,21760501,259974239
2021-12-31,23899370,228932047,206800,1856046,20991880,249923927
2022-01-04,25913303,231595112,80400,1692046,19610813,251205925
2022-01-05,16029371,215482289,62600,1662846,18856674,234338963
2022-01-06,13939452,217271204,57400,1658546,18708399,235979603
2022-01-07,13462794,216586406,65300,1659346,18402146,234988552
2022-01-10,27727179,217942049,5700,1604058,18687276,236629325
2022-01-11,41013701,241794329,2500,1597658,18005606,259799935
2022-01-12,16286679,237133750,2300,1560958,17888579,255022329
2022-01-13,18363892,228974889,7000,1548348,17465365,246440254
2022-01-14,15295502,222208099,20000,1557348,17457872,239665971
2022-01-17,12354939,218897636,14090,1550804,17322482,236220118
2022-01-18,23653834,224738240,63200,1597814,16872916,241611156
2022-01-19,7942620,213239572,10900,1567714,16664799,229904371
2022-01-20,7942130,202070626,52600,1596914,17262641,219333267
2022-01-21,8122452,204425098,47300,1579114,16533324,220958422
2022-01-24,9532495,206477996,24700,1543714,15823069,222301065
2022-01-25,7431471,204161900,17300,1498314,14698461,218860361
2022-01-26,2506868,200778487,47600,1519414,15027004,215805491
2022-01-27,7766048,202980461,77560,1566374,15005862,217986323
2022-01-28,3588094,195658216,2800,1329474,12935782,208593998
2022-02-07,8109526,197349796,19600,1344574,13230608,210580404
2022-02-08,3800958,196591228,120400,1452674,14497685,211088913
2022-02-09,9263856,196654587,11300,1398364,14375181,211029768
2022-02-10,7771884,191213796,49300,1447064,15179700,206393496
2022-02-11,6208291,191122052,900,1422364,14536561,205658613
2022-02-14,3207344,189879978,200,1399364,14049614,203929592
2022-02-15,4125946,191374730,3100,1391864,13876884,205251614
2022-02-16,5809988,194461535,900,1386164,13736886,208198421
2022-02-17,5129859,192105532,156200,1395064,13811133,205916665
2022-02-18,5292518,190023440,41300,1359734,13610938,203634378
2022-02-21,7353633,192357358,30800,1371034,13778893,206136251
2022-02-22,8662621,195657867,17800,1385834,13595033,209252900
2022-02-23,10675221,199657759,49830,1428347,13940667,213598426
2022-02-24,13165539,198267033,3500,1421747,13549250,211816283
2022-02-25,4389523,197440563,40300,1456247,13907160,211347723
2022-02-28,4621938,195207206,9200,1411747,13637476,208844682
2022-03-01,14284544,192694450,10600,1419947,13915481,206609931
2022-03-02,6590415,194697566,88000,1501147,14546115,209243681
2022-03-03,3304275,192166309,129500,1509247,14488771,206655080
2022-03-04,5684640,189066492,29800,1415147,13458049,202524541
2022-03-07,4064029,183916340,79940,1459587,13442798,197359138
2022-03-08,3488787,179794007,138900,1480787,13090157,192884164
2022-03-09,2241189,173484573,115500,1428387,12127006,185611579
2022-03-10,2114073,172915082,153600,1500207,12811768,185726850
2022-03-11,2806212,172206119,30100,1319507,11651248,183857367
2022-03-14,1883388,172471991,57000,1191707,10201012,182673003
2022-03-15,1674666,170817474,60500,1066810,8545149,179362623
2022-03-16,2055738,169321870,141000,1101410,9009534,178331404
2022-03-17,3991183,169597458,15800,1083510,8906452,178503910
2022-03-18,1130266,167512240,99200,1024350,8604540,176116780
2022-03-21,2873468,165618739,80700,963130,8254024,173872763
2022-03-22,3793232,165906679,107900,1046230,9008041,174914720
2022-03-23,4711565,167071277,39000,1058550,9198800,176270077
2022-03-24,3248034,167745109,46400,1079250,9292343,177037452
2022-03-25,1918855,165162626,28000,968450,8493307,173655933
2022-03-28,2180968,165784076,107100,1016750,8815223,174599299
2022-03-29,10569589,167994632,51300,947050,8390864,176385496
2022-03-30,4651264,168780085,57000,954850,8507714,177287799
2022-03-31,17322443,177678513,81900,997050,9053214,186731727
2022-04-01,3286637,175132333,20300,886650,8183780,183316113
2022-04-06,47898278,196682740,679920,1544370,15412813,212095553
2022-04-07,27864109,209346214,418400,1704770,15871409,225217623
2022-04-08,6451804,203784780,148700,1792570,16133130,219917910
2022-04-11,6810379,197137701,347666,1976736,18087136,215224837
2022-04-12,3207959,195644762,108200,1803336,16662824,212307586
2022-04-13,4332423,193057113,110700,1848136,16577780,209634893
2022-04-14,4346861,177322787,86100,1782936,15796813,193119600
2022-04-15,7894253,176261462,96700,1786336,15969843,192231305
2022-04-18,42505929,203853306,389200,2132336,20960863,224814169
2022-04-19,54991492,217658885,735532,2573968,26692049,244350934
2022-04-20,30859397,216478298,225300,2393136,24816821,241295119
2022-04-21,30586162,225733755,190500,2366136,23424746,249158501
2022-04-22,29286223,235129382,434000,2603436,25826085,260955467
2022-04-25,15846253,227689249,137110,2310046,21991638,249680887
2022-04-26,11443303,221844333,415130,2327516,20086463,241930796
2022-04-27,11734355,222354241,153430,2086066,18691151,241045392
2022-04-28,9519743,225715381,132900,2107366,17912611,243627992
2022-04-29,5146100,221860395,172700,1483436,13143243,235003638
2022-05-05,6879944,223563741,662500,1987786,17790687,241354428
2022-05-06,5347188,222961334,287300,2212966,19053638,242014972
2022-05-09,7018295,226249062,187930,2253496,19425135,245674197
2022-05-10,3767372,225492918,217300,2299166,19772828,245265746
2022-05-11,5598281,226548294,304360,2416426,20708772,247257066
2022-05-12,7203160,227342003,337800,2296676,19062411,246404414
2022-05-13,3741242,228352919,161011,2150977,17702542,246055461
2022-05-16,5842532,227146691,297720,2284046,19185986,246332677
2022-05-17,3615571,226676987,206840,2169636,18181550,244858537
2022-05-18,4916196,229195969,350417,2224973,18422776,247618745
2022-05-19,2533970,226701106,178210,2240343,18415620,245116726
2022-05-20,2452246,223455313,176600,2258236,18924018,242379331
2022-05-23,4188643,223385959,268101,2325737,19978081,243364040
2022-05-24,3997845,220826248,307192,2321728,19200691,240026939
2022-05-25,11716368,225731041,289510,2178089,18971156,244702197
2022-05-26,5229385,224375853,354650,2170839,18886299,243262152
2022-05-27,5728536,224842023,450620,2252959,19510625,244352648
2022-05-30,7548405,227487072,217100,2231476,19324582,246811654
2022-05-31,7596339,226935208,247350,1915916,16783425,243718633
2022-06-01,5650133,218456701,133118,1403314,12082533,230539234
2022-06-02,4883243,216116236,116285,1248045,10645825,226762061
2022-06-06,6385874,217049389,91720,1132680,9741048,226790437
2022-06-07,8737132,216571473,117800,1081930,9347875,225919348
2022-06-08,8121581,216195387,254000,1088930,9364798,225560185
2022-06-09,11827069,220356583,232988,1200528,10516625,230873208
2022-06-10,9195725,220345469,124400,1175998,10266462,230611931
2022-06-13,10261136,219543714,150663,1180521,10400390,229944104
2022-06-14,16982983,221718112,143820,972181,8798238,230516350
2022-06-15,8073240,216889624,101720,746301,6754024,223643648
2022-06-16,16958511,221509352,206200,849461,7967944,229477296
2022-06-17,8599610,221407084,137600,772561,7231171,228638255
2022-06-20,11642829,217980927,200890,733251,7017212,224998139
2022-06-21,6104416,214266229,168700,680500,6417115,220683344
