日期,融资买入额(元),融资余额(元),融券卖出量,融券余量,融券余额(元),融资融券余额(元)
2017-07-12,19189338,737511562,11000,11000,210870,737722432
2017-07-13,10713137,737095146,0,0,0,737095146
2017-07-14,7501190,730647502,0,0,0,730647502
2017-07-17,24365106,715367307,0,0,0,715367307
2017-07-18,8082770,712567716,0,0,0,712567716
2017-07-19,23285092,717078135,0,0,0,717078135
2017-07-20,25790700,726787876,600,600,11370,726799246
2017-07-21,12357943,711054519,0,600,11370,711065889
2017-07-24,67697912,739408384,5300,5900,115817,739524201
2017-07-25,52887831,743653807,0,5900,114814,743768621
2017-07-26,27151879,738953588,0,5900,115522,739069110
2017-07-27,66961584,754040724,0,5900,116584,754157308
2017-07-28,45546407,765943979,0,5900,114224,766058203
2017-07-31,144361747,821107656,67400,72800,1489488,822597144
2017-08-01,148787720,811499658,1300,39700,808689,812308347
2017-08-02,92371433,833977522,0,38400,775296,834752818
2017-08-03,48051326,828130397,0,38400,765312,828895709
2017-08-04,66744654,828248641,32000,65400,1308000,829556641
2017-08-07,55512621,818898375,0,30300,615090,819513465
2017-08-08,47190576,798759432,0,300,6078,798765510
2017-08-09,66066143,814216122,5000,5300,106901,814323023
2017-08-10,114461230,836088657,57100,57400,1190476,837279133
2017-08-11,166800854,873691931,12300,13600,281112,873973043
2017-08-14,93169155,895914342,0,800,16680,895931022
2017-08-15,131108481,938066353,76000,76800,1643520,939709873
2017-08-16,74347589,876230011,24500,31300,661995,876892006
2017-08-17,121790933,860720949,32800,63400,1394800,862115749
2017-08-18,127095531,880344760,37000,68300,1508064,881852824
2017-08-21,82885414,863565675,11100,45300,998865,864564540
2017-08-22,68113888,874361912,12800,18900,415422,874777334
2017-08-23,110181796,897886800,200,4700,98935,897985735
2017-08-24,20986756,879047787,3300,7800,165516,879213303
2017-08-25,84483784,901363573,71600,75500,1645145,903008718
2017-08-28,82589411,905116509,1500,6900,152904,905269413
2017-08-29,64397237,870482498,2000,5900,129210,870611708
2017-08-30,49068878,856069118,0,4400,96844,856165962
2017-08-31,52234477,840576705,1200,5600,123480,840700185
2017-09-01,79752468,840153930,3600,9200,207736,840361666
2017-09-04,57720863,845860212,0,6700,149879,846010091
2017-09-05,50471197,858636139,0,6700,148740,858784879
2017-09-06,31796678,850058016,100,6800,151912,850209928
2017-09-07,64488172,863584236,10000,14800,327080,863911316
2017-09-08,26830426,854949320,0,4000,88120,855037440
2017-09-11,23584584,833914384,1000,5000,111800,834026184
2017-09-12,93659069,882784445,29000,34000,757180,883541625
2017-09-13,67927332,917224137,2300,6300,140364,917364501
2017-09-14,131013501,892335478,57200,63200,1457392,893792870
2017-09-15,89903343,915321368,1600,11400,261858,915583226
2017-09-18,38919407,869976983,5400,16800,392280,870369263
2017-09-19,89284277,866733207,24000,34900,804096,867537303
2017-09-20,130124842,786370885,58300,92100,2277633,788648518
2017-09-21,62970270,735833254,1600,53900,1333486,737166740
2017-09-22,95421335,727085965,27800,75000,1849500,728935465
2017-09-25,67265605,711510972,11500,71600,1791432,713302404
2017-09-26,93065244,715994451,5400,42400,1066360,717060811
2017-09-27,38489513,677049129,14000,31570,787671,677836800
2017-09-28,60551352,685602769,18500,35070,879204,686481973
2017-09-29,76825196,692615527,2300,18970,485062,693100589
2017-10-09,75684734,713086987,6900,22870,580669,713667656
2017-10-10,82806065,754123122,34300,54270,1396909,755520031
2017-10-11,139373965,818633324,4300,18870,476844,819110168
2017-10-12,66832816,822174246,100,12970,320488,822494734
2017-10-13,36848014,822690942,2600,15570,389250,823080192
2017-10-16,42328458,835453915,5600,19770,484167,835938082
2017-10-17,56090951,781182125,51400,64570,1638786,782820911
2017-10-18,31165130,738688176,0,15770,400242,739088418
2017-10-19,82906090,770943121,6500,19370,467591,771410712
2017-10-20,31693308,768454469,2800,18970,456607,768911076
2017-10-23,27068317,768585007,32400,44370,1081740,769666747
2017-10-24,31694107,762483749,11900,36870,895203,763378952
2017-10-25,58337578,748065740,32400,63270,1577953,749643693
2017-10-26,71544297,739198501,9300,69070,1751615,740950116
2017-10-27,66140879,742626407,3200,66570,1679561,744305968
2017-10-30,103487971,767958999,6000,72570,1863597,769822596
2017-10-31,68095953,784137493,0,69970,1781436,785918929
2017-11-01,98826710,833809157,0,69970,1772340,835581497
2017-11-02,48187470,836370276,1500,71470,1812479,838182755
2017-11-03,115808943,830763203,1100,72566,1910662,832673865
2017-11-06,146981900,917332617,0,72566,1902680,919235297
2017-11-07,130077416,975437142,0,72566,1874379,977311521
2017-11-08,72984195,966130744,0,72566,1899777,968030521
2017-11-09,53528891,935885750,0,72566,1888892,937774642
2017-11-10,82799492,955169395,0,72566,1878008,957047403
2017-11-13,138407732,854077774,19400,47166,1306498,855384272
2017-11-14,136029759,851181547,29800,76666,2178081,853359628
2017-11-15,114831755,879679167,11350,59116,1664115,881343282
2017-11-16,269808579,906000493,71200,119066,3667232,909667725
2017-11-17,151061827,855235761,7000,104566,3223769,858459530
2017-11-20,111644101,783025372,25200,124666,4108991,787134363
2017-11-21,219539281,826250759,15600,139166,5046159,831296918
2017-11-22,328586278,944379581,0,76466,2797126,947176707
2017-11-23,300416582,1011400352,39100,115366,4290461,1015690813
2017-11-24,345522569,1096920905,11000,111266,3994449,1100915354
2017-11-27,246016828,1139517699,0,93166,3148079,1142665778
2017-11-28,255566522,1136778202,56400,149566,5520481,1142298683
2017-11-29,475337208,1310350749,0,118566,4292089,1314642838
2017-11-30,309184709,1221958392,36000,154566,5943062,1227901454
2017-12-01,280161126,1231426382,3000,136566,5046113,1236472495
2017-12-04,313086301,1291358809,26000,139566,4851314,1296210123
2017-12-05,188553629,1198637049,23000,149566,5251262,1203888311
2017-12-06,244866858,1177812001,12958,162524,5958129,1183770130
2017-12-07,220337978,1202636961,0,149624,5461276,1208098237
2017-12-08,246952291,1269320013,7900,129524,4723740,1274043753
2017-12-11,183007376,1320488766,0,121566,4407983,1324896749
2017-12-12,372337529,1377591172,41000,161566,6354390,1383945562
2017-12-13,255436295,1404653597,600,117366,4517417,1409171014
2017-12-14,256844855,1485614725,37400,151766,5926462,1491541187
2017-12-15,290320452,1505423912,8475,134841,4908212,1510332124
2017-12-18,151604527,1486935940,23500,136041,4708379,1491644319
2017-12-19,91385623,1500727425,6700,139741,4899319,1505626744
2017-12-20,178428590,1560733849,15300,142041,5109214,1565843063
2017-12-21,126139530,1552488330,11800,125641,4633640,1557121970
2017-12-22,261121156,1569843880,35000,150641,5921697,1575765577
2017-12-25,286663384,1573834277,0,150441,6192151,1580026428
2017-12-26,348276360,1738098362,0,130241,5144519,1743242881
2017-12-27,270036511,1779588899,21500,143741,5644709,1785233608
2017-12-28,273885959,1841489829,2700,136041,5143710,1846633539
2017-12-29,97733037,1815776262,5000,124041,4721000,1820497262
2018-01-02,205433215,1808494805,33100,151741,6072674,1814567479
2018-01-03,250862887,1798480547,18300,140641,5718463,1804199010
2018-01-04,248369537,1751736621,4100,132741,5364063,1757100684
2018-01-05,232342796,1709286260,28600,151941,6314667,1715600927
2018-01-08,184178809,1732410130,17600,142441,5889935,1738300065
2018-01-09,294899563,1782001928,34200,162041,6561040,1788562968
2018-01-10,132264484,1695306232,11400,131341,5331131,1700637363
2018-01-11,104601917,1677101342,0,122241,4863969,1681965311
2018-01-12,451863178,1791691195,54400,166941,7307007,1798998202
2018-01-15,329968661,1730253990,9700,129541,5663532,1735917522
2018-01-16,255731458,1766697229,19000,137341,6147383,1772844612
2018-01-17,245651671,1776764880,12700,127241,5364480,1782129360
2018-01-18,125208471,1742985362,14800,130666,5576824,1748562186
2018-01-19,140428781,1782936009,6900,114966,4827422,1787763431
2018-01-22,128449524,1749471263,72100,172366,7515157,1756986420
2018-01-23,130040329,1782326221,3200,130766,5638629,1787964850
2018-01-24,254534236,1774193089,43300,160066,6466666,1780659755
2018-01-25,152809156,1812803269,2700,121666,4929906,1817733175
2018-01-26,140381083,1817888622,28500,136266,5450640,1823339262
2018-01-29,239798321,1887947366,44200,160866,6267339,1894214705
2018-01-30,92524656,1894774114,26500,145166,5792123,1900566237
2018-01-31,193495295,1985611527,15500,129166,5082682,1990694209
2018-02-01,262324901,2079180048,21200,100766,3783763,2082963811
2018-02-02,162357208,2092582978,69200,152766,5930376,2098513354
2018-02-05,82502131,2095290252,1600,77566,2987066,2098277318
2018-02-06,155509169,2071002610,55000,120566,4399453,2075402063
2018-02-07,144417260,2068610691,22600,130266,4660917,2073271608
2018-02-08,108946867,2021637526,19200,124866,4693712,2026331238
2018-02-09,117962441,1955852321,20900,110066,3923852,1959776173
2018-02-12,63698409,1913250651,2700,75866,2781247,1916031898
2018-02-13,103831343,1908733083,13900,80766,3107875,1911840958
2018-02-14,59880399,1871878967,0,58066,2216959,1874095926
2018-02-22,217615173,1979180675,25500,82566,3340620,1982521295
2018-02-23,178497349,2013062102,15300,83066,3384939,2016447041
2018-02-26,249511426,2015194768,30800,100366,3964457,2019159225
2018-02-27,241006964,2081098561,24800,88866,3349359,2084447920
2018-02-28,137566880,2040392287,300,67466,2545492,2042937779
2018-03-01,153433103,2092660938,35400,97466,3641329,2096302267
2018-03-02,124448754,2074315334,9700,105866,3945625,2078260959
2018-03-05,145626714,2094048936,15300,119466,4497894,2098546830
2018-03-06,269812918,2066859132,33400,138166,5588814,2072447946
2018-03-07,174588258,2047309669,8000,128666,5024407,2052334076
2018-03-08,115090151,2061480002,6700,133266,5298656,2066778658
2018-03-09,162449806,2058470619,4200,127366,5125207,2063595826
2018-03-12,191527230,2074224076,13500,134966,5368947,2079593023
2018-03-13,170436789,2054226324,8025,127066,4860274,2059086598
2018-03-14,124796043,2030769958,4000,124566,4711086,2035481044
2018-03-15,174917142,2040239417,15300,124466,4562923,2044802340
2018-03-16,88190060,2041182359,6900,114866,4209838,2045392197
2018-03-19,83930869,2042162921,4800,112866,4108322,2046271243
2018-03-20,121936768,2058109039,23900,124266,4637607,2062746646
2018-03-21,117030533,2050902759,5600,118166,4242159,2055144918
2018-03-22,120453044,2018807076,10000,120666,4220896,2023027972
2018-03-23,186205647,2063171393,29800,92866,2971712,2066143105
2018-03-26,205702821,2118615388,21500,76166,2490628,2121106016
2018-03-27,80192226,2066909641,38000,109466,3638649,2070548290
2018-03-28,70229729,2046343728,13500,90966,3001878,2049345606
2018-03-29,91736995,2042738651,26200,104166,3512477,2046251128
2018-03-30,80971688,2016207563,4500,77766,2597384,2018804947
2018-04-02,141623271,2006663810,18500,76566,2444752,2009108562
2018-04-03,57954657,1959388448,41500,93366,3023191,1962411639
2018-04-04,88154082,1927341367,12100,71166,2312895,1929654262
2018-04-09,59592536,1937361219,21000,76600,2466520,1939827739
2018-04-10,77301525,1940030627,23600,83300,2779721,1942810348
2018-04-11,92091954,1929728566,11300,70300,2351535,1932080101
2018-04-12,76124272,1948108415,12400,72000,2412720,1950521135
2018-04-13,48003238,1934597398,6400,62400,2112864,1936710262
2018-04-16,130342784,1957526520,12300,64000,2209920,1959736440
2018-04-17,83828529,1943148418,7300,47800,1558280,1944706698
2018-04-18,54231584,1939585580,27800,73400,2456698,1942042278
2018-04-19,59334755,1930810743,13000,70900,2334737,1933145480
2018-04-20,56358659,1914833380,5500,54800,1734968,1916568348
2018-04-23,108772117,1937199158,33300,71100,2324259,1939523417
2018-04-24,126593672,1960203491,14200,63900,2114451,1962317942
2018-04-25,114298045,1945858286,19400,70900,2351044,1948209330
2018-04-26,95089763,1948793386,5900,59000,1964110,1950757496
2018-04-27,98530540,1898953230,13800,62300,2040948,1900994178
2018-05-02,159738040,1868059318,21800,67800,2340456,1870399774
2018-05-03,112078858,1859883179,12400,54400,1874624,1861757803
2018-05-04,181855553,1851770857,28500,53900,1939861,1853710718
2018-05-07,194430948,1838132973,28500,59500,2186030,1840319003
2018-05-08,184568312,1834841258,13300,60200,2226798,1837068056
2018-05-09,167358791,1887969054,20900,76500,2841210,1890810264
2018-05-10,108908888,1875241433,5900,54700,2029370,1877270803
2018-05-11,171402091,1862728502,22700,56200,2014770,1864743272
2018-05-14,182030592,1852137648,42100,85500,3186585,1855324233
2018-05-15,141373963,1878683166,17800,68900,2552056,1881235222
2018-05-16,154296566,1872768043,15100,64900,2383128,1875151171
2018-05-17,100879394,1860786686,13800,61700,2248348,1863035034
2018-05-18,137385914,1853470936,21500,64600,2317202,1855788138
2018-05-21,213545494,1899495379,10600,64200,2388240,1901883619
2018-05-22,155226556,1897994968,16500,63600,2336664,1900331632
2018-05-23,339282369,1973135195,39000,74300,2791451,1975926646
2018-05-24,226769023,1956991488,15500,63600,2454960,1959446448
2018-05-25,158394670,1958708973,7300,59900,2287581,1960996554
2018-05-28,170443163,1976706446,21500,62900,2313462,1979019908
2018-05-29,135087570,1965900676,19400,55100,1990763,1967891439
2018-05-30,109537930,1944973415,46900,108107,2109167,1947082582
2018-05-31,62608438,1921837155,20500,100137,1953673,1923790828
2018-06-01,52674655,1895726201,45600,107457,2100785,1897826986
2018-06-04,74411801,1888245823,26923,108780,2057030,1890302853
2018-06-05,74970164,1885183118,0,89780,1727367,1886910485
2018-06-06,63234168,1845988366,2000,70680,1344333,1847332699
2018-06-07,57310306,1821681512,0,64680,1217924,1822899436
2018-06-08,76218719,1795744266,27720,76277,1400445,1797144711
2018-06-11,49124265,1803487678,0,68707,1244970,1804732648
2018-06-12,70361606,1789794519,13200,59487,1111812,1790906331
2018-06-13,72298465,1797662447,22000,68287,1239409,1798901856
2018-06-14,48997674,1729398470,61293,111780,2027688,1731426158
2018-06-15,47678749,1669792606,22760,126340,2234954,1672027560
2018-06-19,96281623,1610793226,25000,108733,1731029,1612524255
2018-06-20,49842824,1559004457,27500,47140,773096,1559777553
2018-06-21,299946522,1533151747,106900,142040,2526891,1535678638
2018-06-22,122114615,1483981612,12000,103240,1863482,1485845094
2018-06-25,114944064,1502426514,17000,107340,1885964,1504312478
2018-06-26,93916821,1504152181,25000,132340,2415205,1506567386
2018-06-27,150189263,1526288430,47700,172540,3216145,1529504575
2018-06-28,89070171,1518479968,9000,154840,2782475,1521262443
2018-06-29,219500098,1620008389,21300,167140,3168974,1623177363
2018-07-02,138065293,1625092503,11500,149840,2781030,1627873533
2018-07-03,109551466,1590329605,12500,147840,2693644,1593023249
2018-07-04,59648471,1570758996,22500,165040,2848590,1573607586
2018-07-05,61296303,1490328119,6000,162640,2685186,1493013305
2018-07-06,74853180,1484460582,10000,138340,2306128,1486766710
2018-07-09,62362137,1481386722,15500,138740,2415463,1483802185
2018-07-10,68586448,1485700663,22300,156040,2740062,1488440725
2018-07-11,49636528,1452735983,4900,149140,2553276,1455289259
2018-07-12,105571111,1477412095,3200,150340,2674548,1480086643
2018-07-13,107612664,1471676780,20500,164740,3003209,1474679989
2018-07-16,69119430,1468539504,4000,86240,1566981,1470106485
2018-07-17,56815736,1462733215,0,75230,1351883,1464085098
2018-07-18,68811896,1444024765,17800,88030,1568694,1445593459
2018-07-19,53840232,1437406045,14000,84230,1471497,1438877542
2018-07-20,45911417,1434983157,14400,89630,1593621,1436576778
2018-07-23,81798677,1441731697,23500,95630,1659180,1443390877
2018-07-24,111371858,1466105616,32000,92130,1629779,1467735395
2018-07-25,80902683,1466466060,6100,84330,1479148,1467945208
2018-07-26,51392571,1445109515,2000,70030,1205216,1446314731
2018-07-27,45089274,1451096248,30100,84930,1448056,1452544304
2018-07-30,31079454,1432777451,500,53430,909912,1433687363
2018-07-31,39899764,1436602914,20300,61130,1023927,1437626841
2018-08-01,60875731,1449091038,11800,71130,1155151,1450246189
2018-08-02,51239526,1437766305,81900,140920,2260356,1440026661
2018-08-03,30360271,1427299178,3800,132720,2057160,1429356338
2018-08-06,26945223,1417718806,13800,142720,2147936,1419866742
2018-08-07,36077820,1408846118,0,108220,1706629,1410552747
2018-08-08,21127120,1396974448,4000,112220,1730432,1398704880
2018-08-09,34409217,1382958789,37800,67320,1065675,1384024464
2018-08-10,34523126,1373874760,12000,72840,1169810,1375044570
2018-08-13,71731311,1369988876,82000,117940,1981392,1371970268
2018-08-14,47314797,1371609382,3500,49740,825684,1372435066
2018-08-15,44337124,1379980012,7905,53635,862450,1380842462
2018-08-16,23421793,1376354747,37900,72635,1167244,1377521991
2018-08-17,37155021,1381075246,19000,78335,1230643,1382305889
2018-08-20,22359320,1375670717,5445,41780,665555,1376336272
2018-08-21,32680075,1360565891,19200,47980,781114,1361347005
2018-08-22,46661706,1359167451,8960,39040,648454,1359815905
2018-08-23,51998328,1356235349,9600,36840,603439,1356838788
2018-08-24,43045860,1360276345,9700,41340,659373,1360935718
2018-08-27,61135053,1384560958,9500,41740,677440,1385238398
2018-08-28,44869025,1392495918,1000,39240,630586,1393126504
2018-08-29,45968147,1407548144,72000,106940,1681096,1409229240
2018-08-30,38290308,1412378973,10300,96283,1492387,1413871360
2018-08-31,18091508,1401767212,11400,47694,727334,1402494546
2018-09-03,35378834,1415722622,11900,43294,655038,1416377660
2018-09-04,50586674,1431743293,15700,47194,718292,1432461585
2018-09-05,21182842,1418441789,24600,49094,731501,1419173290
2018-09-06,20292093,1403513739,10300,37794,557083,1404070822
2018-09-07,25069118,1403970424,5800,38394,569766,1404540190
2018-09-10,33706488,1402689835,2100,29474,424130,1403113965
2018-09-11,16627823,1401165516,37400,60274,864328,1402029844
2018-09-12,22182805,1403839858,2697,50871,732033,1404571891
2018-09-13,25411495,1405235065,77990,126661,1842918,1407077983
2018-09-14,14738503,1397898408,500,72461,1044887,1398943295
2018-09-17,16958276,1394136679,3200,54261,763994,1394900673
2018-09-18,78497179,1403109654,51800,102261,1525734,1404635388
2018-09-19,57001576,1400752349,10100,55565,826251,1401578600
2018-09-20,43584712,1396970757,1100,48485,713214,1397683971
2018-09-21,50439614,1388847006,9300,52085,781796,1389628802
2018-09-25,36617865,1390359739,8900,51585,778417,1391138156
2018-09-26,56930252,1400273032,4000,53085,798398,1401071430
2018-09-27,28692808,1375065486,3000,51185,767775,1375833261
2018-09-28,66423308,1366123203,51800,99985,1556766,1367679969
2018-10-08,75458254,1383925523,33000,58485,877860,1384803383
2018-10-09,36836515,1399366705,4000,26685,398140,1399764845
2018-10-10,21887750,1400710214,102500,125185,1857745,1402567959
2018-10-11,51362539,1377090609,4000,102485,1429666,1378520275
2018-10-12,31319847,1362024718,14500,110985,1538252,1363562970
2018-10-15,21673872,1356310636,6800,27485,380117,1356690753
2018-10-16,21832598,1336674629,14900,35585,478618,1337153247
2018-10-17,20158807,1313921966,31200,60285,824698,1314746664
2018-10-18,27585870,1306605203,42650,78135,1047009,1307652212
2018-10-19,28160487,1296650623,38800,99235,1368450,1298019073
2018-10-22,63485710,1295283388,9700,72435,1060448,1296343836
2018-10-23,41704244,1282857845,6500,69635,988817,1283846662
2018-10-24,20494195,1260879107,21800,84935,1223064,1262102171
2018-10-25,33048127,1271024844,36500,100735,1430437,1272455281
2018-10-26,32675692,1272722046,11500,74005,1047171,1273769217
2018-10-29,21166460,1275369161,9300,76555,1056459,1276425620
2018-10-30,36064647,1286349323,14500,81815,1142955,1287492278
2018-10-31,29532993,1292763012,16750,76775,1082528,1293845540
2018-11-01,42543419,1280708530,47400,106225,1517954,1282226484
2018-11-02,62896201,1279872190,22000,79725,1171159,1281043349
2018-11-05,75172763,1278117787,50800,108525,1638728,1279756515
2018-11-06,49000575,1269983956,27800,100525,1538033,1271521989
2018-11-07,86184150,1256204541,55800,101525,1552316,1257756857
2018-11-08,48023014,1237291778,21400,97125,1452019,1238743797
2018-11-09,40714136,1242059003,34400,80125,1192259,1243251262
2018-11-12,55715155,1255756590,44200,84555,1303838,1257060428
2018-11-13,79141860,1242678075,41500,81955,1285054,1243963129
2018-11-14,51847072,1226513369,34380,77035,1183258,1227696627
2018-11-15,34126871,1217146347,3500,45055,697901,1217844248
2018-11-16,49576031,1212254531,75200,113255,1752054,1214006585
2018-11-19,39619322,1218820281,19500,57555,886922,1219707203
2018-11-20,52189099,1216704642,26700,78055,1163020,1217867662
2018-11-21,41354354,1224804101,33080,84135,1240991,1226045092
2018-11-22,279279787,1328143998,55200,107035,1737177,1329881175
2018-11-23,215447754,1252940489,20100,82535,1351098,1254291587
2018-11-26,154328207,1250028954,6500,77735,1298175,1251327129
2018-11-27,114829676,1268553297,15400,81335,1331454,1269884751
2018-11-28,86061919,1261054126,7100,50835,838778,1261892904
2018-11-29,91160982,1281924409,10300,50735,812267,1282736676
2018-11-30,67365806,1262506003,6500,36520,592354,1263098357
2018-12-03,184797644,1316350554,13700,43220,730850,1317081404
2018-12-04,86426189,1318883975,6500,38220,636745,1319520720
2018-12-05,79162819,1319707646,48100,79820,1336186,1321043832
2018-12-06,143310804,1332510655,63000,110020,1839534,1334350189
2018-12-07,78418019,1336620357,30300,117720,1914127,1338534484
2018-12-10,64155304,1334486224,20900,115720,1924423,1336410647
2018-12-11,32776627,1326047560,3600,63920,1055958,1327103518
2018-12-12,35340084,1310100991,7100,67420,1102317,1311203308
2018-12-13,62878456,1311762444,6500,67820,1113604,1312876048
2018-12-14,59754237,1300889296,30300,87720,1389484,1302278780
2018-12-17,47350731,1289162015,38300,107220,1638321,1290800336
2018-12-18,24037612,1290261301,41126,131446,2008494,1292269795
2018-12-19,24831527,1271235786,12830,115350,1714101,1272949887
2018-12-20,19179699,1268260103,28200,130920,1965109,1270225212
2018-12-21,38832750,1264531344,102300,214920,3101295,1267632639
2018-12-24,22645650,1262090401,8400,210220,3092336,1265182737
2018-12-25,22093497,1256066931,11300,146520,2162635,1258229566
2018-12-26,49061503,1269243235,38500,156020,2327818,1271571053
2018-12-27,26293161,1261394395,7300,125520,1857696,1263252091
2018-12-28,18926713,1251686898,53100,149220,2239792,1253926690
2019-01-02,31256169,1254107253,46800,150820,2170299,1256277552
2019-01-03,28698769,1255393091,17400,147720,2081374,1257474465
2019-01-04,25014418,1251736345,92100,197320,2869032,1254605377
2019-01-07,28081905,1242873218,20900,178920,2648016,1245521234
2019-01-08,18537496,1231409251,12200,167220,2486561,1233895812
2019-01-09,30285303,1223424484,6800,94820,1401439,1224825923
2019-01-10,13345414,1217141506,34800,93220,1380588,1218522094
2019-01-11,17886921,1217559825,3300,61020,904926,1218464751
2019-01-14,18555827,1220560112,98600,141020,2058892,1222619004
2019-01-15,21626489,1213320974,24300,118920,1782610,1215103584
2019-01-16,26124937,1216599100,33800,136320,2043436,1218642536
2019-01-17,27672213,1223421029,16490,117710,1743285,1225164314
2019-01-18,29602570,1199841424,70300,168010,2567192,1202408616
2019-01-21,34824480,1205968226,6300,159480,2428880,1208397106
2019-01-22,31755678,1207518579,8200,146880,2200262,1209718841
2019-01-23,22057337,1208778326,12600,127780,1928200,1210706526
2019-01-24,25421541,1208163739,11050,80660,1217159,1209380898
2019-01-25,55719920,1219372661,21600,91210,1380007,1220752668
2019-01-28,27313664,1212109599,5500,72110,1090303,1213199902
2019-01-29,21833296,1197436997,22200,87810,1327687,1198764684
2019-01-30,17165167,1176292665,2900,68510,1035871,1177328536
2019-01-31,22885420,1157041787,8900,61610,927846,1157969633
2019-02-01,26688712,1132168410,1400,53510,827799,1132996209
2019-02-11,67418383,1139927026,80900,133310,2136959,1142063985
2019-02-12,63570038,1143085350,17300,112710,1832664,1144918014
2019-02-13,61980039,1142392090,27600,127910,2097724,1144489814
2019-02-14,63685509,1156736472,27700,140710,2306236,1159042708
2019-02-15,38467108,1149217516,9500,115910,1875423,1151092939
2019-02-18,71919814,1149791473,51200,154410,2569382,1152360855
2019-02-19,109145847,1204695614,7200,104510,1716054,1206411668
2019-02-20,55772574,1217586693,6500,98010,1601483,1219188176
2019-02-21,67731951,1228435413,71300,162510,2640787,1231076200
2019-02-22,94202610,1237315694,3700,93910,1545758,1238861452
2019-02-25,179089071,1245581559,52200,128910,2223697,1247805256
2019-02-26,167615069,1257952534,67100,140710,2490567,1260443101
2019-02-27,132080387,1226202518,106712,169722,2954860,1229157378
2019-02-28,63708518,1228700276,19300,182572,3229698,1231929974
2019-03-01,58985491,1209620359,9300,109472,1933275,1211553634
2019-03-04,140273911,1176752405,25300,116572,2057496,1178809901
2019-03-05,115049481,1217509977,57500,163572,2932845,1220442822
2019-03-06,168403068,1241784761,11100,115672,2120267,1243905028
2019-03-07,231717985,1275271063,90100,155720,3031868,1278302931
2019-03-08,190320161,1208467950,106900,194220,3734850,1212202800
2019-03-11,151511087,1220120627,72000,170120,3398997,1223519624
2019-03-12,149490140,1230802877,67400,168320,3331052,1234133929
2019-03-13,101308642,1233944243,44700,172520,3276154,1237220397
2019-03-14,68355027,1222261024,101800,256020,4751731,1227012755
2019-03-15,54040137,1202985857,6900,131420,2468067,1205453924
2019-03-18,98176000,1207120356,122900,248520,4908270,1212028626
2019-03-19,158926532,1203119160,22200,178220,3354100,1206473260
2019-03-20,72389099,1219708047,54100,184720,3459805,1223167852
2019-03-21,51263255,1219287326,11500,176720,3313500,1222600826
2019-03-22,67774486,1203506314,37300,111420,2041214,1205547528
2019-03-25,78349623,1224193138,31700,123720,2213350,1226406488
2019-03-26,73097707,1242109031,52880,145100,2539250,1244648281
2019-03-27,78251160,1250031564,46600,113820,2036239,1252067803
2019-03-28,47105413,1252421429,100309,168629,3053871,1255475300
2019-03-29,55771556,1230561926,30100,124920,2308521,1232870447
2019-04-01,87945974,1225505132,116600,201620,3865055,1229370187
2019-04-02,54430129,1203049939,36100,231320,4420525,1207470464
2019-04-03,93325998,1213369127,90500,281120,5470595,1218839722
2019-04-04,114407498,1176836730,69020,294940,5975484,1182812214
2019-04-08,163099539,1171460169,90400,333320,7073050,1178533219
2019-04-09,84138221,1202784776,38900,192920,3956789,1206741565
2019-04-10,140002660,1233080030,144680,310500,6657119,1239737149
2019-04-11,130861216,1222581493,13400,236920,5086672,1227668165
2019-04-12,63587949,1206501111,113381,334401,7126085,1213627196
2019-04-15,118535702,1221719901,159400,411320,8802248,1230522149
2019-04-16,91173903,1221572491,159600,420420,9148339,1230720830
2019-04-17,103904957,1236702873,50330,336350,7137347,1243840220
2019-04-18,48974675,1200569999,56100,311120,6521075,1207091074
2019-04-19,56407310,1194245591,184484,411404,8655940,1202901531
2019-04-22,67186842,1122868001,26100,220420,4452484,1127320485
2019-04-23,32400626,1078928100,25020,218240,4432454,1083360554
2019-04-24,60878439,1090758500,33500,192220,3840555,1094599055
2019-04-25,63708749,1104642191,57400,231720,4608910,1109251101
2019-04-26,104892681,1150046770,33720,172640,3299150,1153345920
2019-04-29,65443878,1151866116,39600,192240,3633336,1155499452
2019-04-30,34908897,1154761830,9580,124900,2374349,1157136179
2019-05-06,128093141,1217325375,65300,143320,2528164,1219853539
2019-05-07,31313805,1207541964,81350,187170,3354086,1210896050
2019-05-08,74134644,1214687946,185200,270520,5031672,1219719618
2019-05-09,56709047,1178355609,35400,197520,3640293,1181995902
2019-05-10,46160178,1148845626,54800,163520,3103609,1151949235
2019-05-13,73660261,1152717271,224630,370850,7272368,1159989639
2019-05-14,65792175,1137505960,163870,406850,8165480,1145671440
2019-05-15,75676142,1131869135,99090,440670,8941193,1140810328
2019-05-16,49651471,1130249799,76400,357380,7165469,1137415268
2019-05-17,35648425,1107890257,65380,305860,5909215,1113799472
2019-05-20,52617474,1126857201,16200,241980,4677473,1131534674
2019-05-21,130711740,1218062103,97500,310480,6113350,1224175453
2019-05-22,71636143,1253007145,58766,312686,6072362,1259079507
2019-05-23,101843228,1322716140,46300,261420,4904239,1327620379
2019-05-24,93980167,1390631473,83773,280393,5232133,1395863606
2019-05-27,57869992,1412483216,18500,258493,4981160,1417464376
2019-05-28,31959075,1396186537,77100,321693,6231193,1402417730
2019-05-29,54769760,1394345910,193700,467293,9299131,1403645041
2019-05-30,39651077,1381421344,9250,370443,7408860,1388830204
2019-05-31,64297620,1396849790,22800,344093,6675404,1403525194
2019-06-03,32235838,1397551799,126210,398203,7725138,1405276937
2019-06-04,34910974,1406223013,31300,306793,5801455,1412024468
2019-06-05,17488433,1388270218,42600,319493,6108706,1394378924
2019-06-06,33521121,1387023591,53337,284030,5209110,1392232701
2019-06-10,24431135,1395171339,94600,340010,6354786,1401526125
2019-06-11,76426091,1397110512,69700,310493,6119817,1403230329
2019-06-12,51722218,1385380045,10580,266573,5246156,1390626201
2019-06-13,59949614,1412806436,85800,330893,6515282,1419321718
2019-06-14,59325209,1415335251,50300,377393,7468607,1422803858
2019-06-17,61012294,1412682266,126770,478963,9555312,1422237578
2019-06-18,41265113,1400696760,15700,373783,7322408,1408019168
2019-06-19,38964092,1388610813,34100,368283,7251491,1395862304
2019-06-20,94868730,1405506088,34800,349283,7003124,1412509212
2019-06-21,75911054,1430271079,10900,347083,6913893,1437184972
2019-06-24,83241048,1479305736,73200,360583,7157572,1486463308
2019-06-25,26751401,1480439514,20800,254683,5012161,1485451675
2019-06-26,27743650,1487608033,88432,325915,6374897,1493982930
2019-06-27,49198798,1501468626,20400,329315,6480919,1507949545
2019-06-28,34274689,1512528810,33700,297283,5734588,1518263398
2019-07-01,62291598,1526389294,9500,284083,5610639,1531999933
2019-07-02,71730558,1530145476,94500,374783,7559372,1537704848
2019-07-03,49027432,1539590590,11400,296883,5890158,1545480748
2019-07-04,27808968,1534803659,83200,368883,7303883,1542107542
2019-07-05,179973773,1546491539,192700,521483,11133662,1557625201
2019-07-08,131073929,1558157166,74742,390825,8398829,1566555995
2019-07-09,91149241,1586294338,18400,356525,7465633,1593759971
2019-07-10,76331627,1600443566,116400,394025,8085393,1608528959
2019-07-11,78449436,1587967758,35700,353525,7268473,1595236231
2019-07-12,38920580,1569601445,39103,330128,6526630,1576128075
2019-07-15,56044583,1514600037,42400,320025,6410100,1521010137
2019-07-16,131455010,1513691583,136600,432325,8996683,1522688266
2019-07-17,63873054,1462346728,258300,629483,13118425,1475465153
2019-07-18,53564493,1458699042,42700,590183,11992518,1470691560
2019-07-19,33945915,1417942184,6600,549083,11085985,1429028169
2019-07-22,30771665,1408339742,72900,561683,11233660,1419573402
2019-07-23,28902030,1381408190,63500,624983,12874650,1394282840
2019-07-24,38680686,1383308554,4100,619783,12705552,1396014106
2019-07-25,50555619,1380283568,67300,678683,14116606,1394400174
2019-07-26,91971189,1390090287,73400,659610,13983732,1404074019
2019-07-29,43430728,1384378309,41900,590510,12631008,1397009317
2019-07-30,65746685,1376162205,29000,564510,12052288,1388214493
2019-07-31,44777007,1375918240,40100,517310,10884202,1386802442
2019-08-01,44069777,1381114484,14300,494110,10351604,1391466088
2019-08-02,61422452,1388652515,14600,430810,8848837,1397501352
2019-08-05,48081452,1392569814,24300,383110,7708173,1400277987
2019-08-06,65118099,1408760764,92600,437910,8644343,1417405107
2019-08-07,24352617,1390084278,28500,444110,8669027,1398753305
2019-08-08,18108930,1381205534,32600,437910,8670618,1389876152
2019-08-09,34232805,1332145382,46600,438610,8846763,1340992145
2019-08-12,29015233,1342102932,21900,443210,8997163,1351100095
2019-08-13,24941457,1341311964,31600,276810,5586025,1346897989
2019-08-14,57326301,1362494267,5400,264610,5390105,1367884372
2019-08-15,25709477,1354365504,600,219710,4462310,1358827814
2019-08-16,76537469,1356093172,36000,247110,5137416,1361230588
2019-08-19,71721766,1347193732,37900,273710,5851919,1353045651
2019-08-20,37657737,1336675688,31200,282210,5954631,1342630319
2019-08-21,76280676,1374002474,15700,269410,5603728,1379606202
2019-08-22,89496134,1397226602,10200,275610,5895297,1403121899
2019-08-23,103966968,1350451439,31500,304510,6486063,1356937502
2019-08-26,132463092,1357713535,89100,358310,7807574,1365521109
2019-08-27,73131371,1266077511,24800,291510,6617277,1272694788
2019-08-28,45052229,1242672075,3600,281910,6289412,1248961487
2019-08-29,105572553,1241849629,132400,384710,9125321,1250974950
2019-08-30,81046242,1227488657,22300,295710,6975798,1234464455
2019-09-02,75861100,1234742868,41100,320410,7564880,1242307748
2019-09-03,72822202,1236444270,22100,311810,7489676,1243933946
2019-09-04,77364433,1245323377,7000,270410,6327594,1251650971
2019-09-05,73355029,1255179611,45875,292385,6844733,1262024344
2019-09-06,42142803,1245525448,21100,269210,6229519,1251754967
2019-09-09,73933137,1253348874,6700,255810,5883630,1259232504
2019-09-10,92667300,1264213209,156300,401710,9279501,1273492710
2019-09-11,67501506,1262089433,2700,298810,6690355,1268779788
2019-09-12,32343551,1244124698,9600,289310,6486330,1250611028
2019-09-16,71719172,1281286986,500,285310,6302497,1287589483
2019-09-17,59373191,1297192201,21500,240110,5296826,1302489027
2019-09-18,52765523,1287011695,4700,213710,4784966,1291796661
2019-09-19,95759257,1335904022,12000,225510,4979260,1340883282
2019-09-20,62271383,1329638212,45800,258810,5880163,1335518375
2019-09-23,100482142,1365097153,4600,232210,5059855,1370157008
2019-09-24,75948458,1387530646,10000,236010,5130857,1392661503
2019-09-25,50895718,1397030623,26400,251110,5376265,1402406888
2019-09-26,41894856,1403718576,9300,235310,5085049,1408803625
2019-09-27,23351221,1389786579,18000,250110,5369861,1395156440
2019-09-30,10243520,1380996755,1400,234710,5020446,1386017201
2019-10-08,21659537,1390045804,25200,259910,5582866,1395628670
2019-10-09,50369129,1373750767,88600,324410,7198657,1380949424
2019-10-10,53520453,1387986092,3800,257410,5727372,1393713464
2019-10-11,48230229,1401811466,37200,293210,6456484,1408267950
2019-10-14,40382823,1400627045,14600,274610,6066134,1406693179
2019-10-15,72439600,1416512859,12200,233310,4904176,1421417035
2019-10-16,23722820,1396509520,22300,247210,5245796,1401755316
2019-10-17,86777952,1419077322,17400,245910,5041155,1424118477
2019-10-18,49615334,1441584556,6600,228210,4614406,1446198962
2019-10-21,37936424,1460414092,18700,233810,4765047,1465179139
2019-10-22,47172109,1432734567,134800,352510,7370984,1440105551
2019-10-23,22041407,1412578728,16700,246310,5014871,1417593599
2019-10-24,52771654,1429012302,8800,230910,4606654,1433618956
2019-10-25,16441720,1425779642,53800,278210,5656009,1431435651
2019-10-28,49678274,1434930068,3900,161410,3239498,1438169566
2019-10-29,44762229,1445143553,11500,152610,2992682,1448136235
2019-10-30,18808349,1438717539,9500,157310,3089568,1441807107
2019-10-31,57435342,1445446431,175600,312910,6339556,1451785987
2019-11-01,85494746,1419893740,72100,298110,6206650,1426100390
2019-11-04,57242332,1431821325,31800,206610,4299554,1436120879
2019-11-05,61602736,1409114330,74700,267610,5678684,1414793014
2019-11-06,52177452,1369214896,38200,219510,4537271,1373752167
2019-11-07,46126320,1334791321,125934,323044,6864685,1341656006
2019-11-08,52550055,1327833274,4900,215410,4555921,1332389195
2019-11-11,29708217,1332652594,106097,312107,6526157,1339178751
2019-11-12,53365306,1329215415,57900,264810,5759617,1334975032
2019-11-13,80486347,1337332936,41500,249410,5217657,1342550593
2019-11-14,111422756,1353453028,210400,405410,8935236,1362388264
2019-11-15,238227680,1342156724,37000,200610,4483633,1346640357
2019-11-18,252198952,1426256741,221500,396610,9030809,1435287550
2019-11-19,95686181,1420224387,39000,265410,6000920,1426225307
2019-11-20,78767278,1389365122,26100,271910,6104379,1395469501
2019-11-21,50018952,1374459156,34500,293910,6548314,1381007470
2019-11-22,73544638,1376215381,26700,256510,5556006,1381771387
2019-11-25,44993865,1376907063,25300,261810,5689131,1382596194
2019-11-26,43492489,1369518141,113400,355210,7832381,1377350522
2019-11-27,56405670,1375742833,4100,250310,5361640,1381104473
2019-11-28,27854529,1364712742,20600,255310,5463634,1370176376
2019-11-29,20960907,1362338233,12100,263510,5612763,1367950996
2019-12-02,41660560,1360299138,50900,302310,6641751,1366940889
2019-12-03,22862475,1330403449,4000,265810,5823897,1336227346
2019-12-04,43034512,1327215419,28300,260410,5611836,1332827255
2019-12-05,35298586,1330029295,75000,310810,6760118,1336789413
2019-12-06,65020996,1319106049,30100,331210,7399231,1326505280
2019-12-09,52985245,1322843968,6600,334210,7472936,1330316904
2019-12-10,80433943,1334477732,32100,361010,8166046,1342643778
2019-12-11,39834221,1330156243,35200,321610,7081852,1337238095
2019-12-12,106281534,1370270951,189400,479110,10832677,1381103628
2019-12-13,37844782,1326650312,20200,332910,7527095,1334177407
2019-12-16,76959406,1304153912,20400,322510,7195198,1311349110
2019-12-17,90110413,1277973523,31000,305310,6808413,1284781936
2019-12-18,53037232,1263413869,12400,297110,6566131,1269980000
2019-12-19,66251899,1286096003,12400,288310,6446612,1292542615
2019-12-20,41075377,1260581591,29500,287210,6321492,1266903083
2019-12-23,28894135,1261271024,14000,293910,6468959,1267739983
2019-12-24,51828422,1275893440,10400,285810,6202077,1282095517
2019-12-25,18170299,1258558339,9400,247110,5362287,1263920626
2019-12-26,104248628,1287132922,115800,352310,7874129,1295007051
2019-12-27,50277319,1254975923,53900,304110,6748201,1261724124
2019-12-30,51872719,1235486475,4300,261710,5880624,1241367099
2019-12-31,88924081,1218685439,132100,388510,9036743,1227722182
2020-01-02,94486646,1202119445,24000,388810,9024280,1211143725
2020-01-03,68424822,1225207160,11700,265310,6110089,1231317249
2020-01-06,94306711,1233787063,82760,309370,7245445,1241032508
2020-01-07,44566557,1218350085,29244,288454,6836360,1225186445
2020-01-08,30710994,1183434423,14400,258754,6016031,1189450454
2020-01-09,43934453,1167556594,70500,260654,6240056,1173796650
2020-01-10,72258641,1173224343,68500,270054,6629826,1179854169
2020-01-13,61588776,1153825095,65900,279754,6856770,1160681865
2020-01-14,51113360,1146074873,74200,339954,8492051,1154566924
2020-01-15,51641914,1164739481,26000,289254,7211102,1171950583
2020-01-16,46550426,1108678566,19200,247654,6094765,1114773331
2020-01-17,19185071,1037912739,36500,261554,6478693,1044391432
2020-01-20,50718382,1018950177,44200,256754,6382905,1025333082
2020-01-21,28968058,997092122,55800,302054,7530206,1004622328
2020-01-22,73662737,993703575,23100,214010,5196163,998899738
2020-01-23,43154759,992265953,3900,180410,4252264,996518217
2020-02-03,109928489,1027691130,0,173810,3689986,1031381116
2020-02-04,50074608,1012442427,0,172710,3868704,1016311131
2020-02-05,54033991,1016890403,0,169610,3917991,1020808394
2020-02-06,42792016,953765560,200,169810,3926007,957691567
2020-02-07,23413318,930317687,0,169610,3963786,934281473
2020-02-10,43586581,942344201,12400,182010,4264494,946608695
2020-02-11,44301686,930572523,221200,399210,9800606,940373129
2020-02-12,84101789,936054669,7900,224510,5664387,941719056
2020-02-13,74432249,912819840,54300,254310,6492534,919312374
2020-02-14,68332900,908093895,8200,188010,4715291,912809186
2020-02-17,101161828,956918574,11900,197810,5059980,961978554
2020-02-18,129750112,1017519252,104700,296910,7882961,1025402213
2020-02-19,88904291,1002842518,63900,271910,7175705,1010018223
2020-02-20,53457842,985690484,17800,240310,6346587,992037071
2020-02-21,66123387,982556946,22700,238810,6342794,988899740
2020-02-24,86194880,978122865,82700,296310,7887772,986010637
2020-02-25,146839827,1047111926,6000,206240,5442674,1052554600
2020-02-26,41074743,1026963422,2100,200540,5155883,1032119305
2020-02-27,50717118,977068063,31200,229240,5946486,983014549
2020-02-28,73965868,962159331,2400,169340,4081094,966240425
2020-03-02,19143134,923624269,34200,197640,5031914,928656183
2020-03-03,85368178,938680639,78885,252225,6401470,945082109
2020-03-04,178371826,1040279601,91800,299940,8101379,1048380980
2020-03-05,190898141,1117856374,48956,269496,7467734,1125324108
2020-03-06,119199660,1080466877,46100,276196,7567770,1088034647
2020-03-09,147098997,1101952657,134200,360696,10045384,1111998041
2020-03-10,176356284,1078553345,32500,264896,7255502,1085808847
2020-03-11,150458755,1092357319,133500,365496,10073069,1102430388
2020-03-12,148702016,1136662279,24054,228840,6087144,1142749423
2020-03-13,124890565,1186351167,46830,239326,6181790,1192532957
2020-03-16,128940596,1214260416,116000,317226,7749831,1222010247
2020-03-17,57794500,1212310598,46660,250686,6337342,1218647940
2020-03-18,93718392,1208506997,121610,359136,9229795,1217736792
2020-03-19,94338426,1218501086,118800,396221,10733628,1229234714
2020-03-20,185877158,1285446907,37700,280221,7638825,1293085732
2020-03-23,139797001,1254614410,83800,301340,7678143,1262292553
2020-03-24,87840894,1222764954,131300,372970,9529384,1232294338
2020-03-25,90691896,1211917473,34200,365070,9353094,1221270567
2020-03-26,84858535,1224631982,74300,347570,9168896,1233800878
2020-03-27,95585037,1229662557,23100,287270,7411566,1237074123
2020-03-30,158136394,1252620511,82100,349970,9449190,1262069701
2020-03-31,169600030,1332324995,50400,335214,9151342,1341476337
2020-04-01,130583436,1337298938,75300,361614,9568306,1346867244
2020-04-02,260093814,1423654696,177000,463014,12820858,1436475554
2020-04-03,135923299,1425802092,16300,375714,10174335,1435976427
2020-04-07,262987226,1528958319,88000,414114,11644886,1540603205
2020-04-08,176431754,1543266688,66700,393714,10953124,1554219812
2020-04-09,252817806,1532583558,108000,461414,12998032,1545581590
2020-04-10,242801573,1554673322,36100,367214,10127762,1564801084
2020-04-13,237153890,1626695407,21900,313514,8634176,1635329583
2020-04-14,220432165,1662306974,192200,491314,14051580,1676358554
2020-04-15,150557142,1656472321,100300,543014,15584502,1672056823
2020-04-16,139081479,1627165558,73800,493614,13919915,1641085473
2020-04-17,212484082,1634323422,110300,445914,12565856,1646889278
2020-04-20,117677427,1635712188,38700,412514,11488515,1647200703
2020-04-21,103748699,1622491356,39800,435614,11935824,1634427180
2020-04-22,106198673,1610930759,50200,370114,10344687,1621275446
2020-04-23,140242621,1507840716,19300,323214,8707385,1516548101
2020-04-24,83842739,1495088972,14700,296314,7831579,1502920551
2020-04-27,109075734,1515251912,55300,304614,8364700,1523616612
2020-04-28,93160169,1512360386,7300,284914,7641394,1520001780
2020-04-29,135495122,1563888302,60400,340214,9148355,1573036657
2020-04-30,97991309,1557780495,26400,294914,8048204,1565828699
2020-05-06,112342459,1582254677,24500,311714,8578370,1590833047
2020-05-07,106873600,1579195857,10000,286314,7733340,1586929197
2020-05-08,90202989,1587097610,11400,294014,7961899,1595059509
2020-05-11,126059322,1632015307,89400,372514,9949848,1641965155
2020-05-12,138403858,1676335393,25500,313814,8250171,1684585564
2020-05-13,54040728,1679716270,1600,284514,7511170,1687227440
2020-05-14,58977412,1687803103,11400,272814,7071339,1694874442
2020-05-15,69363937,1674776494,74800,306314,7924343,1682700837
2020-05-18,73031392,1654821656,11500,264114,6896016,1661717672
2020-05-19,58055101,1657637343,7200,267514,7019568,1664656911
2020-05-20,35080969,1639472883,3700,266414,6916107,1646388990
2020-05-21,69120872,1661319764,1400,266914,6859690,1668179454
2020-05-22,39857793,1629307323,18500,241614,6040350,1635347673
2020-05-25,32714707,1615660337,56200,288614,7423153,1623083490
2020-05-26,45878820,1617655086,9200,250514,6513364,1624168450
2020-05-27,36687226,1616027011,32400,275304,7023004,1623050015
2020-05-28,64336037,1630709225,54300,286714,7156381,1637865606
2020-05-29,39248322,1617854104,19700,271314,6864244,1624718348
2020-06-01,42645295,1581706302,30300,271114,7081498,1588787800
2020-06-02,39294024,1591194861,0,249714,6462598,1597657459
2020-06-03,34854264,1569392716,7700,253814,6606778,1575999494
2020-06-04,24300258,1560892906,39500,290814,7668765,1568561671
2020-06-05,41710658,1569508119,15800,268514,7075344,1576583463
2020-06-08,53317080,1593992138,32900,291884,7603579,1601595717
2020-06-09,157392167,1563386247,81900,288314,7925753,1571312000
2020-06-10,108222838,1625170603,26700,237814,6535128,1631705731
2020-06-11,66373889,1615988974,17100,236814,6448445,1622437419
2020-06-12,90223312,1617391982,47400,267514,7263006,1624654988
2020-06-15,119618783,1624612237,48600,267913,7287234,1631899471
2020-06-16,119774717,1662726950,34600,233713,6466838,1669193788
2020-06-17,315941659,1825623978,70900,290813,8230008,1833853986
2020-06-18,141704677,1867706636,24300,263213,7219932,1874926568
2020-06-19,143588764,1919708208,58000,283513,7824958,1927533166
2020-06-22,142215901,1975308516,45500,270813,7517768,1982826284
2020-06-23,242255345,1987082261,22100,265113,7311817,1994394078
2020-06-24,101568290,1903223209,41000,242713,6844507,1910067716
2020-06-29,184100443,1976832999,123600,336013,9663733,1986496732
2020-06-30,230205489,2047753342,97500,333783,9713085,2057466427
2020-07-01,115848674,2041951511,83600,302483,8729659,2050681170
2020-07-02,155762161,2011834726,65100,255283,7392995,2019227721
2020-07-03,175423261,2006079907,77600,271983,7705279,2013785186
2020-07-06,190200467,1990018396,37200,268283,7839230,1997857626
2020-07-07,277304640,2068210252,70200,318383,9347725,2077557977
2020-07-08,150342714,2055030066,25800,287283,8388664,2063418730
2020-07-09,325689539,2191125235,63600,291083,8674273,2199799508
2020-07-10,325713566,2304635477,53300,290683,8828043,2313463520
2020-07-13,225004860,2235659196,180400,431283,13387025,2249046221
2020-07-14,155443946,2206629529,39600,403683,12364810,2218994339
2020-07-15,225589371,2028710169,249300,586583,18776521,2047486690
2020-07-16,243938706,2109903182,40000,486383,14387209,2124290391
2020-07-17,153122264,2112324558,10200,441383,13087006,2125411564
2020-07-20,137209500,2116333880,36550,468033,14345212,2130679092
2020-07-21,94259125,2097742275,9500,466533,14229257,2111971532
2020-07-22,188518706,2162246112,19200,475933,14335102,2176581214
2020-07-23,153107798,2200274174,172000,603033,18585477,2218859651
2020-07-24,154353317,2094056870,115489,682622,19488858,2113545728
2020-07-27,63412035,2070327915,7300,636592,18302020,2088629935
2020-07-28,54750972,2058577392,37700,655792,19050757,2077628149
2020-07-29,99846924,2074686342,174200,809392,23852783,2098539125
2020-07-30,107199333,2016543521,54781,855673,25242354,2041785875
2020-07-31,91524566,2023949830,22800,837373,24652261,2048602091
2020-08-03,180956865,2085710148,38300,862773,25831424,2111541572
2020-08-04,141467821,2095391195,991919,1637792,48101951,2143493146
2020-08-05,100182924,2102086439,42447,1648539,48302193,2150388632
2020-08-06,309205295,2168814977,100000,1739839,52717122,2221532099
2020-08-07,149686707,2190916577,19900,1678939,49814120,2240730697
2020-08-10,231811425,2264647214,41100,1517539,47043709,2311690923
2020-08-11,326495485,2415481980,88700,1587939,48622692,2464104672
2020-08-12,104536587,2388842114,41500,1502739,44856759,2433698873
2020-08-13,97997979,2403406671,194500,1680839,49769643,2453176314
2020-08-14,65583474,2385898314,130200,1808039,54331571,2440229885
2020-08-17,163710701,2449910249,63100,1792039,54854314,2504764563
2020-08-18,115693848,2424398243,17200,1800839,55916050,2480314293
2020-08-19,134753903,2436425624,65100,1730139,52163691,2488589315
2020-08-20,73957186,2421793020,25400,1603550,47256619,2469049639
2020-08-21,119809401,2428388387,850900,2431450,74402369,2502790756
2020-08-24,247722585,2346067134,1069300,3486850,114856839,2460923973
2020-08-25,148450231,2307926995,385500,3751850,122798050,2430725045
2020-08-26,142059019,2312692772,335800,4005950,128991590,2441684362
2020-08-27,117826493,2336084908,405600,4372450,141667381,2477752289
2020-08-28,167552824,2333456930,95700,4437750,144892538,2478349468
2020-08-31,141063805,2348209911,142300,4549850,149098585,2497308496
2020-09-01,237274584,2368270276,1635500,6177450,213060251,2581330527
2020-09-02,217923819,2415345934,42100,6066550,212693243,2628039177
2020-09-03,151912837,2475607685,10900,6015550,207115386,2682723071
2020-09-04,84053457,2481940301,47100,5950550,202140184,2684080485
2020-09-07,186405870,2530992861,37800,5938650,191818395,2722811256
2020-09-08,101113413,2529630717,87598,5991748,192155358,2721786075
2020-09-09,98866579,2519342158,42400,5986050,183532293,2702874451
2020-09-10,102187898,2555244134,33700,5921550,182739032,2737983166
2020-09-11,66916748,2554910226,59500,5974050,187943613,2742853839
2020-09-14,128502591,2618107773,10300,5951750,184444734,2802552507
2020-09-15,151854695,2701229010,126000,6003050,190536808,2891765818
2020-09-16,65065792,2710350076,25800,5958450,185784470,2896134546
2020-09-17,85006861,2702152372,44400,5985006,184338185,2886490557
2020-09-18,55836928,2668896346,69000,6048726,190958280,2859854626
2020-09-21,46157318,2656323200,14600,6029426,189625448,2845948648
2020-09-22,70711490,2653212452,45000,5763526,177516601,2830729053
2020-09-23,44556058,2632896292,600600,6261026,191211734,2824108026
2020-09-24,51446270,2616012461,405000,6648926,196741721,2812754182
2020-09-25,27493250,2580181840,27702,6651428,198013012,2778194852
2020-09-28,28875506,2574758334,24300,6624128,194418157,2769176491
2020-09-29,57415402,2602475653,6100,6601728,195477166,2797952819
2020-09-30,64528723,2550134288,196400,6744928,200931405,2751065693
2020-10-09,126989337,2585112923,17300,6753928,205251872,2790364795
2020-10-12,82076767,2568268043,140500,6890028,212764064,2781032107
2020-10-13,109900950,2550159987,1187400,7961628,242829655,2792989642
2020-10-14,97220861,2568377472,144004,8046083,243474472,2811851944
2020-10-15,147856313,2605032746,166100,8068079,237604927,2842637673
2020-10-16,59069719,2600556821,44400,8044779,234907546,2835464367
2020-10-19,74663075,2591033968,80500,8076028,230247558,2821281526
2020-10-20,58536670,2548826175,58800,8094528,234174695,2783000870
2020-10-21,37481081,2535062508,36400,8116993,235473966,2770536474
2020-10-22,42080354,2540933087,19600,8114293,232231066,2773164153
2020-10-23,48159933,2532359156,26670,7747963,217407841,2749766997
2020-10-26,35420971,2522151536,28000,7761293,218092334,2740243870
2020-10-27,51713997,2514040981,104831,7814124,225828183,2739869164
2020-10-28,75285658,2489332311,116200,7778878,230177000,2719509311
2020-10-29,107447603,2514709686,16200,7779078,228082567,2742792253
2020-10-30,88513593,2538191895,11700,7709593,223963676,2762155571
2020-11-02,120593317,2578063604,64000,7763493,218542328,2796605932
2020-11-03,154640053,2693155602,254349,7961942,226198772,2919354374
2020-11-04,90002689,2737592428,130600,8067091,230315448,2967907876
2020-11-05,259218584,2753148554,109800,8112491,244916104,2998064658
2020-11-06,125611711,2779418418,214500,7186191,214435939,2993854357
2020-11-09,155714882,2831402072,272200,7438091,224109681,3055511753
2020-11-10,71365560,2818245385,93100,7483091,226363503,3044608888
2020-11-11,152892232,2868700062,167700,7532191,232895346,3101595408
2020-11-12,79773686,2831692743,104600,7485173,235333839,3067026582
2020-11-13,114078788,2798410846,83800,7441873,231591088,3030001934
2020-11-16,206766722,2766564187,149000,7506373,247334991,3013899178
2020-11-17,185469074,2803394962,894832,8276905,272392943,3075787905
2020-11-18,88941420,2841147720,235100,8217320,271171560,3112319280
2020-11-19,74435425,2826105463,121500,8201923,268202882,3094308345
2020-11-20,72946979,2810125776,100000,8220423,273822290,3083948066
2020-11-23,61491811,2749112386,204200,8406523,277247129,3026359515
2020-11-24,42336598,2739333070,13200,8295623,274585122,3013918192
2020-11-25,61114086,2655682964,56780,8232850,260899017,2916581981
2020-11-26,33787877,2628364377,140413,8295363,263045961,2891410338
2020-11-27,30105132,2629179996,56600,7935665,252354148,2881534144
2020-11-30,56237903,2642728761,47600,7763995,246895042,2889623803
2020-12-01,77557248,2665959758,106700,7828701,259130003,2925089761
2020-12-02,47349574,2659649292,42607,7737413,255179881,2914829173
2020-12-03,91329237,2695947960,77303,6820884,225566634,2921514594
2020-12-04,33346095,2697203399,2600,6715354,221539530,2918742929
2020-12-07,54068090,2705224057,28200,6667613,217364183,2922588240
2020-12-08,44151998,2693197463,40554,6693980,219562544,2912760007
2020-12-09,133418967,2725049299,37900,6698726,223737449,2948786748
2020-12-10,48098323,2702585110,19400,6691126,223015230,2925600340
2020-12-11,46356626,2684095898,71300,6701366,221145078,2905240976
2020-12-14,41569266,2677778703,35100,6682896,217595093,2895373796
2020-12-15,42010998,2693405252,38800,6703796,218677826,2912083078
2020-12-16,57570365,2651435738,5400,6525196,215135712,2866571450
2020-12-17,45746194,2665011582,28000,6550096,216022166,2881033748
2020-12-18,57382924,2647446885,14400,6474896,209527634,2856974519
2020-12-21,63910305,2669108656,16700,6462796,206292448,2875401104
2020-12-22,32321252,2645244811,34770,6467266,205335696,2850580507
2020-12-23,45915039,2622316686,21900,6465266,205466154,2827782840
2020-12-24,17737064,2609760012,21600,6478766,204469854,2814229866
2020-12-25,57471175,2603247212,17700,6454932,211011727,2814258939
2020-12-28,31692645,2567973970,12100,6457632,211874905,2779848875
2020-12-29,39931154,2558495571,19900,6441432,210634826,2769130397
2020-12-30,87477352,2545275705,35800,6465206,215614620,2760890325
2020-12-31,74151327,2518108798,35300,6479506,218229762,2736338560
2021-01-04,115779892,2490279553,40800,6454006,221630567,2711910120
2021-01-05,269398838,2443907879,134900,6540106,247019803,2690927682
2021-01-06,168293644,2426854404,1500,6432576,241028623,2667883027
2021-01-07,192701982,2440733778,56180,6408756,251800023,2692533801
2021-01-08,119945106,2425752391,12100,6384456,240821680,2666574071
2021-01-11,77851335,2321609998,31000,6334986,236294978,2557904976
2021-01-12,116946496,2340790723,25500,6344586,248136758,2588927481
2021-01-13,104008035,2234299491,42600,6362986,240711760,2475011251
2021-01-14,93856660,2211493476,57300,6397386,244955910,2456449386
2021-01-15,98823028,2225935703,38000,6378386,240911639,2466847342
2021-01-18,70149331,2221333151,51070,6417856,250296384,2471629535
2021-01-19,101675039,2258031167,35870,6179426,242604265,2500635432
2021-01-20,116906329,2256812183,92287,6248413,256497353,2513309536
2021-01-21,98735992,2243085459,38100,6227613,256889037,2499974496
2021-01-22,91604177,2233716027,55350,6233943,255279967,2488995994
2021-01-25,102590064,2212533632,134296,6212839,249196971,2461730603
2021-01-26,107601324,2173426003,48800,6175139,240027653,2413453656
2021-01-27,53526606,2170246225,69200,6177587,242593843,2412840068
2021-01-28,69899325,2186566956,46100,6144487,229803813,2416370769
2021-01-29,38258868,2164903333,30900,5387787,200156286,2365059619
2021-02-01,59928073,2156800247,43900,5394387,202990783,2359791030
2021-02-02,63799685,2073984180,67130,5437817,210171627,2284155807
2021-02-03,45988995,2066134184,9000,5422117,207775524,2273909708
2021-02-04,66485973,2071231367,30947,5417114,205525305,2276756672
2021-02-05,149138669,2136787707,35800,5443214,197643101,2334430808
2021-02-08,260013301,2267898085,87700,5431664,210694246,2478592331
2021-02-09,177896568,2341158943,79971,5459235,218369400,2559528343
2021-02-10,143653510,2398580854,22733,4280368,172627241,2571208095
2021-02-18,162105877,2411611164,64900,4340168,185542182,2597153346
2021-02-19,141946161,2388690205,42700,4238868,182144159,2570834364
2021-02-22,95233605,2333128459,94700,4281868,188530647,2521659106
2021-02-23,83319356,2308139953,68500,4301068,187913661,2496053614
2021-02-24,79616780,2275280590,52800,3994649,167535578,2442816168
2021-02-25,104686674,2230581643,172200,3272549,145301176,2375882819
2021-02-26,75505715,2229746013,49900,3033549,131534684,2361280697
2021-03-01,85079084,2175762963,276000,3271802,147361962,2323124925
2021-03-02,108691900,2177418732,23700,2993302,131645421,2309064153
2021-03-03,75530717,2136863613,106200,3061502,137094059,2273957672
2021-03-04,195592965,2250762367,112150,3053552,129409533,2380171900
2021-03-05,93507540,2286729458,161200,3147452,132161510,2418890968
2021-03-08,57318707,2250699342,44600,1907252,78674145,2329373487
2021-03-09,85275505,2244625203,91500,1938452,76743315,2321368518
2021-03-10,35223935,2202528437,113600,2026352,80810918,2283339355
2021-03-11,28838313,2174832398,40300,1966952,79366513,2254198911
2021-03-12,45885920,2161576574,40500,1986052,82997113,2244573687
2021-03-15,61941940,2185980960,28600,1976952,80620102,2266601062
2021-03-16,55360126,2205770018,25400,1972852,79624306,2285394324
2021-03-17,34463596,2201106397,44700,1996152,81462963,2282569360
2021-03-18,26698390,2198631926,32500,1911552,77953090,2276585016
2021-03-19,54142491,2218620362,60600,1917752,75559429,2294179791
2021-03-22,87742501,2270940568,70000,1546952,61924488,2332865056
2021-03-23,81041231,2314831102,54700,1206952,46793530,2361624632
2021-03-24,38192937,2312965772,65200,1204252,45026984,2357992756
2021-03-25,31447575,2313723660,63300,1227952,45765771,2359489431
2021-03-26,61454799,2336695323,27600,1195652,45374994,2382070317
2021-03-29,35997856,2270035832,77500,1248652,47436290,2317472122
2021-03-30,48777698,2275227303,30300,1220352,46983553,2322210856
2021-03-31,36137108,2262030538,21993,1223745,46783770,2308814308
2021-04-01,47452238,2264457959,26700,1222545,47495874,2311953833
2021-04-02,24299401,2234941293,23500,1214623,46993764,2281935057
2021-04-06,85478353,2168123355,22900,1192123,46313979,2214437334
2021-04-07,37252902,2175644333,11000,1165723,44297474,2219941807
2021-04-08,48613258,2178854009,49400,1117923,43576637,2222430646
2021-04-09,37084683,2189537792,11700,1093923,41842555,2231380347
2021-04-12,62633972,2211545285,120900,1149323,41731918,2253277203
2021-04-13,29287038,2215963715,40400,1161023,42203186,2258166901
2021-04-14,29879457,2222471206,20600,1171623,42565064,2265036270
2021-04-15,29065872,2221860289,35600,1129223,41024672,2262884961
2021-04-16,21578808,2217536584,27100,1119823,40783954,2258320538
2021-04-19,40314303,2209177592,53700,1134823,42158674,2251336266
2021-04-20,35825212,2220390067,39900,1126923,41639805,2262029872
2021-04-21,20285304,2218010906,63500,1173623,43424051,2261434957
2021-04-22,35347707,2219039720,38000,1189923,43670174,2262709894
2021-04-23,75596572,2242038336,45300,1210723,45862188,2287900524
2021-04-26,54538908,2227627569,65400,1242023,47072671,2274700240
2021-04-27,32203503,2210363148,17600,1204823,46457975,2256821123
2021-04-28,71722680,2238362896,22400,1171423,46001781,2284364677
2021-04-29,94995550,2238304441,44700,1143623,44749968,2283054409
2021-04-30,48566499,2228772718,19800,1115723,43635926,2272408644
2021-05-06,35316640,2224367252,45000,1144423,43945843,2268313095
2021-05-07,68408225,2238944313,98600,1226923,47543266,2286487579
2021-05-10,52222199,2247271689,18200,1191323,45996980,2293268669
2021-05-11,41933122,2233401134,33600,1203023,46484810,2279885944
2021-05-12,38345696,2245028716,9000,1183223,45707905,2290736621
2021-05-13,58361995,2238325384,19100,1120423,43651680,2281977064
2021-05-14,92454532,2245235400,140543,1212376,48737515,2293972915
2021-05-17,115311741,2286673773,94900,1276176,52323216,2338996989
2021-05-18,81706679,2283158450,46538,1288504,51707664,2334866114
2021-05-19,35255475,2274419489,18100,1416568,46449264,2320868753
2021-05-20,52679646,2277345661,23780,1388042,45000322,2322345983
2021-05-21,44194975,2291197113,11100,1354322,44137352,2335334465
2021-05-24,49742670,2285309866,36880,1363062,44803850,2330113716
2021-05-25,108220527,2304139232,135820,1416950,47538673,2351677905
2021-05-26,77526670,2321724984,23000,1288357,43005356,2364730340
2021-05-27,58649207,2326350807,13420,1249537,41597086,2367947893
2021-05-28,152108781,2339819936,47985,1241222,39979761,2379799697
2021-05-31,48093187,2294712514,82226,1283768,40990713,2335703227
2021-06-01,47468873,2288371734,40500,1313968,42165230,2330536964
2021-06-02,111621605,2241778552,52009,1355377,42572395,2284350947
2021-06-03,35753902,2211304562,15500,1301977,41103413,2252407975
2021-06-04,29675021,2200642246,67060,1338477,41934485,2242576731
2021-06-07,22759242,2178500083,30600,1352377,42667495,2221167578
2021-06-08,77905694,2215870727,101020,1386117,44563662,2260434389
2021-06-09,52698958,2211788297,84300,1256817,40218144,2252006441
2021-06-10,70799404,2235048022,197800,1419597,44504366,2279552388
2021-06-11,108337852,2285308581,15500,1422777,43793076,2329101657
2021-06-15,51209673,2311244393,5680,1406557,42379562,2353623955
2021-06-16,89541473,2384414977,13700,1413577,42124595,2426539572
2021-06-17,43775544,2400465813,11200,1414077,41474880,2441940693
2021-06-18,96684360,2455528266,21700,1421377,41291002,2496819268
2021-06-21,36440959,2468818782,28400,1275357,36806803,2505625585
2021-06-22,27157096,2470279708,29000,1149437,33506089,2503785797
2021-06-23,36424295,2469948430,155100,1187959,34759681,2504708111
2021-06-24,47512741,2484847853,29000,1142059,33736422,2518584275
2021-06-25,54807185,2493259229,60400,1156959,34361682,2527620911
2021-06-28,37629710,2488502305,9500,1147659,34005137,2522507442
2021-06-29,90600968,2524150073,25700,1125919,32178766,2556328839
2021-06-30,48182961,2541194397,54040,1098570,31506989,2572701386
2021-07-01,31748177,2506646783,22600,1112170,31930401,2538577184
2021-07-02,27300375,2493884568,46580,1150450,32557735,2526442303
2021-07-05,35451992,2466321230,64829,1163979,32800929,2499122159
2021-07-06,45733048,2457503903,49100,1190579,34050559,2491554462
2021-07-07,29291166,2437580108,4600,1177779,33248703,2470828811
2021-07-08,53923940,2440057363,26040,1152847,31818577,2471875940
2021-07-09,23046669,2419932172,24480,1147227,32110883,2452043055
2021-07-12,42815132,2418767342,37500,1155227,32288595,2451055937
2021-07-13,67883024,2446491509,38000,1144067,32754639,2479246148
2021-07-14,58865855,2471848684,24800,1130267,32359545,2504208229
2021-07-15,92412224,2520750271,52942,1158475,32541563,2553291834
2021-07-16,55804168,2518668322,26800,1152915,32708198,2551376520
2021-07-19,41158371,2523246808,44300,1160066,32481848,2555728656
2021-07-20,34844512,2504674368,47120,1156506,32370602,2537044970
2021-07-21,67356038,2502753416,48240,1161446,32079139,2534832555
2021-07-22,41429599,2508099383,22100,1151268,31694408,2539793791
2021-07-23,82747422,2535323311,30400,1088268,29034990,2564358301
2021-07-26,51195105,2517450843,8600,1079308,28601662,2546052505
2021-07-27,58422886,2507562695,11300,1036888,26730974,2534293669
2021-07-28,44859574,2502110289,68600,1056364,27465464,2529575753
2021-07-29,17855658,2486519386,52400,964424,25557236,2512076622
2021-07-30,28858206,2486856150,83780,990484,25623821,2512479971
2021-08-02,65979295,2490547453,95600,946984,25672737,2516220190
2021-08-03,68696506,2502600942,130980,968564,26344940,2528945882
2021-08-04,45911506,2518907725,70040,966304,26051556,2544959281
2021-08-05,23994379,2476237492,88380,950004,25213105,2501450597
2021-08-06,43864254,2479178738,105880,971504,25074518,2504253256
2021-08-09,60050493,2496388492,127824,955828,25138277,2521526769
2021-08-10,78871084,2519662804,146580,994988,26586079,2546248883
2021-08-11,76393629,2560729073,61100,895425,23701899,2584430972
2021-08-12,60887805,2560129937,176036,1057061,27494158,2587624095
2021-08-13,155861437,2592333308,154700,1085285,29693399,2622026707
2021-08-16,249958788,2696841745,221480,1197665,34301124,2731142869
2021-08-17,187923596,2775158303,120960,1039445,28304088,2803462391
2021-08-18,128811616,2757245693,237483,1167228,32390577,2789636270
2021-08-19,250204951,2870880348,231540,1288350,37091596,2907971944
2021-08-20,193481350,2922268814,163400,1371810,39027994,2961296808
2021-08-23,120123858,2846581530,95616,1407726,39810491,2886392021
2021-08-24,158502568,2818663899,207500,1452310,43133607,2861797506
2021-08-25,137870960,2851798881,174700,1549410,45785066,2897583947
2021-08-26,94695386,2850247355,51300,1518050,44539587,2894786942
2021-08-27,95436389,2831766476,82742,1563592,45844519,2877610995
2021-08-30,111076263,2814108138,71280,1490892,42699146,2856807284
2021-08-31,56613171,2787308869,106400,1551792,44645056,2831953925
2021-09-01,88396563,2752495476,139520,1562992,46202045,2798697521
2021-09-02,103510504,2635224364,92040,1500632,45018960,2680243324
2021-09-03,138372897,2585984246,61982,1473854,44923069,2630907315
2021-09-06,101833147,2560631467,35580,1479734,44850739,2605482206
2021-09-07,68220041,2533919267,40340,1364274,41487572,2575406839
2021-09-08,68415286,2514440794,86142,1368036,40890594,2555331388
2021-09-09,67128417,2346246188,38700,1251565,37859842,2384106030
2021-09-10,67808021,2335371332,115200,1337865,39814863,2375186195
2021-09-13,71421622,2330704887,62900,1185185,34832586,2365537473
2021-09-14,59992088,2289138480,124120,1251605,37360410,2326498890
2021-09-15,56055316,2277410702,81410,1309715,38767564,2316178266
2021-09-16,193342892,2323877199,132880,1206415,36831851,2360709050
2021-09-17,123645513,2333542441,196800,1330615,41182534,2374724975
2021-09-22,178794746,2423962883,76600,1301315,38349752,2462312635
2021-09-23,76038407,2439500915,423800,1691515,49662882,2489163797
2021-09-24,94350028,2407176200,39300,1680915,47485849,2454662049
2021-09-27,144320489,2453928306,84500,1314045,35466074,2489394380
2021-09-28,52346676,2462347875,63041,1235943,33098553,2495446428
2021-09-29,73063313,2493226335,170960,1329986,34912133,2528138468
2021-09-30,32473414,2470023138,23300,1240826,33328588,2503351726
2021-10-08,70099516,2486836765,110800,1321846,35200759,2522037524
2021-10-11,67077228,2467308845,108030,1330056,35911512,2503220357
2021-10-12,80545189,2391534134,167600,1468556,38109027,2429643161
2021-10-13,74171952,2384774902,42800,1356056,35664274,2420439176
2021-10-14,34693780,2364694578,46400,1260156,32978282,2397672860
2021-10-15,49384114,2361173879,36800,1228256,31529331,2392703210
2021-10-18,48778154,2370779627,50900,1189256,30896871,2401676498
2021-10-19,39572007,2373773143,283129,1456553,38045164,2411818307
2021-10-20,39817567,2376576863,29668,1436321,37918874,2414495737
2021-10-21,18034048,2355687458,79260,1502881,39736173,2395423631
2021-10-22,104681832,2408496298,64800,1566081,41266234,2449762532
2021-10-25,35754128,2392616174,25700,1586281,41909544,2434525718
2021-10-26,36437878,2371039485,27800,1518241,40992507,2412031992
2021-10-27,33145660,2361673317,65960,1578101,42592945,2404266262
2021-10-28,20765750,2352662461,9479,1581080,42404566,2395067027
2021-10-29,32074811,2320598654,36460,1582872,42959145,2363557799
2021-11-01,31467178,2321224547,27100,1603372,43515515,2364740062
2021-11-02,76211146,2332602207,150440,1709012,45237548,2377839755
2021-11-03,18951757,2327524390,38600,1739812,46018027,2373542417
2021-11-04,268471811,2443126963,51300,1423221,39964045,2483091008
2021-11-05,84786274,2468625317,42500,1418371,39572551,2508197868
2021-11-08,164836577,2542529051,225380,1570651,45470346,2587999397
2021-11-09,156207877,2634147947,62800,1145630,33200357,2667348304
2021-11-10,98991987,2679002089,175654,1257925,36643355,2715645444
2021-11-11,56781283,2637088975,52400,1174005,33846563,2670935538
2021-11-12,101535811,2651768718,9100,900755,25788615,2677557333
2021-11-15,59615206,2670633852,8600,886755,25139504,2695773356
2021-11-16,78296943,2666131224,294710,1178465,34293332,2700424556
2021-11-17,262582125,2757076004,66500,1114145,34371373,2791447377
2021-11-18,149754286,2774643285,40100,977085,29322322,2803965607
2021-11-19,80549917,2764022735,12700,953185,28891038,2792913773
2021-11-22,137948448,2761364901,308618,1162703,34241604,2795606505
2021-11-23,74230779,2754046894,30300,914163,26263902,2780310796
2021-11-24,111398153,2792188241,147540,1039503,30197562,2822385803
2021-11-25,59919734,2769364477,164917,1196620,34797708,2804162185
2021-11-26,45267764,2748539711,15100,1211220,35343399,2783883110
2021-11-29,106195502,2745088272,49160,1254380,36816053,2781904325
2021-11-30,67945899,2746467245,8600,1242780,36077903,2782545148
2021-12-01,52500284,2718445713,16200,1213180,35242879,2753688592
2021-12-02,65265612,2673132395,97940,1209377,35434746,2708567141
2021-12-03,70608171,2651312736,61400,1187477,34139964,2685452700
2021-12-06,46982012,2631286285,38500,1153777,32432673,2663718958
2021-12-07,97969185,2680830806,27300,1101845,31656006,2712486812
2021-12-08,54687269,2689987432,73200,1120845,32695049,2722682481
2021-12-09,41580688,2683879688,21800,1100645,31819648,2715699336
2021-12-10,73526978,2707515403,67400,1155845,32687296,2740202699
2021-12-13,97880732,2766531149,68600,1191945,33589010,2800120159
2021-12-14,37076732,2774517734,31100,1158845,32772136,2807289870
2021-12-15,99049905,2814035182,43100,1174714,32680543,2846715725
2021-12-16,52084141,2829726637,19000,948614,26333526,2856060163
2021-12-17,28076863,2793477339,165153,1098067,30328611,2823805950
2021-12-20,25339125,2778148805,82300,1057730,29352008,2807500813
2021-12-21,27972795,2761118539,58082,1000931,28296320,2789414859
2021-12-22,86271111,2801208721,241800,1207908,34775670,2835984391
2021-12-23,100747310,2621464745,17500,1108808,33264240,2654728985
2021-12-24,56608920,2599093701,2000,1096557,32776087,2631869788
2021-12-27,40601986,2542812484,2300,1076757,32722644,2575535128
2021-12-28,129295503,2557501176,30900,1096757,34328494,2591829670
2021-12-29,45907080,2542619492,25300,1115257,34539510,2577159002
